0.73	0.563269	-0.49527	1.94936	4.25782	0.491065	1.42315	-0.0275614	1.57796	-0.533994	-0.00629738	-1.06539	-0.00632906	0.531415	-0.74774	-0.259638	0.111461	-0.0368115	0.215054	-0.0361213	-0.103056	-1.76394	-259.638	111.461	-36.8115	215.054	-36.1213	-103.056	-1763.94	-0.609006	0.585979	-2.11	-4.23556	-0.522789	-1.40835	0.0304961	0	0	0	0	0	0	0	0	0	0	0	0	0	0	2.77556e-17	0.411733	-0.10838	4.75485	0.155848	1.61475	3.64737e-07	-0.327918	-0.302778	-1.69639	0.0693825	-0.0623431	4.63178e-07	
0.74	0.350942	-0.29027	1.20586	4.36877	0.344123	1.46921	-0.0138153	1.57553	-0.533189	-0.00650305	-1.06384	-0.00653466	0.530671	-0.764603	-0.231743	0.0573397	-0.00901986	0.110149	-0.00913674	-0.0528693	-1.62619	27.895	-54.121	27.7916	-104.904	26.9846	50.1871	137.746	-0.390969	0.328124	-1.34594	-4.35878	-0.372004	-1.4628	0.0164168	1.57796	-0.533994	-0.00629738	-1.06539	-0.00632906	0.531415	-0.74774	0	0	0	0	0	0	0	1.11022e-16	0.407071	-0.108126	4.74654	0.15707	1.61483	3.28524e-07	-0.223184	-0.19227	-1.76763	0.0705756	-0.0686442	4.83095e-07	
0.75	0.189705	-0.18696	0.642396	4.38271	0.231309	1.48471	-0.00323292	1.57331	-0.532864	-0.00649068	-1.06322	-0.00652216	0.530372	-0.780208	-0.21565	0.0128746	0.00836374	0.0247955	0.00842195	-0.0118613	-1.50943	16.0933	-44.4651	17.3836	-85.3538	17.5587	41.008	116.765	-0.219964	0.200621	-0.748045	-4.38533	-0.252563	-1.4836	0.0052292	1.57553	-0.533189	-0.00650305	-1.06384	-0.00653466	0.530671	-0.764603	1.57796	-0.533994	-0.00629738	-1.06539	-0.00632906	0.531415	-0.74774	-2.77556e-17	0.405206	-0.109495	4.74318	0.158304	1.61486	3.35503e-07	-0.14018	-0.103999	-1.79117	0.0710199	-0.0695345	5.28163e-07	
0.76	0.0662471	-0.180075	0.211495	4.35778	0.144619	1.48143	0.00496353	1.57119	-0.532967	-0.006347	-1.06342	-0.00637931	0.530468	-0.794739	-0.208616	-0.0295043	0.0180895	-0.0568628	0.0179992	0.0274181	-1.40905	7.03335	-42.3789	9.7258	-81.6584	9.57726	39.2795	100.374	-0.0868966	0.184111	-0.283505	-4.36951	-0.159292	-1.48321	-0.00357483	1.57331	-0.532864	-0.00649068	-1.06322	-0.00652216	0.530372	-0.780208	1.57553	-0.533189	-0.00650305	-1.06384	-0.00653466	0.530671	-0.764603	0	0.405791	-0.111832	4.74425	0.159552	1.61486	4.43557e-07	-0.0739627	-0.0356458	-1.7869	0.0725868	-0.0696338	5.67321e-07	
0.77	-0.0279197	-0.220061	-0.117012	4.31154	0.0782387	1.46801	0.0112918	1.56911	-0.533507	-0.00614033	-1.06446	-0.00617177	0.530969	-0.808337	-0.209093	-0.0746846	0.0219792	-0.144005	0.0218912	0.0693202	-1.32096	-0.476837	-45.1803	3.88967	-87.142	3.892	41.9021	88.0957	0.00918139	0.216274	0.0514678	-4.32541	-0.0914079	-1.47132	-0.0100424	1.57119	-0.532967	-0.006347	-1.06342	-0.00637931	0.530468	-0.794739	1.57331	-0.532864	-0.00649068	-1.06322	-0.00652216	0.530372	-0.780208	2.77556e-17	0.408855	-0.114639	4.74988	0.160834	1.61482	4.04051e-07	-0.0271686	0.0152812	-1.76885	0.0735548	-0.0713606	5.98678e-07	
0.78	-0.099416	-0.273016	-0.366629	4.25497	0.0276894	1.45005	0.016153	1.56699	-0.534526	-0.00592078	-1.06643	-0.00595302	0.531914	-0.821108	-0.214934	-0.12511	0.0212872	-0.24116	0.0213943	0.115991	-1.2424	-5.84126	-50.4255	-0.691973	-97.1556	-0.496861	46.6704	78.5588	0.0874924	0.259968	0.325141	-4.26542	-0.0362328	-1.45387	-0.0153231	1.56911	-0.533507	-0.00614033	-1.06446	-0.00617177	0.530969	-0.808337	1.57119	-0.532967	-0.006347	-1.06342	-0.00637931	0.530468	-0.794739	-2.77556e-17	0.414596	-0.117554	4.76054	0.16217	1.61476	4.832e-07	0.0115453	0.0564642	-1.74149	0.0757753	-0.0711537	6.23255e-07	
0.79	-0.155623	-0.338259	-0.563635	4.20713	-0.0115438	1.43086	0.0199629	1.56479	-0.536084	-0.00572681	-1.06943	-0.00575976	0.53336	-0.833131	-0.225306	-0.181556	0.0176835	-0.350356	0.0172178	0.168562	-1.17034	-10.3712	-56.4456	-3.60375	-109.196	-4.17651	52.5713	72.062	0.145717	0.323872	0.528777	-4.21527	0.00473767	-1.43465	-0.0192977	1.56699	-0.534526	-0.00592078	-1.06643	-0.00595302	0.531914	-0.821108	1.56911	-0.533507	-0.00614033	-1.06446	-0.00617177	0.530969	-0.808337	0	0.423318	-0.120308	4.77686	0.163584	1.61467	5.25486e-07	0.0410188	0.0869129	-1.7151	0.0756977	-0.0718957	6.33564e-07	
0.8	-0.195349	-0.352185	-0.703557	4.14701	-0.0394305	1.41322	0.0226931	1.56247	-0.538241	-0.00558878	-1.07359	-0.00562213	0.535361	-0.844464	-0.238419	-0.244141	0.0108727	-0.470519	0.0106064	0.226498	-1.10346	-13.113	-62.5849	-6.81076	-120.163	-6.61146	57.9357	66.8764	0.186762	0.366383	0.673076	-4.16685	0.0333994	-1.41663	-0.0221164	1.56479	-0.536084	-0.00572681	-1.06943	-0.00575976	0.53336	-0.833131	1.56699	-0.534526	-0.00592078	-1.06643	-0.00595302	0.531914	-0.821108	5.55112e-17	0.435315	-0.122688	4.79948	0.165099	1.61457	4.92535e-07	0.0621173	0.108	-1.68638	0.0806938	-0.0689839	6.46959e-07	
0.81	-0.224026	-0.381647	-0.805449	4.11714	-0.0586707	1.39791	0.0246244	1.56	-0.541049	-0.00552703	-1.07901	-0.00556161	0.537969	-0.855149	-0.254154	-0.311494	0.00223424	-0.601053	0.0016815	0.28944	-1.0401	-15.7356	-67.3533	-8.63848	-130.534	-8.92486	62.9425	63.3597	0.218963	0.367823	0.787315	-4.11838	0.055496	-1.40113	-0.0242992	1.56247	-0.538241	-0.00558878	-1.07359	-0.00562213	0.535361	-0.844464	1.56479	-0.536084	-0.00572681	-1.06943	-0.00575976	0.53336	-0.833131	0	0.450842	-0.124545	4.829	0.166734	1.61446	4.74927e-07	0.0762603	0.127139	-1.66022	0.0800483	-0.0696629	6.415e-07	
0.82	-0.248798	-0.364789	-0.894268	4.08947	-0.0748909	1.38596	0.0262469	1.55737	-0.544554	-0.00555821	-1.08577	-0.00559506	0.541228	-0.865216	-0.270844	-0.382721	-0.00746176	-0.738859	-0.00794139	0.356138	-0.979364	-16.6893	-71.2275	-9.696	-137.806	-9.62289	66.6976	60.7372	0.244436	0.362965	0.878469	-4.08954	0.0722452	-1.388	-0.0259774	1.56	-0.541049	-0.00552703	-1.07901	-0.00556161	0.537969	-0.855149	1.56247	-0.538241	-0.00558878	-1.07359	-0.00562213	0.535361	-0.844464	0	0.470084	-0.125751	4.86588	0.168504	1.61433	4.78476e-07	0.088527	0.14079	-1.63834	0.081261	-0.0678577	6.34147e-07	
0.83	-0.264558	-0.320745	-0.952113	4.07421	-0.0841342	1.37741	0.0272072	1.55456	-0.548783	-0.00569484	-1.09394	-0.00573465	0.545166	-0.874684	-0.288248	-0.456035	-0.0184998	-0.881076	-0.0193869	0.425041	-0.920474	-17.4046	-73.3137	-11.038	-142.217	-11.4455	68.903	58.8894	0.262108	0.322074	0.94306	-4.07102	0.0828772	-1.3789	-0.0270674	1.55737	-0.544554	-0.00555821	-1.08577	-0.00559506	0.541228	-0.865216	1.56	-0.541049	-0.00552703	-1.07901	-0.00556161	0.537969	-0.855149	0	0.493139	-0.126191	4.91045	0.170422	1.6142	4.54311e-07	0.0975066	0.149575	-1.61805	0.0844256	-0.0632177	6.21097e-07	
0.84	-0.278238	-0.243939	-1.00294	4.0696	-0.0915057	1.37235	0.0279753	1.55158	-0.553751	-0.00594516	-1.10354	-0.00598904	0.549802	-0.883567	-0.305653	-0.530124	-0.0300463	-1.0252	-0.0307905	0.495195	-0.862241	-17.4046	-74.0886	-11.5465	-144.124	-11.4036	70.1547	58.2337	0.27424	0.259915	0.988104	-4.06823	0.0893688	-1.37303	-0.0277637	1.55456	-0.548783	-0.00569484	-1.09394	-0.00573465	0.545166	-0.874684	1.55737	-0.544554	-0.00555821	-1.08577	-0.00559506	0.541228	-0.865216	-1.11022e-16	0.520008	-0.12577	4.96288	0.172492	1.61406	4.29698e-07	0.103474	0.155513	-1.60264	0.0878816	-0.0598208	6.06937e-07	
0.85	-0.283523	-0.148283	-1.02433	4.08148	-0.0924239	1.37064	0.0281383	1.54843	-0.559457	-0.00631546	-1.11458	-0.00636496	0.55514	-0.891872	-0.322819	-0.603437	-0.0426974	-1.16861	-0.043279	0.565171	-0.804365	-17.1661	-73.3137	-12.6511	-143.409	-12.4886	69.9759	57.8761	0.284417	0.160995	1.02703	-4.07344	0.0936925	-1.37055	-0.028237	1.55158	-0.553751	-0.00594516	-1.10354	-0.00598904	0.549802	-0.883567	1.55456	-0.548783	-0.00569484	-1.09394	-0.00573465	0.545166	-0.874684	5.55112e-17	0.550584	-0.124392	5.0232	0.174716	1.61392	4.28258e-07	0.108153	0.159856	-1.58953	0.0912967	-0.0539649	5.82782e-07	
0.86	-0.291562	-0.00992122	-1.05594	4.09575	-0.0947329	1.37177	0.0284107	1.54511	-0.565886	-0.00681002	-1.12704	-0.00686595	0.561174	-0.8996	-0.338912	-0.674963	-0.0549932	-1.3088	-0.0555734	0.634313	-0.747025	-16.0933	-71.5255	-12.2958	-140.19	-12.2944	69.1413	57.3397	0.288465	0.052687	1.04424	-4.0983	0.0931442	-1.37107	-0.0282558	1.54843	-0.559457	-0.00631546	-1.11458	-0.00636496	0.55514	-0.891872	1.55158	-0.553751	-0.00594516	-1.10354	-0.00598904	0.549802	-0.883567	5.55112e-17	0.584687	-0.121961	5.0913	0.177094	1.61378	3.78096e-07	0.11065	0.159635	-1.58071	0.0951546	-0.0475171	5.57e-07	
0.87	-0.292586	0.122039	-1.06252	4.13389	-0.0913669	1.37506	0.0281584	1.54164	-0.573013	-0.00743161	-1.14088	-0.007495	0.567887	-0.906755	-0.354171	-0.743091	-0.0679884	-1.44386	-0.0688611	0.701308	-0.689745	-15.2588	-68.1281	-12.9952	-135.064	-13.2876	66.9956	57.2801	0.292616	-0.0958432	1.06199	-4.12494	0.0923093	-1.37437	-0.0282343	1.54511	-0.565886	-0.00681002	-1.12704	-0.00686595	0.561174	-0.8996	1.54843	-0.559457	-0.00631546	-1.11458	-0.00636496	0.55514	-0.891872	0	0.622048	-0.11838	5.16695	0.179618	1.61364	2.75621e-07	0.110535	0.162309	-1.5774	0.0963032	-0.0424852	5.23993e-07	
0.88	-0.295927	0.269418	-1.07729	4.18456	-0.0890373	1.38093	0.0279962	1.53802	-0.580801	-0.0081791	-1.15603	-0.00825299	0.575255	-0.913338	-0.368237	-0.807404	-0.0805566	-1.57249	-0.0816006	0.765443	-0.632703	-14.0667	-64.3134	-12.5682	-128.627	-12.7396	64.1346	57.0416	0.296634	-0.248289	1.07927	-4.16728	0.0906629	-1.37931	-0.028134	1.54164	-0.573013	-0.00743161	-1.14088	-0.007495	0.567887	-0.906755	1.54511	-0.565886	-0.00681002	-1.12704	-0.00686595	0.561174	-0.8996	2.77556e-17	0.662345	-0.11357	5.24982	0.182279	1.6135	2.94985e-07	0.111682	0.163811	-1.57425	0.0993422	-0.0362503	4.91291e-07	
0.89	-0.296957	0.450661	-1.08368	4.2312	-0.0849758	1.38782	0.0276716	1.53427	-0.589209	-0.00905453	-1.17242	-0.00913962	0.583247	-0.919351	-0.380754	-0.867128	-0.0933278	-1.69253	-0.0941753	0.826299	-0.575781	-12.517	-59.7239	-12.7712	-120.044	-12.5747	60.8563	56.9224	0.297174	-0.423542	1.08439	-4.21761	0.0859525	-1.38677	-0.0277499	1.53802	-0.580801	-0.0081791	-1.15603	-0.00825299	0.575255	-0.913338	1.54164	-0.573013	-0.00743161	-1.14088	-0.007495	0.567887	-0.906755	-5.55112e-17	0.705211	-0.107422	5.33951	0.185067	1.61337	2.46955e-07	0.11029	0.164155	-1.57588	0.100146	-0.0298125	4.50148e-07	
0.9	-0.295663	0.608519	-1.08124	4.30503	-0.0783416	1.39612	0.0271125	1.5304	-0.598186	-0.0100572	-1.18997	-0.0101545	0.591829	-0.924798	-0.392079	-0.921786	-0.106005	-1.80459	-0.107318	0.883639	-0.519395	-11.3249	-54.6575	-12.6772	-112.057	-13.1428	57.3397	56.386	0.296636	-0.579004	1.08454	-4.28939	0.0800847	-1.39454	-0.0272612	1.53427	-0.589209	-0.00905453	-1.17242	-0.00913962	0.583247	-0.919351	1.53802	-0.580801	-0.0081791	-1.15603	-0.00825299	0.575255	-0.913338	-1.11022e-16	0.750233	-0.0998411	5.43557	0.187969	1.61325	1.62485e-07	0.110804	0.160556	-1.57418	0.104143	-0.020199	4.1367e-07	
0.91	-0.293208	0.797278	-1.07431	4.37348	-0.0709314	1.40529	0.0264863	1.52642	-0.607682	-0.0111851	-1.20859	-0.0112968	0.600963	-0.929685	-0.402212	-0.971496	-0.11861	-1.90735	-0.119867	0.937223	-0.463843	-10.1328	-49.7103	-12.6045	-102.758	-12.5486	53.5846	55.5516	0.294918	-0.76177	1.08033	-4.3582	0.0731987	-1.40352	-0.0266821	1.5304	-0.598186	-0.0100572	-1.18997	-0.0101545	0.591829	-0.924798	1.53427	-0.589209	-0.00905453	-1.17242	-0.00913962	0.583247	-0.919351	0	0.796993	-0.0907385	5.53751	0.19097	1.61314	1.60291e-07	0.107487	0.161065	-1.58127	0.103957	-0.01574	3.76366e-07	
0.92	-0.290939	0.961546	-1.06702	4.46151	-0.0629679	1.41456	0.0258119	1.52234	-0.617643	-0.0124369	-1.22818	-0.0125635	0.610611	-0.934022	-0.411391	-1.01554	-0.13081	-2.00081	-0.132151	0.986695	-0.409245	-9.17912	-44.0479	-12.2003	-93.4602	-12.2842	49.4719	54.5979	0.293272	-0.933789	1.07552	-4.44082	0.065884	-1.41279	-0.0260685	1.52642	-0.607682	-0.0111851	-1.20859	-0.0112968	0.600963	-0.929685	1.5304	-0.598186	-0.0100572	-1.18997	-0.0101545	0.591829	-0.924798	-2.77556e-17	0.84506	-0.0800242	5.64484	0.194059	1.61303	1.23652e-07	0.106317	0.159138	-1.58768	0.105956	-0.00729862	3.38243e-07	
0.93	-0.289261	1.12461	-1.06114	4.55544	-0.055007	1.42359	0.0251413	1.51819	-0.628017	-0.0138105	-1.24866	-0.0139522	0.620733	-0.937822	-0.418901	-1.05435	-0.142739	-2.08509	-0.144324	1.03253	-0.356495	-7.51019	-38.8026	-11.9293	-84.281	-12.1733	45.836	52.7501	0.289327	-1.10035	1.06152	-4.53174	0.056608	-1.42171	-0.025276	1.52234	-0.617643	-0.0124369	-1.22818	-0.0125635	0.610611	-0.934022	1.52642	-0.607682	-0.0111851	-1.20859	-0.0112968	0.600963	-0.929685	-5.55112e-17	0.894032	-0.0676147	5.75705	0.19722	1.61294	7.20558e-08	0.102364	0.158425	-1.59241	0.104331	-0.00319742	3.01985e-07	
0.94	-0.285929	1.30088	-1.04876	4.64883	-0.0458225	1.43298	0.0243667	1.51396	-0.638753	-0.0153035	-1.26994	-0.0154606	0.631294	-0.941104	-0.425577	-1.08844	-0.154521	-2.16079	-0.156268	1.07485	-0.305474	-6.67572	-34.0939	-11.7822	-75.6979	-11.9433	42.3193	51.0215	0.285392	-1.27232	1.04689	-4.6255	0.0471185	-1.43097	-0.0244724	1.51819	-0.628017	-0.0138105	-1.24866	-0.0139522	0.620733	-0.937822	1.52234	-0.617643	-0.0124369	-1.22818	-0.0125635	0.610611	-0.934022	-2.77556e-17	0.943489	-0.0534336	5.87366	0.20044	1.61285	8.55525e-08	0.0991196	0.157211	-1.59916	0.103783	0.00322074	2.66825e-07	
0.95	-0.278595	1.45205	-1.01967	4.75615	-0.0338041	1.44153	0.0233358	1.50967	-0.649799	-0.0169153	-1.29192	-0.0170863	0.642258	-0.943887	-0.431538	-1.11735	-0.16652	-2.2279	-0.167793	1.11359	-0.256777	-5.96046	-28.9083	-11.9991	-67.1148	-11.5251	38.743	48.697	0.28349	-1.40788	1.03782	-4.7412	0.0382013	-1.43965	-0.0237215	1.51396	-0.638753	-0.0153035	-1.26994	-0.0154606	0.631294	-0.941104	1.51819	-0.628017	-0.0138105	-1.24866	-0.0139522	0.620733	-0.937822	0	0.993049	-0.0373954	5.99421	0.203708	1.61278	5.34575e-08	0.0983113	0.155573	-1.60867	0.101178	0.00833885	2.32401e-07	
0.96	-0.276135	1.58576	-1.00706	4.87686	-0.0243616	1.45018	0.022546	1.50533	-0.66111	-0.0186426	-1.31453	-0.0188253	0.653592	-0.946198	-0.436306	-1.14179	-0.177674	-2.28763	-0.1789	1.14918	-0.210524	-4.76837	-24.4379	-11.1535	-59.7239	-11.107	35.584	46.2532	0.274457	-1.55086	1.00119	-4.85572	0.0248904	-1.44815	-0.0225761	1.50967	-0.649799	-0.0169153	-1.29192	-0.0170863	0.642258	-0.943887	1.51396	-0.638753	-0.0153035	-1.26994	-0.0154606	0.631294	-0.941104	0	1.04235	-0.0194477	6.11826	0.207013	1.61272	-1.965e-08	0.0925513	0.152275	-1.61695	0.0997713	0.0129169	2.03647e-07	
0.97	-0.269069	1.72753	-0.976429	4.9929	-0.0121224	1.45819	0.0215091	1.50094	-0.672642	-0.0204825	-1.3377	-0.0206754	0.665264	-0.948066	-0.440598	-1.16199	-0.189086	-2.3396	-0.189954	1.1816	-0.167966	-4.29153	-20.206	-11.4124	-51.9753	-11.0548	32.4249	42.5577	0.269098	-1.69446	0.977221	-4.97116	0.0137066	-1.45624	-0.021634	1.50533	-0.66111	-0.0186426	-1.31453	-0.0188253	0.653592	-0.946198	1.50967	-0.649799	-0.0169153	-1.29192	-0.0170863	0.642258	-0.943887	2.77556e-17	1.09106	0.00045906	6.24539	0.210343	1.61267	3.8877e-08	0.0898401	0.150232	-1.62441	0.0976145	0.0191093	1.74827e-07	
0.98	-0.261932	1.83777	-0.942809	5.1247	0.000630935	1.46513	0.0204226	1.49652	-0.684353	-0.0224354	-1.36135	-0.0226337	0.677247	-0.949523	-0.444174	-1.17797	-0.200281	-2.3849	-0.200691	1.21158	-0.12809	-3.57628	-15.974	-11.1945	-45.2995	-10.7363	29.9811	39.8755	0.266039	-1.81659	0.959755	-5.10014	0.00349109	-1.46438	-0.0207872	1.50094	-0.672642	-0.0204825	-1.3377	-0.0206754	0.665264	-0.948066	1.50533	-0.66111	-0.0186426	-1.31453	-0.0188253	0.653592	-0.946198	5.55112e-17	1.13888	0.0223935	6.3752	0.213691	1.61263	1.23517e-08	0.0889361	0.147863	-1.63743	0.0942876	0.0253912	1.47202e-07	
0.99	-0.255414	1.95775	-0.910684	5.25567	0.0129482	1.47267	0.0193914	1.49206	-0.696206	-0.0244981	-1.38543	-0.0246962	0.689516	-0.950605	-0.447273	-1.19078	-0.211121	-2.42448	-0.211151	1.23918	-0.0921488	-3.09944	-12.815	-10.8406	-39.5775	-10.4606	27.597	35.9416	0.257791	-1.92986	0.920843	-5.23092	-0.0097785	-1.47111	-0.0196616	1.49652	-0.684353	-0.0224354	-1.36135	-0.0226337	0.677247	-0.949523	1.50094	-0.672642	-0.0204825	-1.3377	-0.0206754	0.665264	-0.948066	-1.38778e-16	1.18553	0.0463791	6.50736	0.217048	1.6126	-5.1625e-08	0.0847683	0.144651	-1.64198	0.0911671	0.0303373	1.22155e-07	
1	-0.249417	2.05082	-0.877276	5.3984	0.0251298	1.47948	0.0183774	1.48757	-0.708165	-0.0266688	-1.40986	-0.0268608	0.702046	-0.95135	-0.449657	-1.19984	-0.221847	-2.4581	-0.221087	1.26415	-0.0604987	-2.38419	-9.05991	-10.7251	-33.617	-9.93535	24.9742	31.6501	0.251995	-2.02229	0.888566	-5.37508	-0.0220096	-1.47807	-0.0186398	1.49206	-0.696206	-0.0244981	-1.38543	-0.0246962	0.689516	-0.950605	1.49652	-0.684353	-0.0224354	-1.36135	-0.0226337	0.677247	-0.949523	-1.38778e-17	1.23075	0.0724454	6.64153	0.220409	1.61258	-9.62656e-08	0.0817054	0.14342	-1.6557	0.0841073	0.0325935	1.00869e-07	
1.01	-0.239984	2.13243	-0.8285	5.54505	0.0393009	1.4854	0.0171836	1.48307	-0.720199	-0.0289472	-1.4346	-0.0291256	0.714817	-0.9518	-0.451565	-1.20568	-0.232879	-2.48635	-0.230705	1.28728	-0.0329018	-1.90735	-5.84126	-11.0324	-28.2526	-9.6187	23.1266	27.5969	0.242367	-2.12708	0.841205	-5.51058	-0.0361585	-1.48436	-0.0174525	1.48757	-0.708165	-0.0266688	-1.40986	-0.0268608	0.702046	-0.95135	1.49206	-0.696206	-0.0244981	-1.38543	-0.0246962	0.689516	-0.950605	8.32667e-17	1.27433	0.100623	6.7774	0.223768	1.61257	-1.14119e-07	0.0767236	0.140397	-1.66303	0.0814204	0.0368035	8.15925e-08	
1.02	-0.233831	2.21889	-0.7912	5.69137	0.0518016	1.49148	0.0161574	1.47854	-0.732278	-0.0313314	-1.4596	-0.0314872	0.727811	-0.951996	-0.453472	-1.20902	-0.24312	-2.51019	-0.240622	1.30886	-0.00941753	-1.90735	-3.33786	-10.2408	-23.8416	-9.91672	21.5769	23.4842	0.23543	-2.21686	0.801268	-5.65487	-0.0487788	-1.49053	-0.0164146	1.48307	-0.720199	-0.0289472	-1.4346	-0.0291256	0.714817	-0.9518	1.48757	-0.708165	-0.0266688	-1.40986	-0.0268608	0.702046	-0.95135	1.38778e-17	1.31606	0.130918	6.9147	0.22712	1.61256	-1.38526e-07	0.0737711	0.13858	-1.67416	0.0757076	0.0397135	6.49569e-08	
1.03	-0.224817	2.30397	-0.741242	5.83714	0.0654682	1.49738	0.0150354	1.474	-0.744374	-0.0338205	-1.48481	-0.033945	0.741008	-0.951982	-0.455022	-1.20974	-0.253689	-2.5295	-0.249825	1.32859	0.00947714	-1.54972	-0.715256	-10.5687	-19.3119	-9.20333	19.7291	18.8947	0.22866	-2.27705	0.75823	-5.81353	-0.0619016	-1.4963	-0.0153357	1.47854	-0.732278	-0.0313314	-1.4596	-0.0314872	0.727811	-0.951996	1.48307	-0.720199	-0.0289472	-1.4346	-0.0291256	0.714817	-0.9518	2.42861e-16	1.35577	0.163334	7.05316	0.230461	1.61256	9.42808e-09	0.0717318	0.133911	-1.68297	0.0718606	0.0452132	4.86863e-08	
1.04	-0.217856	2.36712	-0.695505	5.99546	0.0782827	1.50346	0.0140027	1.46944	-0.756462	-0.0364148	-1.51019	-0.0364944	0.754395	-0.951803	-0.455976	-1.20795	-0.263985	-2.54512	-0.259001	1.34677	0.0243783	-0.953674	1.78814	-10.2967	-15.6164	-9.1754	18.1794	14.9012	0.21877	-2.34798	0.702434	-5.96559	-0.07613	-1.50183	-0.0141659	1.474	-0.744374	-0.0338205	-1.48481	-0.033945	0.741008	-0.951982	1.47854	-0.732278	-0.0313314	-1.4596	-0.0314872	0.727811	-0.951996	1.83881e-16	1.3933	0.197878	7.19254	0.233793	1.61257	-7.02333e-08	0.0678592	0.131	-1.69418	0.0654762	0.0480072	3.23258e-08	
1.05	-0.208272	2.41226	-0.636639	6.1599	0.0927302	1.50876	0.012823	1.46487	-0.76852	-0.039113	-1.53571	-0.0391358	0.767957	-0.951503	-0.457048	-1.2036	-0.27445	-2.5568	-0.268281	1.36358	0.033915	-1.07288	4.35114	-10.4643	-11.6825	-9.2797	16.8085	9.53675	0.208723	-2.40821	0.643545	-6.12365	-0.0904721	-1.50744	-0.0129976	1.46944	-0.756462	-0.0364148	-1.51019	-0.0364944	0.754395	-0.951803	1.474	-0.744374	-0.0338205	-1.48481	-0.033945	0.741008	-0.951982	-3.30682e-17	1.42851	0.234529	7.33263	0.237111	1.61257	-3.17575e-08	0.0657765	0.124913	-1.69966	0.0649439	0.0537654	1.83944e-08	
1.06	-0.199016	2.46933	-0.578484	6.31678	0.106447	1.51377	0.0117247	1.4603	-0.780525	-0.0419147	-1.56133	-0.0418657	0.781682	-0.951126	-0.457764	-1.1974	-0.284821	-2.56503	-0.277221	1.37943	0.0400543	-0.715256	6.19888	-10.3712	-8.22544	-8.9407	15.8548	6.13927	0.204077	-2.44661	0.600658	-6.29316	-0.102187	-1.51301	-0.0120856	1.46487	-0.76852	-0.039113	-1.53571	-0.0391358	0.767957	-0.951503	1.46944	-0.756462	-0.0364148	-1.51019	-0.0364944	0.754395	-0.951803	3.46945e-18	1.46128	0.273266	7.47321	0.240415	1.61259	-3.75445e-08	0.0658326	0.120694	-1.70931	0.0613651	0.0575756	5.34827e-09	
1.07	-0.188498	2.51308	-0.512412	6.48357	0.120669	1.51954	0.0105951	1.45572	-0.792457	-0.04482	-1.58702	-0.0446833	0.795559	-0.950718	-0.458479	-1.18935	-0.295341	-2.57063	-0.285733	1.39427	0.0411868	-0.715256	8.04663	-10.5202	-5.60284	-8.51229	14.8416	1.13249	0.192664	-2.50127	0.532895	-6.45216	-0.116817	-1.51845	-0.0109161	1.4603	-0.780525	-0.0419147	-1.56133	-0.0418657	0.781682	-0.951126	1.46487	-0.76852	-0.039113	-1.53571	-0.0391358	0.767957	-0.951503	4.85723e-17	1.49151	0.314064	7.61409	0.243705	1.6126	-3.57758e-08	0.0605683	0.118168	-1.71919	0.0563544	0.0593747	-6.68784e-09	
1.08	-0.17895	2.55985	-0.448638	6.64683	0.133844	1.52522	0.00957961	1.45113	-0.804297	-0.0478294	-1.61274	-0.0475872	0.809578	-0.950322	-0.458717	-1.17952	-0.305798	-2.57313	-0.29403	1.40792	0.0377893	-0.238419	9.83477	-10.4569	-2.5034	-8.29622	13.6495	-3.39746	0.181922	-2.55558	0.466119	-6.61115	-0.130642	-1.52401	-0.00983671	1.45572	-0.792457	-0.04482	-1.58702	-0.0446833	0.795559	-0.950718	1.4603	-0.780525	-0.0419147	-1.56133	-0.0418657	0.781682	-0.951126	1.80411e-16	1.51911	0.356894	7.7551	0.246982	1.61261	-9.95653e-08	0.0562733	0.115294	-1.72797	0.0517523	0.0618045	-1.69734e-08	
1.09	-0.171487	2.58817	-0.388884	6.81765	0.146334	1.53054	0.00863774	1.44654	-0.816028	-0.0509421	-1.63847	-0.0505768	0.823729	-0.949977	-0.459075	-1.16771	-0.315919	-2.57289	-0.302728	1.42068	0.0308752	-0.357628	11.8017	-10.1216	0.238419	-8.69855	12.7554	-6.91414	0.172129	-2.57357	0.396814	-6.79093	-0.144674	-1.52995	-0.00874655	1.45113	-0.804297	-0.0478294	-1.61274	-0.0475872	0.809578	-0.950322	1.45572	-0.792457	-0.04482	-1.58702	-0.0446833	0.795559	-0.950718	1.38778e-16	1.54399	0.401702	7.89606	0.250245	1.61262	-3.46171e-08	0.054396	0.108887	-1.73885	0.04895	0.0649836	-2.75619e-08	
1.1	-0.160184	2.6095	-0.312392	6.99178	0.160309	1.53599	0.00756508	1.44195	-0.827632	-0.0541596	-1.66419	-0.0536499	0.838003	-0.949725	-0.459313	-1.1543	-0.326574	-2.57027	-0.310946	1.43278	0.0199676	-0.238419	13.411	-10.6543	2.6226	-8.21799	12.0997	-10.9076	0.16244	-2.60538	0.328	-6.96038	-0.157748	-1.5356	-0.00776285	1.44654	-0.816028	-0.0509421	-1.63847	-0.0505768	0.823729	-0.949977	1.45113	-0.804297	-0.0478294	-1.61274	-0.0475872	0.809578	-0.950322	-2.77556e-17	1.5661	0.448455	8.03682	0.253498	1.61262	-1.14099e-07	0.0508764	0.106749	-1.75065	0.043394	0.0657724	-3.7141e-08	
1.11	-0.152114	2.63028	-0.246024	7.16622	0.172391	1.54177	0.00669336	1.43736	-0.839094	-0.0574812	-1.68987	-0.056807	0.852395	-0.949604	-0.459194	-1.13946	-0.336919	-2.56538	-0.31931	1.44404	0.005126	0.119209	14.8416	-10.3451	4.88758	-8.36325	11.2653	-14.8416	0.154663	-2.62616	0.262845	-7.1327	-0.169666	-1.54079	-0.00689924	1.44195	-0.827632	-0.0541596	-1.66419	-0.0536499	0.838003	-0.949725	1.44654	-0.816028	-0.0509421	-1.63847	-0.0505768	0.823729	-0.949977	0	1.58536	0.497084	8.17722	0.256739	1.61263	-2.47271e-08	0.0492038	0.103036	-1.75842	0.0417181	0.0679865	-4.51256e-08	
1.12	-0.140529	2.6482	-0.165305	7.34142	0.185733	1.54766	0.00571152	1.43276	-0.8504	-0.0609088	-1.71549	-0.0600462	0.866896	-0.94965	-0.459194	-1.12319	-0.347655	-2.55835	-0.327427	1.45477	-0.0128746	0	16.2721	-10.7363	7.03335	-8.11741	10.7288	-18.0006	0.146663	-2.62026	0.190958	-7.32236	-0.182061	-1.54692	-0.0060029	1.43736	-0.839094	-0.0574812	-1.68987	-0.056807	0.852395	-0.949604	1.44195	-0.827632	-0.0541596	-1.66419	-0.0536499	0.838003	-0.949725	2.77556e-17	1.60176	0.547545	8.31712	0.259972	1.61263	-6.54914e-08	0.0489113	0.0968221	-1.77087	0.0372476	0.0704897	-5.19847e-08	
1.13	-0.131082	2.64928	-0.08822	7.52435	0.198267	1.55363	0.00481992	1.42817	-0.861533	-0.0644424	-1.74102	-0.0633676	0.8815	-0.949895	-0.459313	-1.10531	-0.358157	-2.54929	-0.335909	1.46478	-0.0345111	-0.119209	17.8814	-10.5016	9.05991	-8.48249	10.0136	-21.6365	0.133097	-2.64798	0.103994	-7.48615	-0.195741	-1.55186	-0.00499366	1.43276	-0.8504	-0.0609088	-1.71549	-0.0600462	0.866896	-0.94965	1.43736	-0.839094	-0.0574812	-1.68987	-0.056807	0.852395	-0.949604	-5.55112e-17	1.61522	0.599765	8.45638	0.263199	1.61262	-4.23232e-08	0.0444721	0.0925574	-1.77831	0.03521	0.0720723	-6.1061e-08	
1.14	-0.121919	2.64993	-0.0103661	7.70539	0.209959	1.5595	0.00402035	1.42358	-0.872482	-0.0680833	-1.76645	-0.0667704	0.896202	-0.95037	-0.459075	-1.08612	-0.368811	-2.5382	-0.343867	1.47432	-0.0585914	0.238419	19.1927	-10.6543	11.0865	-7.95722	9.53674	-24.0803	0.124665	-2.65249	0.0297286	-7.66665	-0.207186	-1.558	-0.004221	1.42817	-0.861533	-0.0644424	-1.74102	-0.0633676	0.8815	-0.949895	1.43276	-0.8504	-0.0609088	-1.71549	-0.0600462	0.866896	-0.94965	1.66533e-16	1.62575	0.65368	8.59489	0.26642	1.61261	-7.62318e-08	0.0428707	0.088534	-1.78867	0.032481	0.0735147	-7.17597e-08	
1.15	-0.110422	2.65692	0.0752008	7.8802	0.222118	1.56517	0.00318758	1.41899	-0.883231	-0.0718329	-1.79176	-0.070255	0.910996	-0.951103	-0.458598	-1.06573	-0.379734	-2.52509	-0.35204	1.48338	-0.0854134	0.476837	20.3848	-10.9226	13.113	-8.17329	9.05991	-26.8221	0.11217	-2.64655	-0.0615624	-7.8507	-0.220353	-1.5641	-0.00328613	1.42358	-0.872482	-0.0680833	-1.76645	-0.0667704	0.896202	-0.95037	1.42817	-0.861533	-0.0644424	-1.74102	-0.0633676	0.8815	-0.949895	2.22045e-16	1.6333	0.709221	8.73249	0.269639	1.61259	-8.14295e-08	0.0398411	0.0828292	-1.80021	0.0310162	0.0743646	-7.72755e-08	
1.16	-0.0977219	2.64837	0.168751	8.06381	0.234727	1.57142	0.00231975	1.4144	-0.893769	-0.0756909	-1.81694	-0.07382	0.925878	-0.952118	-0.45836	-1.04398	-0.39085	-2.51043	-0.360131	1.4919	-0.114679	0.238419	21.7557	-11.1163	14.6627	-8.09133	8.52346	-29.2659	0.103695	-2.64654	-0.139318	-8.02762	-0.230712	-1.56978	-0.00263687	1.41899	-0.883231	-0.0718329	-1.79176	-0.070255	0.910996	-0.951103	1.42358	-0.872482	-0.0680833	-1.76645	-0.0667704	0.896202	-0.95037	-1.66533e-16	1.63786	0.766295	8.8691	0.272855	1.61256	-9.60087e-08	0.0385735	0.0783594	-1.80905	0.0295013	0.0758259	-8.10035e-08	
1.17	-0.0839383	2.63953	0.26667	8.24487	0.247182	1.57758	0.00147468	1.40982	-0.904083	-0.0796593	-1.84195	-0.0774663	0.940843	-0.953436	-0.457883	-1.02103	-0.402182	-2.49398	-0.368163	1.50001	-0.14627	0.476837	22.9478	-11.3323	16.4506	-8.03173	8.10623	-31.5905	0.0934746	-2.62791	-0.227405	-8.21752	-0.242351	-1.57634	-0.0018786	1.4144	-0.893769	-0.0756909	-1.81694	-0.07382	0.925878	-0.952118	1.41899	-0.883231	-0.0718329	-1.79176	-0.070255	0.910996	-0.951103	5.55112e-17	1.63943	0.824833	9.00458	0.27607	1.61252	-6.96354e-08	0.035988	0.0742156	-1.82126	0.0249724	0.0756313	-8.50861e-08	
1.18	-0.0785753	2.61939	0.339965	8.43312	0.255986	1.58426	0.00101324	1.40525	-0.914162	-0.0837384	-1.8668	-0.0811919	0.955886	-0.955075	-0.45681	-0.996947	-0.412866	-2.47622	-0.376359	1.5077	-0.178814	1.07288	24.0803	-10.6841	17.7622	-8.19564	7.689	-32.5441	0.0774687	-2.63835	-0.329006	-8.38382	-0.25459	-1.58206	-0.00106287	1.40982	-0.904083	-0.0796593	-1.84195	-0.0774663	0.940843	-0.953436	1.4144	-0.893769	-0.0756909	-1.81694	-0.07382	0.925878	-0.952118	-2.22045e-16	1.63801	0.884741	9.13882	0.279287	1.61248	-1.65728e-07	0.0321463	0.0680187	-1.82698	0.0264495	0.0771643	-8.75263e-08	
1.19	-0.0657268	2.60493	0.437035	8.61105	0.267218	1.58999	0.000304214	1.40069	-0.923993	-0.0879301	-1.89145	-0.0849995	0.971005	-0.957051	-0.456333	-0.971615	-0.424162	-2.45643	-0.384398	1.51515	-0.212848	0.476837	25.332	-11.2951	19.7887	-8.03918	7.45058	-34.0343	0.0684557	-2.6162	-0.4153	-8.57131	-0.264504	-1.5889	-0.000495713	1.40525	-0.914162	-0.0837384	-1.8668	-0.0811919	0.955886	-0.955075	1.40982	-0.904083	-0.0796593	-1.84195	-0.0774663	0.940843	-0.953436	1.11022e-16	1.63359	0.94594	9.27171	0.282504	1.61242	-7.89098e-08	0.030043	0.0648132	-1.8398	0.0235665	0.0760704	-9.07327e-08	
1.2	-0.0562094	2.58153	0.526058	8.79271	0.276663	1.59616	-0.000214189	1.39613	-0.933565	-0.0922347	-1.9159	-0.0888872	0.986194	-0.959373	-0.455141	-0.945151	-0.435427	-2.43521	-0.39234	1.52194	-0.248134	1.19209	26.4645	-11.2653	21.2193	-7.94232	6.79493	-35.2859	0.057586	-2.59004	-0.508925	-8.75514	-0.274935	-1.59499	0.000124512	1.40069	-0.923993	-0.0879301	-1.89145	-0.0849995	0.971005	-0.957051	1.40525	-0.914162	-0.0837384	-1.8668	-0.0811919	0.955886	-0.955075	-2.22045e-16	1.62619	1.00833	9.40316	0.285722	1.61235	-6.15497e-09	0.0287562	0.059157	-1.84902	0.0233186	0.0765344	-9.33607e-08	
1.21	-0.0426782	2.54981	0.630234	8.98194	0.287508	1.60338	-0.000865021	1.39158	-0.942867	-0.0966539	-1.94013	-0.0928544	1.00145	-0.962051	-0.454068	-0.917733	-0.447147	-2.41303	-0.400238	1.52868	-0.283837	1.07288	27.4181	-11.7198	22.1729	-7.89762	6.73532	-35.7032	0.0445523	-2.5618	-0.610528	-8.94265	-0.285565	-1.60217	0.000752552	1.39613	-0.933565	-0.0922347	-1.9159	-0.0888872	0.986194	-0.959373	1.40069	-0.923993	-0.0879301	-1.89145	-0.0849995	0.971005	-0.957051	4.44089e-16	1.61581	1.07183	9.53304	0.288944	1.61228	-8.53507e-08	0.0248176	0.0541103	-1.86147	0.0217302	0.0753533	-9.32124e-08	
1.22	-0.0294806	2.52312	0.731768	9.16338	0.297571	1.6101	-0.00143006	1.38705	-0.951889	-0.101188	-1.96413	-0.0969022	1.01677	-0.96509	-0.452876	-0.889301	-0.458792	-2.38919	-0.408329	1.53506	-0.320256	1.19209	28.4314	-11.6453	23.8419	-8.09133	6.3777	-36.4184	0.0339008	-2.53401	-0.704553	-9.12479	-0.294688	-1.60882	0.00122211	1.39158	-0.942867	-0.0966539	-1.94013	-0.0928544	1.00145	-0.962051	1.39613	-0.933565	-0.0922347	-1.9159	-0.0888872	0.986194	-0.959373	0	1.60248	1.13634	9.66128	0.292167	1.61219	-5.51973e-08	0.023554	0.0497756	-1.87158	0.0212272	0.0752386	-9.45073e-08	
1.23	-0.0168234	2.49071	0.832719	9.34342	0.30714	1.61669	-0.00194264	1.38253	-0.96062	-0.105838	-1.98789	-0.10103	1.03216	-0.968491	-0.451207	-0.859737	-0.470512	-2.3638	-0.416718	1.54078	-0.356495	1.66893	29.5639	-11.7198	25.3916	-8.38935	5.72205	-36.2396	0.0240439	-2.49374	-0.799472	-9.3082	-0.303469	-1.615	0.00166059	1.38705	-0.951889	-0.101188	-1.96413	-0.0969022	1.01677	-0.96509	1.39158	-0.942867	-0.0966539	-1.94013	-0.0928544	1.00145	-0.962051	-3.33067e-16	1.58623	1.20176	9.78775	0.29539	1.61208	-1.48537e-08	0.0224046	0.0437194	-1.88116	0.0218098	0.0752553	-9.44446e-08	
1.24	-0.00605283	2.44903	0.930551	9.52972	0.315713	1.62398	-0.00234399	1.37803	-0.969049	-0.110606	-2.01138	-0.105239	1.0476	-0.972254	-0.449657	-0.82922	-0.482082	-2.33746	-0.424728	1.54638	-0.392258	1.54972	30.5176	-11.5708	26.3453	-8.00937	5.60284	-35.7628	0.00949911	-2.45299	-0.908468	-9.49261	-0.313644	-1.62196	0.0022363	1.38253	-0.96062	-0.105838	-1.98789	-0.10103	1.03216	-0.968491	1.38705	-0.951889	-0.101188	-1.96413	-0.0969022	1.01677	-0.96509	3.33067e-16	1.56707	1.26801	9.91237	0.298613	1.61197	7.92851e-10	0.0188051	0.0376239	-1.89147	0.0224376	0.0741712	-9.33742e-08	
1.25	0.00648725	2.40898	1.03308	9.70511	0.323997	1.62987	-0.00273444	1.37354	-0.977168	-0.115491	-2.0346	-0.109527	1.06309	-0.976371	-0.447631	-0.797629	-0.494003	-2.30932	-0.432223	1.55187	-0.427544	2.02656	31.5905	-11.9209	28.1334	-7.49528	5.48363	-35.2859	-0.00206659	-2.41518	-1.00742	-9.67104	-0.32188	-1.6286	0.00260539	1.37803	-0.969049	-0.110606	-2.01138	-0.105239	1.0476	-0.972254	1.38253	-0.96062	-0.105838	-1.98789	-0.10103	1.03216	-0.968491	1.11022e-16	1.54505	1.33497	10.035	0.301834	1.61184	-3.66737e-08	0.0170365	0.0327838	-1.90241	0.021994	0.0731914	-9.16794e-08	
1.26	0.0196811	2.35856	1.13942	9.88756	0.332913	1.63683	-0.00317661	1.36908	-0.984966	-0.120495	-2.05753	-0.113894	1.07864	-0.980837	-0.445604	-0.765085	-0.505865	-2.28024	-0.440642	1.55675	-0.461996	2.02656	32.5441	-11.8614	29.0871	-8.41916	4.88758	-34.4515	-0.0146568	-2.3663	-1.1122	-9.85266	-0.330326	-1.63534	0.0030033	1.37354	-0.977168	-0.115491	-2.0346	-0.109527	1.06309	-0.976371	1.37803	-0.969049	-0.110606	-2.01138	-0.105239	1.0476	-0.972254	-1.11022e-16	1.5202	1.40257	10.1556	0.305052	1.6117	-1.12356e-07	0.0137561	0.0288787	-1.91073	0.0230362	0.0720372	-8.95472e-08	
1.27	0.0307144	2.30827	1.23931	10.067	0.340207	1.64378	-0.00344779	1.36463	-0.992435	-0.125617	-2.08017	-0.118342	1.09423	-0.985642	-0.443101	-0.731766	-0.517666	-2.24996	-0.448383	1.5614	-0.495315	2.5034	33.319	-11.8017	30.2792	-7.74115	4.64916	-33.319	-0.0258585	-2.31741	-1.21228	-10.0321	-0.337864	-1.64233	0.00329673	1.36908	-0.984966	-0.120495	-2.05753	-0.113894	1.07864	-0.980837	1.37354	-0.977168	-0.115491	-2.0346	-0.109527	1.06309	-0.976371	-4.44089e-16	1.49256	1.47068	10.2741	0.308261	1.61154	-5.60998e-08	0.013084	0.0220423	-1.92168	0.0247911	0.0715279	-8.71443e-08	
1.28	0.0441795	2.25754	1.34529	10.24	0.347821	1.6502	-0.00376389	1.36022	-0.999565	-0.130859	-2.1025	-0.122868	1.10987	-0.990773	-0.44024	-0.697553	-0.529692	-2.21825	-0.456125	1.56569	-0.527442	2.86102	34.2131	-12.0252	31.7097	-7.74115	4.29153	-32.1269	-0.0405737	-2.26612	-1.32211	-10.2096	-0.346215	-1.64938	0.00368278	1.36463	-0.992435	-0.125617	-2.08017	-0.118342	1.09423	-0.985642	1.36908	-0.984966	-0.120495	-2.05753	-0.113894	1.07864	-0.980837	-1.11022e-16	1.46219	1.53923	10.3903	0.311462	1.61137	-1.60077e-07	0.00935107	0.0170249	-1.93432	0.0236821	0.0691464	-8.42357e-08	
1.29	0.0540537	2.18519	1.44755	10.4271	0.354714	1.65788	-0.00399965	1.35583	-1.00635	-0.136219	-2.12451	-0.127473	1.12555	-0.996215	-0.43726	-0.662327	-0.541478	-2.18582	-0.463888	1.56951	-0.557721	2.98023	35.2263	-11.7868	32.4249	-7.7635	3.8147	-30.2792	-0.0546388	-2.20619	-1.43176	-10.3882	-0.354136	-1.65667	0.00402909	1.36022	-0.999565	-0.130859	-2.1025	-0.122868	1.10987	-0.990773	1.36463	-0.992435	-0.125617	-2.08017	-0.118342	1.09423	-0.985642	-3.33067e-16	1.42911	1.6081	10.5043	0.314647	1.61118	-1.97377e-08	0.00638364	0.0122743	-1.94633	0.0233065	0.0677933	-8.01133e-08	
1.3	0.0677184	2.13222	1.55253	10.5959	0.361711	1.66454	-0.00424603	1.35148	-1.01278	-0.141698	-2.14618	-0.132156	1.14126	-1.00195	-0.434041	-0.626683	-0.55328	-2.15197	-0.471637	1.5732	-0.586033	3.21865	35.6435	-11.8017	33.8554	-7.7486	3.69549	-28.3122	-0.0676698	-2.15105	-1.53584	-10.556	-0.360968	-1.66292	0.00426647	1.35583	-1.00635	-0.136219	-2.12451	-0.127473	1.12555	-0.996215	1.36022	-0.999565	-0.130859	-2.1025	-0.122868	1.10987	-0.990773	-2.22045e-16	1.39342	1.67721	10.6157	0.317816	1.61098	-3.67532e-08	0.00386909	0.00650753	-1.95447	0.0256892	0.0662869	-7.5567e-08	
1.31	0.0793163	2.05126	1.66039	10.7816	0.368782	1.67253	-0.00451082	1.34716	-1.01884	-0.147296	-2.16751	-0.136916	1.15701	-1.00796	-0.430346	-0.589967	-0.565141	-2.1174	-0.479564	1.5763	-0.612497	3.69549	36.7165	-11.8613	34.5707	-7.92742	3.09944	-26.4645	-0.0780162	-2.07544	-1.63876	-10.7394	-0.367394	-1.67071	0.00445628	1.35148	-1.01278	-0.141698	-2.14618	-0.132156	1.14126	-1.00195	1.35583	-1.00635	-0.136219	-2.12451	-0.127473	1.12555	-0.996215	1.11022e-16	1.35514	1.74646	10.7247	0.320963	1.61076	-3.61918e-08	0.00301297	0.00028581	-1.96651	0.027413	0.0651752	-7.25097e-08	
1.32	0.0908908	1.98341	1.76247	10.944	0.374697	1.67819	-0.00467579	1.34287	-1.02454	-0.153011	-2.18848	-0.141751	1.17279	-1.01422	-0.426412	-0.552535	-0.576705	-2.08092	-0.48694	1.57893	-0.636816	3.93391	37.4317	-11.5633	36.478	-7.37607	2.6226	-24.3186	-0.0891537	-2.01029	-1.73898	-10.905	-0.37317	-1.6769	0.00458997	1.34716	-1.01884	-0.147296	-2.16751	-0.136916	1.15701	-1.00796	1.35148	-1.01278	-0.141698	-2.14618	-0.132156	1.14126	-1.00195	-3.33067e-16	1.31436	1.81576	10.8311	0.324083	1.61053	-1.41768e-08	0.0011151	-0.00373004	-1.97558	0.0282669	0.0631631	-6.81355e-08	
1.33	0.105023	1.9142	1.87014	11.1119	0.38114	1.68557	-0.00488195	1.33863	-1.02986	-0.158842	-2.20909	-0.146661	1.18859	-1.02071	-0.421882	-0.514865	-0.588402	-2.04396	-0.494465	1.58107	-0.658631	4.52995	37.6701	-11.6974	36.9549	-7.52509	2.14577	-21.8153	-0.10389	-1.92725	-1.85338	-11.0818	-0.380355	-1.68474	0.00489389	1.34287	-1.02454	-0.153011	-2.18848	-0.141751	1.17279	-1.01422	1.34716	-1.01884	-0.147296	-2.16751	-0.136916	1.15701	-1.00796	1.11022e-16	1.27114	1.88501	10.9347	0.327171	1.61028	-4.0893e-08	-0.00131615	-0.0103038	-1.98771	0.0295765	0.061636	-6.22997e-08	
1.34	0.119692	1.83893	1.97972	11.2764	0.387393	1.69265	-0.00509181	1.33444	-1.03479	-0.16479	-2.22932	-0.151646	1.20441	-1.02741	-0.417113	-0.47648	-0.599995	-2.00582	-0.501543	1.58262	-0.678301	4.76837	38.3854	-11.5931	38.147	-7.07808	1.54972	-19.6695	-0.112402	-1.83845	-1.95292	-11.2616	-0.385808	-1.69292	0.00498996	1.33863	-1.02986	-0.158842	-2.20909	-0.146661	1.18859	-1.02071	1.34287	-1.02454	-0.153011	-2.18848	-0.141751	1.17279	-1.01422	7.77156e-16	1.22555	1.95413	11.0356	0.330221	1.61002	-2.58018e-08	-0.00166126	-0.0161228	-1.99868	0.0324234	0.0604663	-5.69386e-08	
1.35	0.131031	1.75059	2.08422	11.4427	0.393038	1.69946	-0.00525126	1.3303	-1.03934	-0.17085	-2.24916	-0.156701	1.22025	-1.03428	-0.411987	-0.437379	-0.611156	-1.96671	-0.508681	1.58381	-0.695109	5.126	39.1006	-11.161	39.1008	-7.13766	1.19209	-16.8085	-0.128539	-1.7697	-2.06229	-11.4083	-0.391866	-1.69788	0.00521334	1.33444	-1.03479	-0.16479	-2.22932	-0.151646	1.20441	-1.02741	1.33863	-1.02986	-0.158842	-2.20909	-0.146661	1.18859	-1.02071	-1.11022e-16	1.17766	2.02302	11.1336	0.333229	1.60974	-4.64818e-08	-0.0060612	-0.0205283	-2.00759	0.0323953	0.058051	-5.17367e-08	
1.36	0.140624	1.66294	2.18298	11.6041	0.397791	1.70613	-0.00531374	1.32621	-1.0435	-0.177022	-2.26861	-0.161826	1.23609	-1.04131	-0.406027	-0.39804	-0.622034	-1.92666	-0.515595	1.58441	-0.709295	5.96046	39.3391	-10.8778	40.0543	-6.91414	0.596046	-14.1859	-0.139075	-1.67974	-2.16452	-11.5727	-0.396972	-1.70481	0.00531904	1.3303	-1.03934	-0.17085	-2.24916	-0.156701	1.22025	-1.03428	1.33444	-1.03479	-0.16479	-2.22932	-0.151646	1.20441	-1.02741	-6.66134e-16	1.12758	2.0916	11.2287	0.336188	1.60945	-8.24996e-08	-0.00758527	-0.0254798	-2.01904	0.0328689	0.0559665	-4.66849e-08	
1.37	0.158367	1.5783	2.29779	11.7548	0.404239	1.71233	-0.00561053	1.32218	-1.04726	-0.183303	-2.28765	-0.167019	1.25193	-1.04847	-0.400066	-0.358343	-0.63312	-1.88541	-0.522166	1.58441	-0.720501	5.96046	39.6967	-11.0864	41.2464	-6.57141	0	-11.2057	-0.151408	-1.58669	-2.27048	-11.7343	-0.402468	-1.712	0.00548297	1.32621	-1.0435	-0.177022	-2.26861	-0.161826	1.23609	-1.04131	1.3303	-1.03934	-0.17085	-2.24916	-0.156701	1.22025	-1.03428	3.33067e-16	1.07536	2.15979	11.3208	0.33909	1.60914	-2.14121e-08	-0.0101526	-0.0319693	-2.02986	0.0355232	0.0542268	-3.93892e-08	
1.38	0.170135	1.48097	2.40181	11.9106	0.409313	1.71916	-0.0057544	1.31822	-1.05062	-0.18969	-2.30628	-0.172276	1.26777	-1.05572	-0.393391	-0.318289	-0.643551	-1.84345	-0.528574	1.58334	-0.728846	6.67572	40.0543	-10.4308	41.9617	-6.4075	-1.07288	-8.34465	-0.163224	-1.48683	-2.37651	-11.8966	-0.407648	-1.71946	0.00563161	1.32218	-1.04726	-0.183303	-2.28765	-0.167019	1.25193	-1.04847	1.32621	-1.0435	-0.177022	-2.26861	-0.161826	1.23609	-1.04131	0	1.02113	2.22751	11.4097	0.341932	1.60882	-6.8304e-08	-0.012957	-0.0365012	-2.04114	0.0360506	0.0520199	-3.4844e-08	
1.39	0.180702	1.37574	2.50459	12.0675	0.414212	1.72636	-0.00589217	1.31432	-1.05359	-0.196179	-2.32448	-0.177595	1.28359	-1.06304	-0.386476	-0.277996	-0.653475	-1.80078	-0.534758	1.58155	-0.734806	6.91414	40.2927	-9.92417	42.6769	-6.18398	-1.78814	-5.96046	-0.176083	-1.40265	-2.47645	-12.0286	-0.412153	-1.72374	0.0057447	1.31822	-1.05062	-0.18969	-2.30628	-0.172276	1.26777	-1.05572	1.32218	-1.04726	-0.183303	-2.28765	-0.167019	1.25193	-1.04847	-2.22045e-16	0.964943	2.29466	11.4955	0.344707	1.60849	-9.0043e-08	-0.0151235	-0.0416649	-2.04902	0.0366072	0.0501356	-2.97245e-08	
1.4	0.188861	1.27297	2.59971	12.2186	0.418149	1.73314	-0.00592241	1.3105	-1.05615	-0.202766	-2.34225	-0.182974	1.2994	-1.07041	-0.378609	-0.237942	-0.662893	-1.75738	-0.540555	1.57928	-0.737786	7.86781	40.0543	-9.41753	43.3922	-5.79655	-2.26498	-2.98023	-0.187889	-1.29192	-2.58297	-12.1867	-0.417465	-1.73134	0.0059469	1.31432	-1.05359	-0.196179	-2.32448	-0.177595	1.28359	-1.06304	1.31822	-1.05062	-0.18969	-2.30628	-0.172276	1.26777	-1.05572	-4.44089e-16	0.906934	2.36118	11.578	0.347407	1.60815	-2.14763e-08	-0.0173327	-0.0482395	-2.0599	0.0389783	0.0483749	-2.43177e-08	
1.41	0.202132	1.15667	2.70986	12.3726	0.423465	1.74082	-0.00617007	1.30676	-1.0583	-0.209449	-2.35958	-0.188407	1.31517	-1.0778	-0.370502	-0.197649	-0.6724	-1.71328	-0.545815	1.57595	-0.738263	8.10623	40.2927	-9.50694	44.1074	-5.26011	-3.33786	-0.476837	-0.201098	-1.18776	-2.6881	-12.3331	-0.422471	-1.73834	0.00613439	1.3105	-1.05615	-0.202766	-2.34225	-0.182974	1.2994	-1.07041	1.31432	-1.05359	-0.196179	-2.32448	-0.177595	1.28359	-1.06304	1.11022e-15	0.847197	2.42701	11.6572	0.350029	1.6078	-6.81847e-08	-0.0210963	-0.053025	-2.07199	0.0386822	0.0461528	-1.92395e-08	
1.42	0.213318	1.0582	2.80605	12.4958	0.427265	1.74514	-0.00627367	1.3031	-1.06006	-0.21622	-2.37646	-0.193891	1.33091	-1.08517	-0.361562	-0.157714	-0.680983	-1.6675	-0.550568	1.57142	-0.735879	8.9407	39.9351	-8.58307	45.7764	-4.75347	-4.52995	2.38419	-0.210488	-1.08207	-2.78393	-12.4708	-0.426332	-1.74432	0.00621199	1.30676	-1.0583	-0.209449	-2.35958	-0.188407	1.31517	-1.0778	1.3105	-1.05615	-0.202766	-2.34225	-0.182974	1.2994	-1.07041	-1.11022e-15	0.785845	2.49205	11.733	0.352565	1.60744	-6.01789e-08	-0.0222305	-0.0573358	-2.08164	0.0395777	0.0445707	-1.36158e-08	
1.43	0.225291	0.947379	2.90732	12.6301	0.431612	1.75129	-0.00645263	1.29954	-1.06142	-0.223076	-2.39289	-0.199422	1.3466	-1.0925	-0.352263	-0.118136	-0.689149	-1.62172	-0.554979	1.56617	-0.730991	9.29832	39.5775	-8.16584	45.7764	-4.41074	-5.24521	4.88758	-0.222647	-0.971713	-2.88579	-12.6041	-0.430671	-1.75023	0.00639359	1.3031	-1.06006	-0.21622	-2.37646	-0.193891	1.33091	-1.08517	1.30676	-1.0583	-0.209449	-2.35958	-0.188407	1.31517	-1.0778	4.44089e-16	0.722993	2.55625	11.8054	0.35501	1.60708	-7.56069e-08	-0.0255635	-0.0619602	-2.09181	0.0400303	0.0424915	-9.01327e-09	
1.44	0.235502	0.823107	3.00891	12.7694	0.435885	1.75846	-0.00665086	1.29607	-1.06239	-0.230008	-2.40885	-0.204994	1.36222	-1.09977	-0.342369	-0.0787973	-0.696748	-1.57547	-0.558987	1.55938	-0.723481	9.89437	39.3391	-7.59959	46.2532	-4.00841	-6.79493	7.51019	-0.23488	-0.850443	-2.99056	-12.74	-0.435212	-1.75684	0.00663675	1.29954	-1.06142	-0.223076	-2.39289	-0.199422	1.3466	-1.0925	1.3031	-1.06006	-0.21622	-2.37646	-0.193891	1.33091	-1.08517	-2.22045e-16	0.658747	2.61954	11.8743	0.357359	1.60671	-1.10956e-07	-0.0290057	-0.0679541	-2.10245	0.0413566	0.0404792	-3.38616e-09	
1.45	0.242311	0.704212	3.09978	12.8954	0.439197	1.76401	-0.00675206	1.2927	-1.06296	-0.237012	-2.42435	-0.210603	1.37778	-1.10695	-0.331998	-0.0401735	-0.703186	-1.5285	-0.562474	1.55187	-0.713468	10.3712	38.6238	-6.4373	46.9685	-3.48687	-7.51019	10.0136	-0.241778	-0.730296	-3.08236	-12.8668	-0.438565	-1.76242	0.00674485	1.29607	-1.06239	-0.230008	-2.40885	-0.204994	1.36222	-1.09977	1.29954	-1.06142	-0.223076	-2.39289	-0.199422	1.3466	-1.0925	6.66134e-16	0.593254	2.68186	11.9397	0.359606	1.60634	-2.30136e-08	-0.0306087	-0.072117	-2.1134	0.0402939	0.0386985	-2.68068e-10	
1.46	0.252415	0.572788	3.20115	13.0236	0.443196	1.77057	-0.00700401	1.28944	-1.06315	-0.24408	-2.43937	-0.216242	1.39324	-1.11403	-0.321031	-0.00202656	-0.709459	-1.48106	-0.565037	1.54269	-0.701547	10.9673	38.147	-6.27339	47.4453	-2.563	-9.17912	11.9209	-0.249687	-0.597635	-3.18022	-12.9991	-0.442396	-1.76919	0.00695134	1.2927	-1.06296	-0.237012	-2.42435	-0.210603	1.37778	-1.10695	1.29607	-1.06239	-0.230008	-2.40885	-0.204994	1.36222	-1.09977	-8.88178e-16	0.526633	2.74316	12.0015	0.361748	1.60596	-8.9109e-08	-0.0325629	-0.0783788	-2.12331	0.0420996	0.0374451	4.3577e-09	
1.47	0.260583	0.443714	3.29599	13.1428	0.446807	1.77634	-0.00722496	1.28629	-1.06297	-0.251204	-2.45392	-0.221906	1.40862	-1.12097	-0.309706	0.0351667	-0.71454	-1.43313	-0.567287	1.53232	-0.687599	11.3249	37.1933	-5.0813	47.9221	-2.25008	-10.3712	13.9475	-0.262779	-0.475521	-3.28166	-13.1063	-0.446407	-1.7736	0.00726708	1.28944	-1.06315	-0.24408	-2.43937	-0.216242	1.39324	-1.11403	1.2927	-1.06296	-0.237012	-2.42435	-0.210603	1.37778	-1.10695	1.55431e-15	0.45903	2.80337	12.0598	0.36378	1.60558	-3.97852e-08	-0.0368799	-0.0825613	-2.13347	0.0410445	0.0348774	7.96665e-09	
1.48	0.269896	0.315474	3.39109	13.249	0.450257	1.78085	-0.0074961	1.28326	-1.06241	-0.258375	-2.46798	-0.227586	1.42388	-1.12776	-0.297427	0.0712872	-0.71907	-1.3845	-0.568703	1.52051	-0.671625	12.2786	36.1204	-4.52995	48.6374	-1.41561	-11.8017	15.974	-0.266372	-0.334172	-3.3724	-13.2356	-0.4495	-1.78053	0.00743288	1.28629	-1.06297	-0.251204	-2.45392	-0.221906	1.40862	-1.12097	1.28944	-1.06315	-0.24408	-2.43937	-0.216242	1.39324	-1.11403	-1.11022e-15	0.390576	2.86244	12.1145	0.365701	1.60521	-1.17203e-07	-0.0377285	-0.0883503	-2.14676	0.0399896	0.033566	1.12315e-08	
1.49	0.275833	0.17827	3.48248	13.3587	0.453454	1.78604	-0.00775374	1.28036	-1.06151	-0.265585	-2.48156	-0.233278	1.43901	-1.13438	-0.28491	0.106335	-0.722378	-1.33586	-0.569522	1.50728	-0.653624	12.517	35.0475	-3.30806	48.6374	-0.819564	-13.2322	18.0006	-0.275177	-0.201354	-3.46733	-13.3447	-0.45306	-1.78612	0.00772161	1.28326	-1.06241	-0.258375	-2.46798	-0.227586	1.42388	-1.12776	1.28629	-1.06297	-0.251204	-2.45392	-0.221906	1.40862	-1.12097	6.66134e-16	0.321427	2.92032	12.1657	0.367505	1.60483	-3.89583e-08	-0.0412196	-0.0935743	-2.15738	0.0396447	0.0317331	1.40459e-08	
1.5	0.283536	0.0411094	3.57571	13.4583	0.456622	1.79082	-0.00806979	1.27758	-1.06026	-0.272823	-2.49465	-0.238971	1.454	-1.14081	-0.271916	0.140071	-0.724852	-1.28674	-0.569284	1.49202	-0.634313	12.9938	33.7362	-2.47359	49.1142	0.238419	-15.2588	19.3119	-0.278185	-0.0595643	-3.55474	-13.4564	-0.455651	-1.79218	0.00790863	1.28036	-1.06151	-0.265585	-2.48156	-0.233278	1.43901	-1.13438	1.28326	-1.06241	-0.258375	-2.46798	-0.227586	1.42388	-1.12776	1.11022e-15	0.251739	2.97697	12.2132	0.369192	1.60447	-1.00967e-07	-0.0424727	-0.0981385	-2.16796	0.0399996	0.0303237	1.77296e-08	
1.51	0.285132	-0.108124	3.66265	13.5696	0.459147	1.79728	-0.00829439	1.27494	-1.05868	-0.28008	-2.50725	-0.24466	1.46883	-1.14704	-0.258327	0.172257	-0.726074	-1.23811	-0.56836	1.47521	-0.613809	13.5899	32.1865	-1.2219	48.6373	0.923872	-16.8085	20.5039	-0.289928	0.0611624	-3.64644	-13.526	-0.458653	-1.79355	0.00828927	1.27758	-1.06026	-0.272823	-2.49465	-0.238971	1.454	-1.14081	1.28036	-1.06151	-0.265585	-2.48156	-0.233278	1.43901	-1.13438	4.44089e-16	0.181665	3.03234	12.2572	0.37076	1.6041	-2.31693e-08	-0.0469305	-0.101456	-2.17484	0.0373891	0.0282355	1.86942e-08	
1.52	0.288903	-0.249773	3.74876	13.6577	0.461623	1.80104	-0.00860784	1.27243	-1.05679	-0.287344	-2.51936	-0.250334	1.48348	-1.15306	-0.24426	0.202775	-0.726253	-1.18876	-0.566483	1.45686	-0.592232	14.0667	30.5176	-0.178814	49.3526	1.87755	-18.3582	21.5769	-0.289285	0.219656	-3.7326	-13.6339	-0.461216	-1.79949	0.00857983	1.27494	-1.05868	-0.28008	-2.50725	-0.24466	1.46883	-1.14704	1.27758	-1.06026	-0.272823	-2.49465	-0.238971	1.454	-1.14081	2.22045e-16	0.111385	3.08639	12.2977	0.372208	1.60374	-2.58096e-08	-0.0486249	-0.107207	-2.18612	0.0371128	0.0266641	2.10277e-08	
1.53	0.294679	-0.398351	3.84025	13.7494	0.464663	1.80638	-0.00902335	1.27006	-1.0546	-0.294604	-2.53097	-0.255985	1.49794	-1.15886	-0.229955	0.231504	-0.725448	-1.13964	-0.564009	1.43611	-0.569582	14.3051	28.7294	0.804663	49.1142	2.47359	-20.7424	22.6498	-0.297372	0.369622	-3.82903	-13.7308	-0.464577	-1.80545	0.00903811	1.27243	-1.05679	-0.287344	-2.51936	-0.250334	1.48348	-1.15306	1.27494	-1.05868	-0.28008	-2.50725	-0.24466	1.46883	-1.14704	-6.66134e-16	0.0410557	3.13909	12.3347	0.373538	1.60339	-5.71755e-08	-0.0520986	-0.113879	-2.19855	0.0358022	0.025351	2.28239e-08	
1.54	0.29841	-0.548667	3.92832	13.8341	0.467083	1.81114	-0.00941925	1.26784	-1.05213	-0.301847	-2.5421	-0.261604	1.51217	-1.16443	-0.215054	0.258207	-0.723481	-1.09053	-0.560164	1.41346	-0.546336	14.9012	26.7029	1.96695	49.1142	3.8445	-22.6498	23.2458	-0.295505	0.519553	-3.90748	-13.8129	-0.466352	-1.80926	0.00932219	1.27006	-1.0546	-0.294604	-2.53097	-0.255985	1.49794	-1.15886	1.27243	-1.05679	-0.287344	-2.51936	-0.250334	1.48348	-1.15306	2.22045e-15	-0.029135	3.1904	12.3683	0.374748	1.60305	-3.13499e-08	-0.0530989	-0.118063	-2.20769	0.0354091	0.0238104	2.36997e-08	
1.55	0.298473	-0.702882	4.01125	13.9159	0.469193	1.81564	-0.00980487	1.26578	-1.04941	-0.309062	-2.55273	-0.267181	1.52618	-1.16976	-0.200152	0.282884	-0.719815	-1.04165	-0.555485	1.38903	-0.522494	14.9012	24.6763	3.66569	48.8758	4.67896	-24.4379	23.8419	-0.300824	0.667392	-3.99619	-13.889	-0.46892	-1.8134	0.00978544	1.26784	-1.05213	-0.301847	-2.5421	-0.261604	1.51217	-1.16443	1.27006	-1.0546	-0.294604	-2.53097	-0.255985	1.49794	-1.15886	-2.22045e-16	-0.0990061	3.24029	12.3985	0.375842	1.60272	-3.17259e-08	-0.0572292	-0.121747	-2.21797	0.0323636	0.0223229	2.41155e-08	
1.56	0.301332	-0.853962	4.09635	13.982	0.471395	1.8189	-0.0102961	1.26386	-1.04646	-0.316233	-2.56288	-0.272705	1.53992	-1.17485	-0.184894	0.305295	-0.715047	-0.992536	-0.549734	1.36209	-0.498533	15.2588	22.4113	4.76837	49.1143	5.75185	-26.9413	23.9611	-0.301134	0.820712	-4.07855	-13.9675	-0.470924	-1.81813	0.0101808	1.26578	-1.04941	-0.309062	-2.55273	-0.267181	1.52618	-1.16976	1.26784	-1.05213	-0.301847	-2.5421	-0.261604	1.51217	-1.16443	1.77636e-15	-0.168363	3.28874	12.4255	0.376822	1.6024	7.67317e-09	-0.0592509	-0.125349	-2.2285	0.0308532	0.0210077	2.29767e-08	
1.57	0.29548	-1.01525	4.1722	14.0601	0.472713	1.82367	-0.0106426	1.2621	-1.0433	-0.323348	-2.57254	-0.278166	1.55338	-1.1797	-0.169277	0.325203	-0.70852	-0.944376	-0.542969	1.33324	-0.474334	15.6164	19.9079	6.52671	48.1606	6.76513	-28.8486	24.1995	-0.297212	0.975563	-4.15452	-14.0396	-0.472206	-1.82211	0.0105272	1.26386	-1.04646	-0.316233	-2.56288	-0.272705	1.53992	-1.17485	1.26578	-1.04941	-0.309062	-2.55273	-0.267181	1.52618	-1.16976	4.44089e-16	-0.237018	3.33571	12.4494	0.377691	1.6021	-1.02157e-07	-0.0608794	-0.130823	-2.23943	0.0285941	0.0199539	2.3962e-08	
1.58	0.293501	-1.17188	4.25171	14.1322	0.474309	1.82859	-0.0110693	1.26049	-1.03995	-0.330392	-2.58172	-0.283554	1.56655	-1.18431	-0.153542	0.34225	-0.700831	-0.896692	-0.535041	1.30224	-0.450015	15.7356	17.0469	7.689	47.6837	7.92742	-30.9944	24.3187	-0.296207	1.13384	-4.23592	-14.1062	-0.474194	-1.82611	0.011037	1.2621	-1.0433	-0.323348	-2.57254	-0.278166	1.55338	-1.1797	1.26386	-1.04646	-0.316233	-2.56288	-0.272705	1.53992	-1.17485	6.66134e-16	-0.304769	3.38118	12.4702	0.378452	1.6018	-4.00484e-08	-0.0641338	-0.136559	-2.2488	0.0276817	0.0184131	2.32711e-08	
1.59	0.286582	-1.32849	4.32293	14.188	0.47528	1.83154	-0.0114815	1.25904	-1.03644	-0.33735	-2.59042	-0.288857	1.57938	-1.18868	-0.137687	0.356913	-0.691175	-0.84877	-0.526249	1.26815	-0.426173	15.8548	14.6627	9.65595	47.9221	8.79169	-34.0939	23.8419	-0.290504	1.29509	-4.31136	-14.1658	-0.475329	-1.82929	0.0114986	1.26049	-1.03995	-0.330392	-2.58172	-0.283554	1.56655	-1.18431	1.2621	-1.0433	-0.323348	-2.57254	-0.278166	1.55338	-1.1797	-1.55431e-15	-0.371409	3.42515	12.488	0.379111	1.60151	-7.15638e-08	-0.066042	-0.142285	-2.25803	0.026068	0.0172636	2.18923e-08	
1.6	0.288384	-1.48336	4.40646	14.2403	0.477176	1.83511	-0.0121077	1.25775	-1.03281	-0.344206	-2.59865	-0.294065	1.59187	-1.19281	-0.12207	0.368595	-0.680655	-0.801563	-0.516117	1.23227	-0.40257	15.6164	11.6825	10.5202	47.2069	10.1328	-35.8819	23.6034	-0.289112	1.4563	-4.39337	-14.2402	-0.477121	-1.83609	0.0119895	1.25904	-1.03644	-0.33735	-2.59042	-0.288857	1.57938	-1.18868	1.26049	-1.03995	-0.330392	-2.58172	-0.283554	1.56655	-1.18431	2.22045e-16	-0.436737	3.46757	12.5031	0.379672	1.60124	-6.28232e-08	-0.0684917	-0.146185	-2.27181	0.0234466	0.0162639	2.04463e-08	
1.61	0.285367	-1.63954	4.48328	14.2974	0.47855	1.83975	-0.0126293	1.25661	-1.02907	-0.350944	-2.60641	-0.299167	1.60398	-1.19671	-0.106454	0.377178	-0.668228	-0.75531	-0.50506	1.19376	-0.379682	15.6164	8.58307	12.4276	46.2532	11.0567	-38.5046	22.8882	-0.286018	1.60561	-4.46667	-14.2825	-0.47817	-1.83834	0.0125112	1.25775	-1.03281	-0.344206	-2.59865	-0.294065	1.59187	-1.19281	1.25904	-1.03644	-0.33735	-2.59042	-0.288857	1.57938	-1.18868	-4.44089e-16	-0.500523	3.50847	12.5156	0.380142	1.60099	-4.05653e-09	-0.0721966	-0.151914	-2.27973	0.0217358	0.014823	1.92498e-08	
1.62	0.273978	-1.80673	4.55313	14.3543	0.479133	1.84405	-0.0130995	1.25564	-1.02526	-0.357549	-2.61371	-0.30415	1.6157	-1.20039	-0.0909567	0.383258	-0.653803	-0.709534	-0.492454	1.15275	-0.35727	15.4972	6.07967	14.4243	45.7764	12.6064	-41.008	22.4113	-0.279151	1.77491	-4.54417	-14.3482	-0.479437	-1.84422	0.0130542	1.25661	-1.02907	-0.350944	-2.60641	-0.299167	1.60398	-1.19671	1.25775	-1.03281	-0.344206	-2.59865	-0.294065	1.59187	-1.19281	4.44089e-16	-0.562582	3.5478	12.5256	0.380527	1.60074	-8.96083e-09	-0.0737913	-0.15729	-2.29215	0.020129	0.0138272	1.86806e-08	
1.63	0.266521	-1.96114	4.62279	14.4025	0.479926	1.84817	-0.0135965	1.25481	-1.02141	-0.364003	-2.62056	-0.309003	1.62699	-1.20384	-0.0753403	0.385642	-0.637948	-0.664473	-0.479281	1.109	-0.335455	15.6164	2.38419	15.8548	45.0611	13.1726	-43.7498	21.8153	-0.270057	1.9304	-4.61179	-14.3903	-0.479982	-1.84709	0.0135555	1.25564	-1.02526	-0.357549	-2.61371	-0.30415	1.6157	-1.20039	1.25661	-1.02907	-0.350944	-2.60641	-0.299167	1.60398	-1.19671	-6.66134e-16	-0.62267	3.58558	12.5333	0.380835	1.60051	1.71976e-09	-0.0759271	-0.161366	-2.30115	0.017754	0.0126253	1.53474e-08	
1.64	0.260082	-2.1136	4.6933	14.4407	0.480619	1.85112	-0.0141744	1.25414	-1.01756	-0.370288	-2.62696	-0.313716	1.63783	-1.20708	-0.0602007	0.385046	-0.620425	-0.619888	-0.46441	1.06323	-0.314593	15.1396	-0.596046	17.5237	44.5842	14.8714	-45.7764	20.8616	-0.259377	2.09387	-4.68163	-14.4497	-0.480626	-1.85301	0.0140252	1.25481	-1.02141	-0.364003	-2.62056	-0.309003	1.62699	-1.20384	1.25564	-1.02526	-0.357549	-2.61371	-0.30415	1.6157	-1.20039	1.33227e-15	-0.680579	3.62179	12.5388	0.381071	1.60029	4.24941e-08	-0.0777448	-0.167167	-2.31348	0.0163101	0.0117416	1.40057e-08	
1.65	0.25024	-2.27264	4.7626	14.4922	0.481205	1.85667	-0.0146863	1.25362	-1.01373	-0.376389	-2.63292	-0.318275	1.64819	-1.21011	-0.0451803	0.381231	-0.601202	-0.576496	-0.448704	1.01411	-0.294328	15.0204	-3.8147	19.2225	43.3922	15.7058	-49.1142	20.2655	-0.257604	2.23653	-4.7543	-14.4828	-0.481547	-1.85615	0.014643	1.25414	-1.01756	-0.370288	-2.62696	-0.313716	1.63783	-1.20708	1.25481	-1.02141	-0.364003	-2.62056	-0.309003	1.62699	-1.20384	-1.11022e-15	-0.736094	3.65643	12.5424	0.381245	1.60008	-5.06484e-08	-0.081941	-0.170873	-2.32224	0.0139291	0.0103958	1.10878e-08	
1.66	0.243958	-2.42159	4.83234	14.5299	0.481942	1.86081	-0.0152836	1.25325	-1.00995	-0.382285	-2.63845	-0.32267	1.65805	-1.21295	-0.0309944	0.374198	-0.580043	-0.533581	-0.431687	0.962734	-0.275135	14.1859	-7.03335	21.1596	42.9153	17.0171	-51.3793	19.1927	-0.24249	2.39761	-4.81753	-14.5316	-0.481691	-1.86101	0.0151139	1.25362	-1.01373	-0.376389	-2.63292	-0.318275	1.64819	-1.21011	1.25414	-1.01756	-0.370288	-2.62696	-0.313716	1.63783	-1.20708	-1.11022e-15	-0.788997	3.68949	12.5443	0.381363	1.59988	-1.09744e-07	-0.0828057	-0.176644	-2.33314	0.0128972	0.0095346	8.97612e-09	
1.67	0.225308	-2.57993	4.89046	14.5848	0.481842	1.86656	-0.0156686	1.25302	-1.00626	-0.38796	-2.64356	-0.326891	1.66739	-1.2156	-0.0166893	0.363946	-0.556827	-0.492096	-0.413775	0.909209	-0.256777	14.3051	-10.252	23.216	41.4849	17.9112	-53.525	18.3582	-0.233883	2.53988	-4.88115	-14.5628	-0.482088	-1.86435	0.0156579	1.25325	-1.00995	-0.382285	-2.63845	-0.32267	1.65805	-1.21295	1.25362	-1.01373	-0.376389	-2.63292	-0.318275	1.64819	-1.21011	1.55431e-15	-0.83907	3.72098	12.5446	0.381434	1.5997	-1.39334e-08	-0.0854778	-0.180759	-2.34167	0.0110584	0.00806057	5.93683e-09	
1.68	0.223139	-2.71522	4.96023	14.6127	0.48284	1.87047	-0.0163338	1.25293	-1.0027	-0.393395	-2.64825	-0.330925	1.67617	-1.21806	-0.00345707	0.350237	-0.53218	-0.450611	-0.394821	0.852466	-0.238776	13.2322	-13.7091	24.6465	41.4848	18.9543	-56.7436	18.0006	-0.223643	2.68671	-4.94572	-14.6089	-0.482547	-1.87004	0.0161629	1.25302	-1.00626	-0.38796	-2.64356	-0.326891	1.66739	-1.2156	1.25325	-1.00995	-0.382285	-2.63845	-0.32267	1.65805	-1.21295	-6.66134e-16	-0.886096	3.75089	12.5435	0.381466	1.59953	-5.25787e-08	-0.0881642	-0.186356	-2.35376	0.00945479	0.00741616	4.83411e-09	
1.69	0.206533	-2.86596	5.0189	14.6591	0.482911	1.87602	-0.0167993	1.25296	-0.999283	-0.398572	-2.65253	-0.334762	1.68437	-1.22036	0.00977516	0.333786	-0.505418	-0.410318	-0.374675	0.793338	-0.22161	13.2322	-16.4509	26.7625	40.2927	20.1464	-59.1278	17.1661	-0.220191	2.8217	-5.01406	-14.6343	-0.483369	-1.87366	0.016838	1.25293	-1.0027	-0.393395	-2.64825	-0.330925	1.67617	-1.21806	1.25302	-1.00626	-0.38796	-2.64356	-0.326891	1.66739	-1.2156	2.22045e-16	-0.929877	3.77924	12.5413	0.381466	1.59937	-4.85531e-08	-0.0911788	-0.191733	-2.36281	0.0076874	0.00689386	2.41313e-09	
1.7	0.209249	-2.98664	5.08944	14.6804	0.484112	1.88006	-0.0175111	1.25313	-0.996055	-0.403473	-2.65641	-0.338391	1.69196	-1.22248	0.0220537	0.31352	-0.477433	-0.370264	-0.353605	0.731349	-0.205159	12.2786	-20.2655	27.9844	40.0543	21.0702	-61.9888	16.4509	-0.203097	2.96979	-5.07163	-14.6883	-0.483427	-1.88063	0.0172422	1.25296	-0.999283	-0.398572	-2.65253	-0.334762	1.68437	-1.22036	1.25293	-1.0027	-0.393395	-2.64825	-0.330925	1.67617	-1.21806	-2.22045e-16	-0.970192	3.80601	12.538	0.381442	1.59922	-6.52779e-09	-0.0929216	-0.198179	-2.37525	0.00753477	0.00572168	1.39081e-09	
1.71	0.194585	-3.12079	5.14461	14.7214	0.484045	1.88545	-0.0179395	1.25342	-0.993042	-0.408079	-2.6599	-0.3418	1.69893	-1.22445	0.0340939	0.290692	-0.446975	-0.331402	-0.330836	0.667334	-0.189424	12.0401	-22.8286	30.458	38.8622	22.769	-64.0154	15.7356	-0.193999	3.09931	-5.13142	-14.7151	-0.483783	-1.88444	0.0178183	1.25313	-0.996055	-0.403473	-2.65641	-0.338391	1.69196	-1.22248	1.25296	-0.999283	-0.398572	-2.65253	-0.334762	1.68437	-1.22036	-2.22045e-16	-1.00686	3.83121	12.534	0.381404	1.59908	-2.9668e-08	-0.0961237	-0.20338	-2.38454	0.00586163	0.00513881	-2.22936e-09	
1.72	0.181979	-3.24695	5.19944	14.7587	0.484264	1.89066	-0.0184048	1.25382	-0.990274	-0.412372	-2.663	-0.34498	1.70524	-1.22626	0.0455379	0.264943	-0.414729	-0.293016	-0.307351	0.600696	-0.173807	11.4441	-25.7492	32.2461	38.3854	23.4842	-66.6379	15.6164	-0.184011	3.22375	-5.18886	-14.7575	-0.484209	-1.89065	0.018271	1.25342	-0.993042	-0.408079	-2.6599	-0.3418	1.69893	-1.22445	1.25313	-0.996055	-0.403473	-2.65641	-0.338391	1.69196	-1.22248	0	-1.03967	3.85483	12.5294	0.381356	1.59895	-1.61671e-08	-0.0970509	-0.206767	-2.39607	0.00438955	0.00415171	-3.63771e-09	
1.73	0.171594	-3.34559	5.24462	14.7845	0.484036	1.89522	-0.0186873	1.25434	-0.98778	-0.416334	-2.66572	-0.34792	1.71086	-1.22791	0.0561476	0.236273	-0.380754	-0.255585	-0.283062	0.531435	-0.158906	10.6096	-28.6698	33.9746	37.4317	24.2889	-69.2606	14.9012	-0.17503	3.33283	-5.24083	-14.785	-0.484439	-1.89495	0.0187127	1.25382	-0.990274	-0.412372	-2.663	-0.34498	1.70524	-1.22626	1.25342	-0.993042	-0.408079	-2.6599	-0.3418	1.69893	-1.22445	-2.22045e-16	-1.06845	3.87688	12.5243	0.381306	1.59884	1.89742e-09	-0.100554	-0.212782	-2.40405	0.0046734	0.00307687	-4.17922e-09	
1.74	0.156464	-3.31164	5.21782	14.6797	0.47876	1.88248	-0.0180881	1.25495	-0.985584	-0.419951	-2.66808	-0.350614	1.7158	-1.22942	0.0662804	0.205934	-0.346214	-0.218868	-0.258446	0.461817	-0.143886	10.1328	-30.3388	34.5409	36.7165	24.6167	-69.6183	15.0204	-0.161566	3.32764	-5.23053	-14.7073	-0.480227	-1.88593	0.0183167	1.25434	-0.98778	-0.416334	-2.66572	-0.34792	1.71086	-1.22791	1.25382	-0.990274	-0.412372	-2.663	-0.34498	1.70524	-1.22626	-2.22045e-16	-1.09307	3.89737	12.519	0.381261	1.59873	-3.76197e-08	-0.0974218	-0.207843	-2.39255	0.00371517	0.00309383	-5.22434e-09	
1.75	0.134312	-3.19088	5.13903	14.5068	0.470087	1.86067	-0.0167335	1.25567	-0.983692	-0.423227	-2.67008	-0.353066	1.72005	-1.23078	0.0753403	0.175774	-0.312626	-0.185251	-0.234872	0.395298	-0.130296	9.05991	-30.16	33.5872	33.617	23.5737	-66.5188	13.5899	-0.139024	3.21548	-5.15533	-14.5368	-0.4718	-1.86415	0.0170499	1.25495	-0.985584	-0.419951	-2.66808	-0.350614	1.7158	-1.22942	1.25434	-0.98778	-0.416334	-2.66572	-0.34792	1.71086	-1.22791	-1.33227e-15	-1.11358	3.91637	12.5135	0.381223	1.59863	-3.29159e-08	-0.0904692	-0.193968	-2.36214	0.00251237	0.00210003	-5.65187e-09	
1.76	0.111912	-3.01718	5.03375	14.2911	0.459902	1.83294	-0.0150534	1.25646	-0.982094	-0.42618	-2.67176	-0.355289	1.72366	-1.23201	0.0829697	0.147104	-0.281066	-0.154972	-0.212759	0.334144	-0.117421	7.62939	-28.6698	31.5607	30.2791	22.1133	-61.1544	12.8746	-0.122913	3.05373	-5.06431	-14.3398	-0.462432	-1.8401	0.0154772	1.25567	-0.983692	-0.423227	-2.67008	-0.353066	1.72005	-1.23078	1.25495	-0.985584	-0.419951	-2.66808	-0.350614	1.7158	-1.22942	-1.33227e-15	-1.13021	3.934	12.508	0.381197	1.59854	-5.91052e-08	-0.0842943	-0.175853	-2.32486	0.00363457	0.000665178	-3.73751e-09	
1.77	0.097641	-2.82094	4.92808	14.0726	0.449995	1.80574	-0.0133099	1.25733	-0.980773	-0.428836	-2.67316	-0.357306	1.72669	-1.23312	0.0895262	0.120282	-0.253022	-0.128746	-0.19303	0.278831	-0.1055	6.55651	-26.8221	28.044	26.226	19.7291	-55.3131	11.9209	-0.101525	2.86375	-4.9525	-14.1188	-0.45197	-1.81168	0.0136846	1.25646	-0.982094	-0.42618	-2.67176	-0.355289	1.72366	-1.23201	1.25567	-0.983692	-0.423227	-2.67008	-0.353066	1.72005	-1.23078	8.88178e-16	-1.1433	3.95039	12.5026	0.381181	1.59846	-7.08776e-08	-0.0738772	-0.156293	-2.28415	0.00173038	0.000519791	-4.37057e-09	
1.78	0.076347	-2.62683	4.81442	13.8582	0.439841	1.77813	-0.0114903	1.25826	-0.979704	-0.431224	-2.67432	-0.359136	1.7292	-1.23412	0.095129	0.0964403	-0.227571	-0.105858	-0.175387	0.229835	-0.0941753	5.60284	-23.8419	25.4512	22.8882	17.643	-48.995	11.3249	-0.0839675	2.66707	-4.84228	-13.9052	-0.442187	-1.78464	0.0119008	1.25733	-0.980773	-0.428836	-2.67316	-0.357306	1.72669	-1.23312	1.25646	-0.982094	-0.42618	-2.67176	-0.355289	1.72366	-1.23201	3.10862e-15	-1.15322	3.9657	12.4972	0.381176	1.59839	-3.8074e-08	-0.0644051	-0.137605	-2.24323	0.00225486	0.000211937	-2.62201e-09	
1.79	0.0636458	-2.44329	4.71764	13.6737	0.431121	1.75529	-0.00981627	1.25923	-0.97886	-0.433378	-2.67527	-0.360805	1.73126	-1.235	0.099659	0.0750422	-0.205815	-0.0870228	-0.160187	0.187397	-0.0839233	4.52995	-21.3981	21.7557	18.8351	15.1992	-42.4385	10.252	-0.0666299	2.47898	-4.73695	-13.7103	-0.432968	-1.75994	0.0101522	1.25826	-0.979704	-0.431224	-2.67432	-0.359136	1.7292	-1.23412	1.25733	-0.980773	-0.428836	-2.67316	-0.357306	1.72669	-1.23312	-8.88178e-16	-1.16033	3.98007	12.492	0.381181	1.59833	-7.18358e-08	-0.0544813	-0.120521	-2.20466	0.00379416	-6.36403e-05	-1.49442e-10	
1.8	0.0546925	-2.25972	4.62529	13.4772	0.422988	1.73014	-0.00837796	1.26025	-0.978215	-0.435328	-2.67605	-0.362332	1.73293	-1.23579	0.103354	0.056386	-0.186682	-0.0700951	-0.146836	0.150919	-0.0741482	3.69549	-18.6563	19.1331	16.9277	13.3514	-36.478	9.77515	-0.0574496	2.29207	-4.64283	-13.5172	-0.424613	-1.73553	0.00862044	1.25923	-0.97886	-0.433378	-2.67527	-0.360805	1.73126	-1.235	1.25826	-0.979704	-0.431224	-2.67432	-0.359136	1.7292	-1.23412	-4.44089e-16	-1.165	3.99364	12.4868	0.381194	1.59827	-7.94757e-08	-0.0480459	-0.103116	-2.16849	0.00299291	-0.000612333	1.94629e-09	
1.81	0.0425242	-2.09908	4.54067	13.3218	0.415668	1.71064	-0.0069175	1.2613	-0.977743	-0.4371	-2.67667	-0.363739	1.73426	-1.23648	0.106454	0.0400543	-0.170052	-0.0565052	-0.13566	0.119209	-0.0647306	3.09944	-16.3317	16.6297	13.5899	11.1759	-31.7097	9.41753	-0.0376916	2.13916	-4.55232	-13.364	-0.416868	-1.71559	0.00709329	1.26025	-0.978215	-0.435328	-2.67605	-0.362332	1.73293	-1.23579	1.25923	-0.97886	-0.433378	-2.67527	-0.360805	1.73126	-1.235	4.44089e-16	-1.16756	4.00652	12.4818	0.381212	1.59822	-7.86019e-08	-0.0382913	-0.0878946	-2.13827	0.0028192	-0.000379884	1.07067e-09	
1.82	0.0360323	-1.95573	4.47207	13.182	0.409635	1.69315	-0.00574015	1.26238	-0.97742	-0.438722	-2.67718	-0.365043	1.73531	-1.23707	0.109076	0.0260472	-0.156254	-0.0450611	-0.126362	0.0927448	-0.0553131	2.6226	-14.0071	13.7985	11.4441	9.29832	-26.4645	9.41754	-0.0290206	1.99116	-4.47888	-13.2229	-0.410299	-1.69779	0.00580194	1.2613	-0.977743	-0.4371	-2.67667	-0.363739	1.73426	-1.23648	1.26025	-0.978215	-0.435328	-2.67605	-0.362332	1.73293	-1.23579	-4.44089e-16	-1.16832	4.01881	12.4769	0.381235	1.59818	-1.33547e-07	-0.0310525	-0.0735467	-2.11081	0.0032353	-0.00105907	4.88784e-09	
1.83	0.0243852	-1.834	4.40798	13.0683	0.40405	1.67864	-0.00459341	1.26348	-0.977226	-0.440214	-2.67758	-0.366259	1.73611	-1.23757	0.110984	0.0143051	-0.144005	-0.0357628	-0.118226	0.0704527	-0.0462532	1.90735	-11.7421	12.2488	9.29832	8.13604	-22.2921	9.05991	-0.024862	1.85819	-4.41834	-13.0909	-0.40491	-1.68162	0.00476703	1.26238	-0.97742	-0.438722	-2.67718	-0.365043	1.73531	-1.23707	1.2613	-0.977743	-0.4371	-2.67667	-0.363739	1.73426	-1.23648	-1.77636e-15	-1.16755	4.03061	12.4721	0.381258	1.59814	-6.99329e-08	-0.0276209	-0.062549	-2.08564	0.0035475	-0.00170741	5.71494e-09	
1.84	0.0194556	-1.72405	4.35842	12.9652	0.39958	1.66588	-0.00369054	1.2646	-0.97714	-0.441599	-2.67789	-0.367403	1.73671	-1.23799	0.112772	0.00417233	-0.13411	-0.027895	-0.111699	0.0516176	-0.0374317	1.78814	-10.1328	9.89437	7.86781	6.52671	-18.8351	8.82148	-0.0227857	1.74368	-4.3701	-12.9829	-0.400591	-1.66823	0.00390553	1.26348	-0.977226	-0.440214	-2.67758	-0.366259	1.73611	-1.23757	1.26238	-0.97742	-0.438722	-2.67718	-0.365043	1.73531	-1.23707	4.44089e-16	-1.16548	4.04201	12.4675	0.38128	1.59811	-1.08029e-08	-0.0237806	-0.0545677	-2.06475	0.00486422	-0.00157722	8.83959e-09	
1.85	0.0169648	-1.62596	4.31799	12.8714	0.395791	1.65428	-0.00295609	1.26574	-0.977146	-0.442892	-2.67813	-0.368485	1.73713	-1.23831	0.113964	-0.00429153	-0.125647	-0.0212193	-0.105917	0.0360012	-0.028491	1.19209	-8.46386	8.46386	6.67572	5.78165	-15.6164	8.9407	-0.0177662	1.64948	-4.32858	-12.8956	-0.396623	-1.65752	0.00310846	1.2646	-0.97714	-0.441599	-2.67789	-0.367403	1.73671	-1.23799	1.26348	-0.977226	-0.440214	-2.67758	-0.366259	1.73611	-1.23757	1.33227e-15	-1.16233	4.05306	12.4628	0.381301	1.59809	-6.62338e-08	-0.0210069	-0.0456698	-2.04835	0.00437187	-0.00210398	8.82899e-09	
1.86	0.0141422	-1.5429	4.28487	12.7942	0.392536	1.64495	-0.00230811	1.26688	-0.97723	-0.444109	-2.67831	-0.369517	1.73742	-1.23855	0.115156	-0.0114441	-0.118673	-0.0157356	-0.101179	0.0226498	-0.0196695	1.19209	-7.15256	6.97375	5.48363	4.73857	-13.3514	8.82149	-0.0137108	1.56129	-4.29138	-12.8136	-0.392985	-1.64733	0.00239585	1.26574	-0.977146	-0.442892	-2.67813	-0.368485	1.73713	-1.23831	1.2646	-0.97714	-0.441599	-2.67789	-0.367403	1.73671	-1.23799	1.77636e-15	-1.15825	4.06383	12.4583	0.381317	1.59807	-2.89227e-08	-0.0168765	-0.0368182	-2.03215	0.00363932	-0.00250205	8.42758e-09	
1.87	0.0113257	-1.47904	4.26186	12.7461	0.390135	1.63957	-0.00173438	1.26804	-0.977379	-0.445263	-2.67845	-0.370505	1.73759	-1.2387	0.115871	-0.0174046	-0.112891	-0.0119209	-0.0974238	0.0120401	-0.010848	0.715256	-5.96047	5.78165	3.8147	3.75509	-10.6096	8.82149	-0.0111758	1.48716	-4.26316	-12.7484	-0.390291	-1.6395	0.00182009	1.26688	-0.97723	-0.444109	-2.67831	-0.369517	1.73742	-1.23855	1.26574	-0.977146	-0.442892	-2.67813	-0.368485	1.73713	-1.23831	0	-1.15342	4.07436	12.4538	0.381329	1.59806	-5.2298e-08	-0.0134116	-0.0296374	-2.0207	0.00355659	-0.00252466	9.82889e-09	
1.88	0.00731226	-1.41116	4.23495	12.6803	0.387398	1.63119	-0.00122806	1.2692	-0.977582	-0.446362	-2.67855	-0.371457	1.73765	-1.23876	0.116825	-0.0225306	-0.107765	-0.00786781	-0.0938773	0.00274181	-0.00238419	0.953674	-5.126	5.126	4.05311	3.54648	-9.29832	8.46386	-0.00998306	1.42483	-4.24281	-12.6967	-0.388185	-1.63349	0.00134889	1.26804	-0.977379	-0.445263	-2.67845	-0.370505	1.73759	-1.2387	1.26688	-0.97723	-0.444109	-2.67831	-0.369517	1.73742	-1.23855	4.44089e-16	-1.14795	4.0847	12.4494	0.381334	1.59805	-5.00122e-08	-0.012717	-0.0263202	-2.01162	0.00370153	-0.00229636	1.12761e-08	
1.89	0.00696297	-1.35922	4.221	12.6364	0.385765	1.62614	-0.000877763	1.27037	-0.977831	-0.447418	-2.67861	-0.372381	1.73764	-1.23873	0.117183	-0.0266433	-0.103623	-0.00500679	-0.0912845	-0.00452995	0.00631809	0.357628	-4.11272	4.14252	2.86102	2.5928	-7.27177	8.70228	-0.0085289	1.37132	-4.22675	-12.6495	-0.386198	-1.62797	0.000956972	1.2692	-0.977582	-0.446362	-2.67855	-0.371457	1.73765	-1.23876	1.26804	-0.977379	-0.445263	-2.67845	-0.370505	1.73759	-1.2387	-1.77636e-15	-1.14195	4.09488	12.445	0.381331	1.59806	-3.34014e-08	-0.00997445	-0.0209019	-2.00222	0.0045007	-0.00269828	1.18125e-08	
1.9	0.00771894	-1.31392	4.21205	12.5991	0.384274	1.62216	-0.000577009	1.27155	-0.978117	-0.448436	-2.67865	-0.373281	1.73756	-1.23863	0.117779	-0.0302196	-0.100493	-0.0026226	-0.0888705	-0.010848	0.0145435	0.596046	-3.57628	3.12924	2.38419	2.41399	-6.31809	8.22544	-0.0030412	1.32154	-4.20727	-12.6058	-0.384264	-1.62225	0.00055341	1.27037	-0.977831	-0.447418	-2.67861	-0.372381	1.73764	-1.23873	1.2692	-0.977582	-0.446362	-2.67855	-0.371457	1.73765	-1.23876	-4.44089e-16	-1.13551	4.10492	12.4407	0.38132	1.59806	-1.42425e-08	-0.00722533	-0.0157982	-1.99415	0.0034937	-0.00281453	1.12218e-08	
1.91	0.00466943	-1.27747	4.20264	12.5648	0.382916	1.61798	-0.000329131	1.27273	-0.978436	-0.449424	-2.67866	-0.37416	1.73742	-1.23843	0.118494	-0.033021	-0.0977814	-0.000476837	-0.0872016	-0.015974	0.0226498	0.715256	-2.80142	2.71201	2.14577	1.66893	-5.126	8.10623	-0.00242147	1.28282	-4.19985	-12.5717	-0.38298	-1.61848	0.0003097	1.27155	-0.978117	-0.448436	-2.67865	-0.373281	1.73756	-1.23863	1.27037	-0.977831	-0.447418	-2.67861	-0.372381	1.73764	-1.23873	1.33227e-15	-1.12869	4.11487	12.4364	0.381301	1.59808	-3.00972e-08	-0.00703964	-0.0152379	-1.98802	0.00457441	-0.00283989	1.26573e-08	
1.92	0.0018342	-1.24619	4.19647	12.5465	0.381866	1.61606	-5.62185e-05	1.27391	-0.97878	-0.450387	-2.67866	-0.375023	1.73724	-1.23816	0.118613	-0.0354648	-0.0952184	0.000715256	-0.0855625	-0.0199079	0.0311136	0.119209	-2.44379	2.563	1.19209	1.63913	-3.9339	8.46386	-0.00955686	1.24384	-4.20227	-12.5451	-0.382546	-1.61638	0.00018417	1.27273	-0.978436	-0.449424	-2.67866	-0.37416	1.73742	-1.23843	1.27155	-0.978117	-0.448436	-2.67865	-0.373281	1.73756	-1.23863	1.33227e-15	-1.12158	4.12472	12.4321	0.381272	1.5981	-5.21434e-08	-0.00669761	-0.0112343	-1.98404	0.00405698	-0.00264516	1.29509e-08	
1.93	0.00431611	-1.21677	4.19791	12.5252	0.381336	1.61418	6.26895e-05	1.2751	-0.979147	-0.451329	-2.67865	-0.375873	1.73702	-1.2378	0.118852	-0.0375509	-0.0934899	0.00190735	-0.08443	-0.023365	0.0392199	0.238419	-2.08616	1.72853	1.19209	1.13249	-3.45707	8.10623	-0.0057606	1.21478	-4.19595	-12.5261	-0.381433	-1.61434	-7.7369e-05	1.27391	-0.97878	-0.450387	-2.67866	-0.375023	1.73724	-1.23816	1.27273	-0.978436	-0.449424	-2.67866	-0.37416	1.73742	-1.23843	1.33227e-15	-1.11421	4.13451	12.4278	0.381234	1.59812	-4.48643e-08	-0.00532236	-0.0101886	-1.97959	0.00531036	-0.00280442	1.23143e-08	
1.94	0.000688718	-1.19322	4.19449	12.5044	0.380484	1.61168	0.000214263	1.27629	-0.979532	-0.452254	-2.67862	-0.376711	1.73677	-1.23737	0.119209	-0.0391006	-0.0917315	0.00309944	-0.0834167	-0.0263453	0.0470877	0.357628	-1.54972	1.75834	1.19209	1.01328	-2.98023	7.86781	0.00327058	1.19963	-4.19015	-12.5104	-0.380244	-1.61206	-0.000273712	1.2751	-0.979147	-0.451329	-2.67865	-0.375873	1.73702	-1.2378	1.27391	-0.97878	-0.450387	-2.67866	-0.375023	1.73724	-1.23816	4.44089e-16	-1.10664	4.14424	12.4236	0.381186	1.59815	-6.37606e-08	-0.00242672	-0.00861757	-1.97726	0.00452411	-0.00270414	1.1754e-08	
1.95	0.00131823	-1.16892	4.19625	12.4845	0.379926	1.60962	0.000297572	1.27749	-0.979932	-0.453164	-2.67858	-0.37754	1.7365	-1.23686	0.119567	-0.0405908	-0.0905394	0.00405312	-0.0824928	-0.0287294	0.0543594	0.357628	-1.49011	1.19209	0.953675	0.923872	-2.38419	7.27177	-0.00301007	1.17069	-4.19667	-12.4877	-0.380068	-1.6101	-0.000283725	1.27629	-0.979532	-0.452254	-2.67862	-0.376711	1.73677	-1.23737	1.2751	-0.979147	-0.451329	-2.67865	-0.375873	1.73702	-1.2378	1.77636e-15	-1.09888	4.15393	12.4193	0.381128	1.59819	-7.14774e-08	-0.00441264	-0.00735026	-1.97434	0.00412974	-0.00275464	1.18493e-08	
1.96	0.00392314	-1.14351	4.19969	12.4666	0.379804	1.60807	0.000342279	1.27868	-0.980345	-0.454062	-2.67854	-0.378361	1.7362	-1.23628	0.119328	-0.0418425	-0.0891387	0.00476837	-0.0820756	-0.0308752	0.0617504	-0.238419	-1.2517	1.40071	0.715256	0.417233	-2.14577	7.39098	-0.00155996	1.15086	-4.19787	-12.4691	-0.379637	-1.60805	-0.000340524	1.27749	-0.979932	-0.453164	-2.67858	-0.37754	1.7365	-1.23686	1.27629	-0.979532	-0.452254	-2.67862	-0.376711	1.73677	-1.23737	8.88178e-16	-1.09098	4.16357	12.4151	0.38106	1.59823	-5.25664e-08	-0.00220583	-0.00527109	-1.97131	0.0042644	-0.00226555	1.17151e-08	
1.97	-0.000918257	-1.13172	4.20134	12.4632	0.379186	1.60771	0.000473015	1.27988	-0.980769	-0.454949	-2.67849	-0.379176	1.73588	-1.23562	0.119686	-0.0427961	-0.0882447	0.00500679	-0.0812113	-0.0320673	0.0685453	0.357628	-0.953674	0.89407	0.238418	0.864267	-1.19209	6.79493	-0.00315205	1.12797	-4.20161	-12.4501	-0.379224	-1.60604	-0.000376661	1.27868	-0.980345	-0.454062	-2.67854	-0.378361	1.7362	-1.23628	1.27749	-0.979932	-0.453164	-2.67858	-0.37754	1.7365	-1.23686	4.44089e-16	-1.08296	4.17319	12.4109	0.380984	1.59828	-7.55767e-08	-0.00368368	-0.00479682	-1.96975	0.00353089	-0.00294839	1.12203e-08	
