0.66	0.58853	-0.542208	2.03811	4.25746	0.50903	1.4179	-0.0291976	1.57826	-0.534067	-0.0063094	-1.06552	-0.00634163	0.531471	-0.748	-0.264287	0.11754	-0.0395314	0.22614	-0.0388334	-0.108242	-1.7761	-264.287	117.54	-39.5314	226.14	-38.8334	-108.242	-1776.1	-0.634975	0.607971	-2.20105	-4.21498	-0.540968	-1.40171	0.0321866	0	0	0	0	0	0	0	0	0	0	0	0	0	0	0	0.412257	-0.10832	4.7555	0.155884	1.61475	3.92999e-07	-0.340588	-0.315589	-1.68436	0.0711096	-0.0597061	4.73259e-07	
0.67	0.410522	-0.2535	1.41355	4.3854	0.385788	1.47664	-0.0176493	1.57579	-0.533206	-0.00653613	-1.06387	-0.00656763	0.53068	-0.764968	-0.234127	0.0630617	-0.0105035	0.121117	-0.0106613	-0.0579357	-1.63466	30.16	-54.4786	29.0279	-105.023	28.172	50.3063	141.442	-0.437933	0.297289	-1.50968	-4.36549	-0.404826	-1.4675	0.0194462	1.57826	-0.534067	-0.0063094	-1.06552	-0.00634163	0.531471	-0.748	0	0	0	0	0	0	0	2.77556e-17	0.407242	-0.107907	4.74664	0.157104	1.61483	2.98254e-07	-0.246295	-0.216948	-1.77063	0.0712013	-0.0658641	4.72911e-07	
0.68	0.302193	-0.0758423	1.03393	4.44186	0.30967	1.50897	-0.0104212	1.57357	-0.532806	-0.00651654	-1.0631	-0.00654779	0.530314	-0.780607	-0.212669	0.0228286	0.01076	0.0433922	0.0110487	-0.020504	-1.50776	21.4577	-40.2331	21.2635	-77.7245	21.7101	37.4317	126.898	-0.316281	0.107964	-1.08334	-4.43718	-0.319723	-1.50429	0.0113896	1.57579	-0.533206	-0.00653613	-1.06387	-0.00656763	0.53068	-0.764968	1.57826	-0.534067	-0.0063094	-1.06552	-0.00634163	0.531471	-0.748	-5.55112e-17	0.404917	-0.109324	4.74253	0.158322	1.61486	3.06974e-07	-0.187459	-0.155352	-1.81463	0.0739675	-0.0689442	5.23184e-07	
0.69	0.240498	0.0158708	0.817277	4.46055	0.265839	1.52426	-0.00614822	1.57154	-0.532762	-0.00631091	-1.06303	-0.00634179	0.530282	-0.795023	-0.196218	-0.0100136	0.0276947	-0.0206232	0.0277818	0.0103712	-1.38825	16.4509	-32.8422	16.9347	-64.0154	16.7331	30.8752	119.507	-0.250337	-0.00365107	-0.852012	-4.45809	-0.272761	-1.52214	0.00683346	1.57357	-0.532806	-0.00651654	-1.0631	-0.00654779	0.530314	-0.780607	1.57579	-0.533206	-0.00653613	-1.06387	-0.00656763	0.53068	-0.764968	2.77556e-17	0.404628	-0.112103	4.74213	0.159526	1.61486	3.51923e-07	-0.157945	-0.119155	-1.83506	0.0752331	-0.0727114	5.63293e-07	
0.7	0.211372	0.054081	0.714165	4.45578	0.244542	1.52843	-0.00394313	1.56965	-0.533027	-0.00595543	-1.06356	-0.00598532	0.530544	-0.808263	-0.18239	-0.0398755	0.0420157	-0.0792742	0.0419496	0.039041	-1.27149	13.8283	-29.8619	14.3209	-58.651	14.1677	28.6698	116.765	-0.216073	-0.0555891	-0.730959	-4.45381	-0.247891	-1.52804	0.00430412	1.57154	-0.532762	-0.00631091	-1.06303	-0.00634179	0.530282	-0.795023	1.57357	-0.532806	-0.00651654	-1.0631	-0.00654779	0.530314	-0.780607	0	0.406049	-0.115971	4.74501	0.160712	1.61482	3.85295e-07	-0.144375	-0.0987664	-1.83922	0.0781865	-0.076202	5.97802e-07	
0.71	0.20507	0.0652496	0.690202	4.43802	0.239055	1.52653	-0.0031981	1.5679	-0.533589	-0.00546615	-1.06467	-0.00549489	0.531093	-0.820337	-0.169158	-0.0696778	0.0547096	-0.138044	0.0547166	0.0678301	-1.15454	13.2322	-29.8023	12.6939	-58.7702	12.767	28.789	116.944	-0.20538	-0.0746834	-0.691728	-4.43679	-0.239369	-1.52721	0.0032809	1.56965	-0.533027	-0.00595543	-1.06356	-0.00598532	0.530544	-0.808263	1.57154	-0.532762	-0.00631091	-1.06303	-0.00634179	0.530282	-0.795023	5.55112e-17	0.409078	-0.120816	4.75109	0.161879	1.61476	4.45383e-07	-0.142014	-0.0899747	-1.83527	0.0782249	-0.0769596	6.07337e-07	
0.72	0.209166	0.0785514	0.701557	4.40881	0.240812	1.52159	-0.00314296	1.56628	-0.534459	-0.0048499	-1.06639	-0.00487581	0.53194	-0.83123	-0.156164	-0.101209	0.0674347	-0.200033	0.0675791	0.0985265	-1.03533	12.9938	-31.5308	12.7251	-61.9888	12.8625	30.6964	119.209	-0.207218	-0.0753203	-0.695488	-4.41495	-0.239624	-1.52254	0.00307505	1.5679	-0.533589	-0.00546615	-1.06467	-0.00549489	0.531093	-0.820337	1.56965	-0.533027	-0.00595543	-1.06356	-0.00598532	0.530544	-0.808263	-5.55112e-17	0.413731	-0.1266	4.76051	0.163031	1.61469	4.1007e-07	-0.146035	-0.0876903	-1.82323	0.082267	-0.0771771	6.22825e-07	
0.73	0.219491	0.0735297	0.733647	4.38804	0.247169	1.51539	-0.00352146	1.56479	-0.535653	-0.00410458	-1.06875	-0.00412664	0.533105	-0.840918	-0.142932	-0.134766	0.0805198	-0.266552	0.08085	0.131428	-0.91362	13.2322	-33.5574	13.0851	-66.5188	13.2709	32.9018	121.713	-0.218354	-0.0782684	-0.73063	-4.38941	-0.246443	-1.5165	0.00349555	1.56628	-0.534459	-0.0048499	-1.06639	-0.00487581	0.53194	-0.83123	1.5679	-0.533589	-0.00546615	-1.06467	-0.00549489	0.531093	-0.820337	-5.55112e-17	0.420061	-0.13336	4.7735	0.164173	1.61461	3.35506e-07	-0.155657	-0.0886232	-1.81244	0.0842009	-0.079848	6.34435e-07	
0.74	0.234146	0.0779098	0.779483	4.36649	0.256786	1.50887	-0.0042298	1.56344	-0.537195	-0.00322615	-1.0718	-0.00324492	0.534611	-0.849372	-0.128984	-0.170469	0.0939998	-0.337243	0.094153	0.166595	-0.789285	13.9475	-35.7032	13.48	-70.6911	13.303	35.1667	124.335	-0.229882	-0.0730627	-0.765723	-4.37263	-0.253975	-1.51009	0.00400306	1.56479	-0.535653	-0.00410458	-1.06875	-0.00412664	0.533105	-0.840918	1.56628	-0.534459	-0.0048499	-1.06639	-0.00487581	0.53194	-0.83123	-5.55112e-17	0.428166	-0.141151	4.79032	0.165307	1.61452	3.62194e-07	-0.164094	-0.0901647	-1.8018	0.0834654	-0.0789189	6.23884e-07	
0.75	0.246314	0.068013	0.815442	4.36269	0.264887	1.50313	-0.00481707	1.56223	-0.539105	-0.00220926	-1.07559	-0.00222268	0.536481	-0.856568	-0.113487	-0.20808	0.108251	-0.412464	0.108759	0.203967	-0.662208	15.4972	-37.6105	14.2513	-75.2211	14.6057	37.3721	127.077	-0.24597	-0.076956	-0.815675	-4.35849	-0.264667	-1.50407	0.00482973	1.56344	-0.537195	-0.00322615	-1.0718	-0.00324492	0.534611	-0.849372	1.56479	-0.535653	-0.00410458	-1.06875	-0.00412664	0.533105	-0.840918	5.55112e-17	0.438122	-0.150053	4.81124	0.166441	1.61444	2.70749e-07	-0.174898	-0.0942301	-1.7894	0.0856846	-0.07858	6.20544e-07	
0.76	0.262024	0.0773325	0.862289	4.36011	0.275653	1.49839	-0.00568647	1.56118	-0.541401	-0.00104861	-1.08014	-0.0010577	0.538735	-0.862485	-0.0976324	-0.24724	0.122626	-0.490665	0.123253	0.243068	-0.533938	15.8548	-39.1603	14.3747	-78.2013	14.4946	39.1006	128.269	-0.260837	-0.0880849	-0.859941	-4.3536	-0.274747	-1.4994	0.00562985	1.56223	-0.539105	-0.00220926	-1.07559	-0.00222268	0.536481	-0.856568	1.56344	-0.537195	-0.00322615	-1.0718	-0.00324492	0.534611	-0.849372	5.55112e-17	0.449998	-0.160145	4.83646	0.167574	1.61437	3.28715e-07	-0.185269	-0.0970403	-1.78156	0.0852867	-0.0786399	6.08234e-07	
0.77	0.272422	0.10814	0.889007	4.35974	0.282962	1.49502	-0.00627906	1.5603	-0.544095	0.00026085	-1.08548	0.0002586	0.541387	-0.867108	-0.0807047	-0.287473	0.137909	-0.571012	0.138522	0.28348	-0.403941	16.9277	-40.2332	15.2836	-80.3471	15.2684	40.412	129.998	-0.272008	-0.105221	-0.889668	-4.35706	-0.282596	-1.49557	0.00625992	1.56118	-0.541401	-0.00104861	-1.08014	-0.0010577	0.538735	-0.862485	1.56223	-0.539105	-0.00220926	-1.07559	-0.00222268	0.536481	-0.856568	-5.55112e-17	0.463827	-0.171519	4.86613	0.168713	1.61431	2.46792e-07	-0.190943	-0.101305	-1.77016	0.0880035	-0.074099	5.91678e-07	
0.78	0.284193	0.162192	0.91931	4.35989	0.291328	1.49305	-0.00700618	1.55959	-0.547193	0.00172194	-1.09164	0.00172597	0.544447	-0.870431	-0.0631809	-0.328064	0.153063	-0.652075	0.153817	0.324428	-0.273824	17.5238	-40.5907	15.1536	-81.0623	15.2958	40.9484	130.117	-0.283388	-0.15898	-0.918755	-4.35543	-0.29076	-1.49354	0.0069632	1.5603	-0.544095	0.00026085	-1.08548	0.0002586	0.541387	-0.867108	1.56118	-0.541401	-0.00104861	-1.08014	-0.0010577	0.538735	-0.862485	0	0.479609	-0.18425	4.90037	0.169856	1.61426	2.76894e-07	-0.199523	-0.102285	-1.76342	0.0877967	-0.0718077	5.70265e-07	
0.79	0.294183	0.194583	0.941533	4.38553	0.298892	1.49254	-0.00768219	1.55906	-0.550695	0.00333758	-1.09861	0.00334938	0.547919	-0.872455	-0.0448227	-0.368297	0.16832	-0.733733	0.16918	0.365734	-0.144303	18.3582	-40.2331	15.2566	-81.6584	15.3626	41.306	129.521	-0.290335	-0.17717	-0.930559	-4.3846	-0.296138	-1.49219	0.0074278	1.55959	-0.547193	0.00172194	-1.09164	0.00172597	0.544447	-0.870431	1.5603	-0.544095	0.00026085	-1.08548	0.0002586	0.541387	-0.867108	0	0.497279	-0.198427	4.9392	0.171004	1.61423	2.41316e-07	-0.202773	-0.103593	-1.76187	0.0854542	-0.0701072	5.44529e-07	
0.8	0.297741	0.261502	0.939796	4.40404	0.30223	1.49273	-0.00801434	1.55872	-0.554596	0.00510845	-1.10639	0.00512794	0.551804	-0.873193	-0.0257492	-0.407755	0.184152	-0.813723	0.184794	0.40698	-0.0166297	19.0735	-39.4583	15.8322	-79.9894	15.6139	41.2464	127.673	-0.295632	-0.237435	-0.935088	-4.40382	-0.300681	-1.49215	0.00786324	1.55906	-0.550695	0.00333758	-1.09861	0.00334938	0.547919	-0.872455	1.55959	-0.547193	0.00172194	-1.09164	0.00172597	0.544447	-0.870431	5.55112e-17	0.516774	-0.214123	4.98261	0.172155	1.61422	2.70976e-07	-0.205461	-0.104388	-1.75645	0.085958	-0.0643194	5.15703e-07	
0.81	0.302528	0.311838	0.940409	4.44428	0.30678	1.49456	-0.00848018	1.55857	-0.558885	0.00703289	-1.11496	0.0070609	0.556097	-0.872664	-0.00631809	-0.445843	0.199508	-0.892281	0.199983	0.447392	0.109613	19.4311	-38.0874	15.3566	-78.5589	15.1889	40.4119	126.243	-0.300268	-0.317392	-0.936169	-4.42749	-0.304887	-1.49417	0.00829925	1.55872	-0.554596	0.00510845	-1.10639	0.00512794	0.551804	-0.873193	1.55906	-0.550695	0.00333758	-1.09861	0.00334938	0.547919	-0.872455	0	0.537977	-0.231399	5.03053	0.173308	1.61423	2.61012e-07	-0.208394	-0.104666	-1.75383	0.0866155	-0.059956	4.90361e-07	
0.82	0.306482	0.390012	0.937243	4.4791	0.310723	1.49696	-0.00892462	1.55861	-0.563546	0.00910992	-1.1243	0.00914709	0.56079	-0.870892	0.0133514	-0.482261	0.214416	-0.967622	0.215229	0.48697	0.2321	19.6695	-36.4184	14.9072	-75.3403	15.2458	39.5775	122.488	-0.305091	-0.393076	-0.936185	-4.46215	-0.309579	-1.49655	0.00880948	1.55857	-0.558885	0.00703289	-1.11496	0.0070609	0.556097	-0.872664	1.55872	-0.554596	0.00510845	-1.10639	0.00512794	0.551804	-0.873193	-1.11022e-16	0.560728	-0.250324	5.08283	0.174459	1.61426	1.95552e-07	-0.211119	-0.104688	-1.75498	0.0837824	-0.0555325	4.56428e-07	
0.83	0.305402	0.499809	0.915308	4.50799	0.311643	1.50054	-0.00913037	1.55885	-0.568561	0.0113381	-1.13438	0.0113836	0.565871	-0.867909	0.033021	-0.516891	0.229526	-1.03951	0.230207	0.525296	0.351667	19.6695	-34.6303	15.1107	-71.8833	14.9785	38.3258	119.567	-0.303774	-0.464903	-0.912996	-4.50774	-0.310103	-1.49958	0.00895792	1.55861	-0.563546	0.00910992	-1.1243	0.00914709	0.56079	-0.870892	1.55857	-0.558885	0.00703289	-1.11496	0.0070609	0.556097	-0.872664	-1.66533e-16	0.584881	-0.270964	5.13937	0.175604	1.6143	1.79525e-07	-0.209035	-0.103515	-1.7536	0.0850303	-0.0502675	4.29927e-07	
0.84	0.30547	0.563802	0.89459	4.56758	0.313561	1.50418	-0.00943309	1.55929	-0.573905	0.0137122	-1.14515	0.0137655	0.571328	-0.863757	0.0528097	-0.548661	0.24395	-1.10781	0.244841	0.562251	0.466764	19.7887	-31.7693	14.4234	-68.3069	14.6339	36.9549	115.097	-0.305672	-0.560956	-0.900032	-4.54918	-0.313276	-1.50331	0.00938393	1.55885	-0.568561	0.0113381	-1.13438	0.0113836	0.565871	-0.867909	1.55861	-0.563546	0.00910992	-1.1243	0.00914709	0.56079	-0.870892	0	0.610215	-0.293355	5.19996	0.176738	1.61435	1.04866e-07	-0.210437	-0.102484	-1.75387	0.0831066	-0.0446916	3.97748e-07	
0.85	0.30528	0.658128	0.87221	4.61868	0.31564	1.50863	-0.00978337	1.55992	-0.579556	0.0162302	-1.15658	0.0162887	0.577145	-0.85848	0.0721216	-0.578105	0.257926	-1.17159	0.258602	0.597417	0.576973	19.3119	-29.4447	13.9764	-63.777	13.7612	35.1667	110.209	-0.302705	-0.645089	-0.867452	-4.60572	-0.313657	-1.50804	0.00957129	1.55929	-0.573905	0.0137122	-1.14515	0.0137655	0.571328	-0.863757	1.55885	-0.568561	0.0113381	-1.13438	0.0113836	0.565871	-0.867909	0	0.636544	-0.317558	5.2644	0.177856	1.61442	1.04861e-07	-0.206757	-0.101745	-1.75897	0.0805903	-0.0389525	3.62385e-07	
0.86	0.301049	0.735986	0.832663	4.68622	0.315541	1.5137	-0.00994643	1.56075	-0.585486	0.0188878	-1.16863	0.0189484	0.583305	-0.852125	0.0911951	-0.604868	0.271991	-1.23143	0.271713	0.631034	0.682473	19.0735	-26.7625	14.0648	-59.8431	13.1111	33.617	105.5	-0.298613	-0.728338	-0.829387	-4.66593	-0.313338	-1.51211	0.00971317	1.55992	-0.579556	0.0162302	-1.15658	0.0162887	0.577145	-0.85848	1.55929	-0.573905	0.0137122	-1.14515	0.0137655	0.571328	-0.863757	0	0.663643	-0.34361	5.33248	0.178955	1.61449	1.201e-07	-0.202896	-0.0999041	-1.75977	0.0798599	-0.0320649	3.30219e-07	
0.87	0.295974	0.838896	0.79017	4.74311	0.31483	1.51851	-0.0100791	1.56177	-0.591669	0.0216794	-1.18125	0.021739	0.589792	-0.844749	0.110269	-0.628829	0.28532	-1.28591	0.284856	0.662804	0.782251	19.0735	-23.961	13.3291	-54.4785	13.1428	31.7693	99.7782	-0.298221	-0.819907	-0.803398	-4.73061	-0.315686	-1.51753	0.0101164	1.56075	-0.585486	0.0188878	-1.16863	0.0189484	0.583305	-0.852125	1.55992	-0.579556	0.0162302	-1.15658	0.0162887	0.577145	-0.85848	0	0.691292	-0.371539	5.40397	0.180029	1.61457	6.98906e-08	-0.201854	-0.099407	-1.76636	0.0751093	-0.0266174	2.9546e-07	
0.88	0.29053	0.931131	0.743953	4.81062	0.314367	1.52347	-0.0102446	1.56297	-0.598076	0.0246021	-1.19438	0.024655	0.596588	-0.836406	0.128865	-0.650048	0.29826	-1.3361	0.296861	0.693083	0.87595	18.5967	-21.2193	12.9398	-50.1871	12.0048	30.2792	93.6985	-0.293104	-0.905837	-0.758408	-4.80124	-0.31526	-1.5227	0.0102789	1.56177	-0.591669	0.0216794	-1.18125	0.021739	0.589792	-0.844749	1.56075	-0.585486	0.0188878	-1.16863	0.0189484	0.583305	-0.852125	0	0.719256	-0.401384	5.47863	0.181074	1.61465	6.3444e-08	-0.196529	-0.0992593	-1.76735	0.075335	-0.0186047	2.66121e-07	
0.89	0.286697	1.00356	0.700956	4.89207	0.314896	1.52873	-0.0105005	1.56436	-0.60468	0.0276508	-1.208	0.0276894	0.603676	-0.827159	0.146627	-0.668347	0.310479	-1.38187	0.308769	0.721395	0.963628	17.7622	-18.2986	12.219	-45.7764	11.9079	28.3122	87.6784	-0.287945	-0.997883	-0.711937	-4.87181	-0.315193	-1.52792	0.0104908	1.56297	-0.598076	0.0246021	-1.19438	0.024655	0.596588	-0.836406	1.56177	-0.591669	0.0216794	-1.18125	0.021739	0.589792	-0.844749	0	0.747326	-0.433162	5.55624	0.182086	1.61472	1.25671e-07	-0.193116	-0.0963125	-1.77356	0.0711249	-0.0136719	2.35235e-07	
0.9	0.281193	1.116	0.653266	4.95534	0.314814	1.53386	-0.0107348	1.56592	-0.611454	0.030821	-1.22205	0.0308386	0.61104	-0.817069	0.164032	-0.68438	0.322232	-1.42288	0.319852	0.748455	1.04499	17.4045	-16.0336	11.7533	-41.008	11.0827	27.0605	81.3604	-0.280976	-1.09174	-0.657853	-4.94355	-0.31406	-1.53293	0.0106157	1.56436	-0.60468	0.0276508	-1.208	0.0276894	0.603676	-0.827159	1.56297	-0.598076	0.0246021	-1.19438	0.024655	0.596588	-0.836406	0	0.775287	-0.466893	5.63656	0.183064	1.61478	3.4717e-08	-0.18824	-0.0942743	-1.77662	0.0688102	-0.00671732	2.06409e-07	
0.91	0.273768	1.19039	0.594102	5.04141	0.313737	1.53933	-0.0108624	1.56766	-0.618371	0.0341088	-1.23649	0.0340948	0.618663	-0.806199	0.18096	-0.697434	0.333894	-1.45984	0.330117	0.77343	1.12009	16.9277	-13.0534	11.662	-36.9549	10.265	24.9743	75.1019	-0.272647	-1.16894	-0.596109	-5.02814	-0.312201	-1.53836	0.0106691	1.56592	-0.611454	0.030821	-1.22205	0.0308386	0.61104	-0.817069	1.56436	-0.60468	0.0276508	-1.208	0.0276894	0.603676	-0.827159	-1.11022e-16	0.802912	-0.502589	5.7194	0.184003	1.61483	-1.78936e-08	-0.181512	-0.0919451	-1.78033	0.0668466	-0.000113344	1.79604e-07	
0.92	0.265484	1.24538	0.528545	5.13835	0.31208	1.54406	-0.0109252	1.56955	-0.625404	0.0375102	-1.25127	0.0374519	0.626529	-0.794616	0.196934	-0.707805	0.345282	-1.49274	0.340205	0.797391	1.18846	15.974	-10.3712	11.3882	-32.9018	10.0881	23.9611	68.3665	-0.269731	-1.24231	-0.552032	-5.11403	-0.314027	-1.54313	0.0110691	1.56766	-0.618371	0.0341088	-1.23649	0.0340948	0.618663	-0.806199	1.56592	-0.611454	0.030821	-1.22205	0.0308386	0.61104	-0.817069	0	0.83	-0.540255	5.80452	0.1849	1.61486	-1.60971e-08	-0.179866	-0.0901618	-1.78894	0.0604222	0.00282103	1.53516e-07	
0.93	0.258989	1.33989	0.471869	5.21555	0.312079	1.54926	-0.0111794	1.57161	-0.632531	0.0410217	-1.26636	0.0409044	0.634624	-0.782388	0.212312	-0.71609	0.355817	-1.52111	0.349164	0.819325	1.24991	15.378	-8.28505	10.5351	-28.3718	8.95932	21.9345	61.4524	-0.26009	-1.32384	-0.482778	-5.19938	-0.312014	-1.54841	0.011124	1.56955	-0.625404	0.0375102	-1.25127	0.0374519	0.626529	-0.794616	1.56766	-0.618371	0.0341088	-1.23649	0.0340948	0.618663	-0.806199	1.11022e-16	0.856373	-0.579897	5.89173	0.185755	1.61486	3.789e-08	-0.171648	-0.0890334	-1.7902	0.059075	0.0126925	1.26166e-07	
0.94	0.251159	1.39274	0.404667	5.31839	0.311035	1.55471	-0.0113	1.57381	-0.639726	0.0446382	-1.28171	0.0444469	0.642934	-0.76958	0.226736	-0.721991	0.366274	-1.54662	0.358086	0.840306	1.30486	14.4243	-5.90086	10.4569	-25.5108	8.92207	20.9808	54.9554	-0.251826	-1.38896	-0.415777	-5.29362	-0.310734	-1.55359	0.0112358	1.57161	-0.632531	0.0410217	-1.26636	0.0409044	0.634624	-0.782388	1.56955	-0.625404	0.0375102	-1.25127	0.0374519	0.626529	-0.794616	0	0.88183	-0.621497	5.98084	0.186568	1.61484	-2.85874e-08	-0.168042	-0.0844505	-1.79924	0.0532964	0.0142957	1.05791e-07	
0.95	0.241787	1.46971	0.333205	5.40645	0.309593	1.5595	-0.0114111	1.57616	-0.646968	0.0483575	-1.2973	0.0480733	0.651446	-0.756258	0.240684	-0.725746	0.376414	-1.56784	0.365928	0.859916	1.35326	13.9475	-3.75509	10.1402	-21.2193	7.84174	19.6099	48.399	-0.244366	-1.45243	-0.350182	-5.389	-0.310062	-1.55837	0.0114035	1.57381	-0.639726	0.0446382	-1.28171	0.0444469	0.642934	-0.76958	1.57161	-0.632531	0.0410217	-1.26636	0.0409044	0.634624	-0.782388	-2.22045e-16	0.906223	-0.665054	6.07166	0.187337	1.61479	-5.59129e-08	-0.162623	-0.0822375	-1.80674	0.0475387	0.0183141	8.3654e-08	
0.96	0.232712	1.51438	0.257723	5.5118	0.30799	1.56407	-0.011473	1.57864	-0.654235	0.0521758	-1.31308	0.0517773	0.660147	-0.742491	0.253916	-0.727177	0.386216	-1.58596	0.373568	0.878394	1.39487	13.2322	-1.43051	9.80124	-18.1198	7.64057	18.4774	41.604	-0.233379	-1.5143	-0.270128	-5.48536	-0.307596	-1.56308	0.0114048	1.57616	-0.646968	0.0483575	-1.2973	0.0480733	0.651446	-0.756258	1.57381	-0.639726	0.0446382	-1.28171	0.0444469	0.642934	-0.76958	-1.11022e-16	0.929363	-0.710548	6.16403	0.188063	1.61471	-9.28715e-09	-0.154414	-0.0802214	-1.80884	0.0454185	0.026498	6.18841e-08	
0.97	0.222969	1.58551	0.182309	5.60548	0.306444	1.56934	-0.0115683	1.58124	-0.661508	0.0560899	-1.32902	0.0555558	0.669027	-0.728342	0.266314	-0.727117	0.395562	-1.60098	0.380754	0.895619	1.43015	12.3978	0.0596046	9.34675	-15.0204	7.18608	17.2257	35.2859	-0.221271	-1.56064	-0.18266	-5.59303	-0.304449	-1.56833	0.01132	1.57864	-0.654235	0.0521758	-1.31308	0.0517773	0.660147	-0.742491	1.57616	-0.646968	0.0483575	-1.2973	0.0480733	0.651446	-0.756258	-1.11022e-16	0.951141	-0.757957	6.25776	0.18875	1.61459	-1.46899e-07	-0.14588	-0.0771997	-1.81535	0.0412796	0.0312018	4.27222e-08	
0.98	0.218004	1.61079	0.116371	5.72107	0.307188	1.57385	-0.0118231	1.58397	-0.668767	0.0600962	-1.3451	0.0593994	0.678073	-0.713879	0.277758	-0.724733	0.404313	-1.61314	0.387177	0.911891	1.45864	11.4441	2.38419	8.75071	-12.1593	6.4224	16.2721	28.491	-0.216242	-1.60353	-0.119347	-5.69878	-0.305407	-1.57274	0.011616	1.58124	-0.661508	0.0560899	-1.32902	0.0555558	0.669027	-0.728342	1.57864	-0.654235	0.0521758	-1.31308	0.0517773	0.660147	-0.742491	-2.22045e-16	0.971383	-0.807244	6.35273	0.189394	1.61444	-8.46728e-08	-0.142586	-0.0760456	-1.82126	0.0373005	0.0345785	2.75614e-08	
0.99	0.202168	1.66605	0.0146339	5.82045	0.302164	1.57814	-0.0115707	1.58681	-0.675995	0.0641936	-1.36128	0.0633069	0.687277	-0.699162	0.288486	-0.720859	0.413857	-1.62208	0.393517	0.92721	1.48112	10.7288	3.8743	9.54419	-8.9407	6.34044	15.3184	22.471	-0.205408	-1.64191	-0.0331677	-5.80787	-0.302945	-1.57737	0.0115827	1.58397	-0.668767	0.0600962	-1.3451	0.0593994	0.678073	-0.713879	1.58124	-0.661508	0.0560899	-1.32902	0.0555558	0.669027	-0.728342	2.22045e-16	0.989993	-0.858395	6.44876	0.190001	1.61425	-8.90098e-08	-0.133876	-0.0745718	-1.82514	0.0346557	0.040489	8.94282e-09	
1	0.19506	1.70049	-0.0600234	5.93362	0.302057	1.58341	-0.0117486	1.58975	-0.683176	0.0683765	-1.37755	0.0672704	0.696628	-0.684255	0.298858	-0.715494	0.422075	-1.62911	0.398718	0.941455	1.49739	10.3712	5.36442	8.21799	-7.03335	5.20051	14.2455	16.2721	-0.194046	-1.69704	0.0532672	-5.90797	-0.300815	-1.58192	0.0115992	1.58681	-0.675995	0.0641936	-1.36128	0.0633069	0.687277	-0.699162	1.58397	-0.668767	0.0600962	-1.3451	0.0593994	0.678073	-0.713879	-1.11022e-16	1.00685	-0.911342	6.54574	0.190573	1.61401	-1.17184e-07	-0.129451	-0.0696878	-1.83109	0.0300989	0.0432605	-4.25778e-09	
1.01	0.182681	1.72502	-0.156387	6.04828	0.298796	1.58738	-0.0116084	1.59279	-0.690293	0.0726446	-1.39386	0.0712862	0.706119	-0.669217	0.308156	-0.708342	0.430778	-1.63329	0.403792	0.955224	1.50806	9.29832	7.15256	8.70228	-4.17233	5.07385	13.7687	10.6692	-0.183808	-1.71986	0.141942	-6.02777	-0.298653	-1.58716	0.0115603	1.58975	-0.683176	0.0683765	-1.37755	0.0672704	0.696628	-0.684255	1.58681	-0.675995	0.0641936	-1.36128	0.0633069	0.687277	-0.699162	-3.33067e-16	1.02184	-0.966062	6.64353	0.191112	1.61374	-1.07947e-07	-0.121515	-0.0677537	-1.83769	0.0267734	0.0474531	-1.77505e-08	
1.02	0.175806	1.73926	-0.235842	6.16995	0.298366	1.59218	-0.0117154	1.59592	-0.697332	0.0769936	-1.41021	0.075349	0.715741	-0.654105	0.316977	-0.699878	0.438504	-1.63555	0.408322	0.96786	1.51288	8.82146	8.46386	7.72625	-2.26498	4.52995	12.6362	4.82798	-0.177474	-1.75828	0.214397	-6.13404	-0.299058	-1.59145	0.0117905	1.59279	-0.690293	0.0726446	-1.39386	0.0712862	0.706119	-0.669217	1.58975	-0.683176	0.0683765	-1.37755	0.0672704	0.696628	-0.684255	0	1.03489	-1.02249	6.74201	0.191622	1.61343	-1.51988e-07	-0.118506	-0.0662567	-1.84388	0.02184	0.0498112	-2.98441e-08	
1.03	0.160969	1.77891	-0.339456	6.27545	0.294263	1.59632	-0.0115116	1.59913	-0.70428	0.0814238	-1.42656	0.0794549	0.725486	-0.638974	0.324845	-0.690222	0.446796	-1.63507	0.412308	0.979781	1.51241	7.86781	9.65595	8.2925	0.476837	3.98606	11.9209	-0.476837	-0.16386	-1.78372	0.316281	-6.24701	-0.295299	-1.5953	0.0115941	1.59592	-0.697332	0.0769936	-1.41021	0.075349	0.715741	-0.654105	1.59279	-0.690293	0.0726446	-1.39386	0.0712862	0.706119	-0.669217	0	1.04591	-1.0806	6.84105	0.192105	1.61308	-4.55551e-08	-0.10931	-0.0632045	-1.84439	0.0216446	0.056167	-4.26654e-08	
1.04	0.155485	1.79992	-0.413758	6.39228	0.294696	1.60116	-0.0117031	1.60242	-0.711124	0.0859299	-1.4429	0.0835996	0.735346	-0.623878	0.332236	-0.679433	0.453703	-1.63317	0.415996	0.990927	1.50663	7.39098	10.7884	6.90669	1.90735	3.68804	11.1461	-5.78165	-0.156978	-1.7939	0.397826	-6.36842	-0.294781	-1.5998	0.0116793	1.59913	-0.70428	0.0814238	-1.42656	0.0794549	0.725486	-0.638974	1.59592	-0.697332	0.0769936	-1.41021	0.075349	0.715741	-0.654105	2.22045e-16	1.05483	-1.1403	6.94056	0.192567	1.6127	-9.65869e-08	-0.104691	-0.0615098	-1.85342	0.0174814	0.057278	-5.0825e-08	
1.05	0.144554	1.81182	-0.510375	6.51059	0.292285	1.60511	-0.0116015	1.60578	-0.717852	0.0905105	-1.45921	0.0877768	0.745315	-0.608865	0.338912	-0.667214	0.461198	-1.62899	0.418775	1.00148	1.4962	6.67572	12.219	7.49528	4.17233	2.77907	10.5501	-10.4308	-0.144585	-1.80647	0.499087	-6.48915	-0.291324	-1.60438	0.0114775	1.60242	-0.711124	0.0859299	-1.4429	0.0835996	0.735346	-0.623878	1.59913	-0.70428	0.0814238	-1.42656	0.0794549	0.725486	-0.638974	0	1.06158	-1.20154	7.04043	0.193008	1.61228	-3.58721e-08	-0.0984155	-0.0576783	-1.85748	0.0152366	0.0599193	-5.87766e-08	
1.06	0.127711	1.82248	-0.627874	6.62993	0.286307	1.60928	-0.0111495	1.6092	-0.724453	0.095165	-1.47548	0.091986	0.755386	-0.593983	0.344753	-0.653982	0.468954	-1.62315	0.422418	1.01137	1.48106	5.84126	13.2322	7.75605	5.84126	3.64333	9.89437	-15.1396	-0.131616	-1.82511	0.601323	-6.60377	-0.287916	-1.6085	0.0112888	1.60578	-0.717852	0.0905105	-1.45921	0.0877768	0.745315	-0.608865	1.60242	-0.711124	0.0859299	-1.4429	0.0835996	0.735346	-0.623878	2.22045e-16	1.06611	-1.26427	7.14055	0.193436	1.61183	-1.04735e-07	-0.0904453	-0.054953	-1.8607	0.0137281	0.0646153	-6.88453e-08	
1.07	0.12271	1.81573	-0.708947	6.75509	0.286498	1.61287	-0.0112455	1.61268	-0.730915	0.0998888	-1.49167	0.0962197	0.765551	-0.579275	0.349998	-0.639617	0.475429	-1.61564	0.424251	1.02073	1.46168	5.24521	14.3647	6.47455	7.51019	1.83284	9.35793	-19.3715	-0.121773	-1.81152	0.7009	-6.73535	-0.285269	-1.61267	0.0111003	1.6092	-0.724453	0.095165	-1.47548	0.091986	0.755386	-0.593983	1.60578	-0.717852	0.0905105	-1.45921	0.0877768	0.745315	-0.608865	0	1.06838	-1.32839	7.24082	0.193851	1.61134	-1.49873e-07	-0.0858034	-0.0512377	-1.86902	0.00953731	0.0633312	-7.30346e-08	
1.08	0.111335	1.8204	-0.80936	6.87677	0.283404	1.61738	-0.0110443	1.61621	-0.73723	0.104682	-1.50778	0.100475	0.775805	-0.564783	0.355124	-0.624597	0.481985	-1.60682	0.426486	1.02931	1.43856	5.126	15.0203	6.55651	8.82149	2.23517	8.58307	-23.1266	-0.109991	-1.82069	0.801638	-6.85102	-0.282302	-1.61627	0.0109234	1.61268	-0.730915	0.0998888	-1.49167	0.0962197	0.765551	-0.579275	1.6092	-0.724453	0.095165	-1.47548	0.091986	0.755386	-0.593983	-2.22045e-16	1.06834	-1.39385	7.34116	0.194259	1.61083	-1.07825e-07	-0.0817494	-0.0465373	-1.8755	0.00684797	0.0635645	-7.87729e-08	
1.09	0.0990146	1.81512	-0.915854	6.99999	0.279681	1.62117	-0.010755	1.61978	-0.743389	0.10954	-1.52379	0.104749	0.786142	-0.550545	0.359058	-0.608504	0.488691	-1.59621	0.428155	1.03724	1.41132	3.93391	16.0933	6.70552	10.6096	1.66893	7.92742	-27.2393	-0.0998976	-1.82613	0.897127	-6.97043	-0.279894	-1.62062	0.0107882	1.61621	-0.73723	0.104682	-1.50778	0.100475	0.775805	-0.564783	1.61268	-0.730915	0.0998888	-1.49167	0.0962197	0.765551	-0.579275	-2.22045e-16	1.06597	-1.46057	7.44147	0.194662	1.6103	-1.21707e-07	-0.0755691	-0.0447208	-1.87924	0.00603744	0.0670304	-8.40245e-08	
1.1	0.089229	1.81543	-1.012	7.12034	0.277509	1.6252	-0.0106189	1.62339	-0.749382	0.114463	-1.53969	0.109037	0.796556	-0.536593	0.362396	-0.591874	0.4948	-1.58441	0.429273	1.04469	1.38128	3.33786	16.6297	6.10948	11.8017	1.11759	7.45058	-30.0407	-0.0892912	-1.80136	1.00351	-7.10483	-0.276578	-1.62455	0.0104807	1.61978	-0.743389	0.10954	-1.52379	0.104749	0.786142	-0.550545	1.61621	-0.73723	0.104682	-1.50778	0.100475	0.775805	-0.564783	2.22045e-16	1.06124	-1.52845	7.54167	0.195063	1.60974	-1.18282e-07	-0.0687696	-0.0418852	-1.88622	0.00378437	0.067843	-8.94544e-08	
1.11	0.0773754	1.7897	-1.12277	7.2518	0.273396	1.62887	-0.0102308	1.62703	-0.755203	0.119448	-1.55546	0.113335	0.80704	-0.52296	0.365376	-0.574052	0.501089	-1.57118	0.430219	1.05137	1.34808	2.98023	17.8218	6.28832	13.2322	0.946224	6.67572	-33.1998	-0.0779868	-1.80022	1.10487	-7.22219	-0.273493	-1.62802	0.0102526	1.62339	-0.749382	0.114463	-1.53969	0.109037	0.796556	-0.536593	1.61978	-0.743389	0.10954	-1.52379	0.104749	0.786142	-0.550545	2.22045e-16	1.05415	-1.59743	7.64167	0.195466	1.60917	-2.81221e-08	-0.0638789	-0.0389117	-1.89064	0.00266331	0.0691914	-9.33981e-08	
1.12	0.0670463	1.76978	-1.22632	7.37646	0.270102	1.63181	-0.00992341	1.6307	-0.760843	0.124493	-1.57109	0.117641	0.817589	-0.509674	0.367641	-0.555634	0.506915	-1.55652	0.430867	1.05774	1.31237	2.26498	18.4178	5.82635	14.6627	0.648201	6.3777	-35.7032	-0.0665287	-1.78103	1.21232	-7.35029	-0.269957	-1.63178	0.00992274	1.62703	-0.755203	0.119448	-1.55546	0.113335	0.80704	-0.52296	1.62339	-0.749382	0.114463	-1.53969	0.109037	0.796556	-0.536593	6.66134e-16	1.04466	-1.66741	7.7414	0.195876	1.60858	-9.71549e-08	-0.057636	-0.0362803	-1.8959	0.00149749	0.0707006	-9.74137e-08	
1.13	0.0545219	1.74977	-1.33706	7.50141	0.265843	1.63521	-0.00951734	1.63438	-0.766296	0.129596	-1.58657	0.121951	0.828197	-0.496757	0.36931	-0.53668	0.512719	-1.54078	0.43118	1.06329	1.27429	1.66893	18.9543	5.804	15.7356	0.312924	5.54323	-38.0874	-0.0561042	-1.75398	1.31814	-7.47746	-0.266363	-1.63472	0.00956471	1.6307	-0.760843	0.124493	-1.57109	0.117641	0.817589	-0.509674	1.62703	-0.755203	0.119448	-1.55546	0.113335	0.80704	-0.52296	4.44089e-16	1.03281	-1.73832	7.84077	0.196292	1.60798	-8.18578e-08	-0.0521003	-0.0328578	-1.9018	0.000188304	0.0704398	-9.85297e-08	
1.14	0.039585	1.72788	-1.45605	7.62805	0.260513	1.63884	-0.00898536	1.63809	-0.771556	0.134754	-1.60189	0.126262	0.838859	-0.484231	0.370383	-0.517309	0.518516	-1.52421	0.431284	1.06853	1.23438	1.07288	19.3715	5.79655	16.5701	0.104308	5.24521	-39.9052	-0.0437537	-1.72615	1.43045	-7.60633	-0.26187	-1.63823	0.00910681	1.63438	-0.766296	0.129596	-1.58657	0.121951	0.828197	-0.496757	1.6307	-0.760843	0.124493	-1.57109	0.117641	0.817589	-0.509674	2.22045e-16	1.01857	-1.81006	7.93971	0.196718	1.60738	-9.55791e-08	-0.0477169	-0.0287125	-1.90808	0.00017098	0.0690375	-9.93616e-08	
1.15	0.0296898	1.69853	-1.56019	7.75263	0.257342	1.64147	-0.00863948	1.6418	-0.776618	0.139966	-1.61703	0.130569	0.849569	-0.472115	0.371337	-0.497162	0.523567	-1.50621	0.43042	1.07312	1.19272	0.953674	20.1464	5.05149	18.0006	-0.864267	4.58956	-41.6636	-0.035175	-1.69811	1.52996	-7.7308	-0.25926	-1.64098	0.0088234	1.63809	-0.771556	0.134754	-1.60189	0.126262	0.838859	-0.484231	1.63438	-0.766296	0.129596	-1.58657	0.121951	0.828197	-0.496757	0	1.00197	-1.88254	8.03814	0.197155	1.60677	-1.37319e-08	-0.0433025	-0.0264447	-1.9134	-0.00143016	0.0695458	-1.01061e-07	
1.16	0.0212432	1.65576	-1.66375	7.88685	0.254065	1.64512	-0.00824468	1.64551	-0.781476	0.145229	-1.63199	0.134872	0.860321	-0.460421	0.371456	-0.476658	0.528321	-1.48773	0.430047	1.07694	1.14965	0.119209	20.504	4.75347	18.4774	-0.372529	3.8147	-43.0644	-0.0196948	-1.66004	1.65515	-7.85974	-0.253102	-1.64372	0.00815226	1.6418	-0.776618	0.139966	-1.61703	0.130569	0.849569	-0.472115	1.63809	-0.771556	0.134754	-1.60189	0.126262	0.838859	-0.484231	2.22045e-16	0.98303	-1.95567	8.13599	0.197607	1.60615	-7.63049e-08	-0.0367967	-0.0212243	-1.92033	-0.00237022	0.0681407	-1.00541e-07	
1.17	0.00557776	1.62202	-1.78693	8.0096	0.248109	1.64729	-0.00759144	1.64922	-0.786126	0.150541	-1.64676	0.139166	0.87111	-0.449163	0.371098	-0.455618	0.533491	-1.4677	0.429019	1.08051	1.10605	-0.357628	21.0404	5.1707	20.0272	-1.02818	3.57628	-43.6008	-0.011432	-1.62325	1.75573	-7.98662	-0.250364	-1.64662	0.00781568	1.64551	-0.781476	0.145229	-1.63199	0.134872	0.860321	-0.460421	1.6418	-0.776618	0.139966	-1.61703	0.130569	0.849569	-0.472115	-6.66134e-16	0.961761	-2.02936	8.2332	0.198073	1.60555	1.86724e-08	-0.0321952	-0.0195722	-1.92489	-0.00176181	0.0684572	-1.01112e-07	
1.18	-0.00140436	1.5733	-1.88698	8.13884	0.245394	1.64974	-0.00721669	1.65293	-0.790565	0.155901	-1.66132	0.143449	0.88193	-0.438347	0.370145	-0.43416	0.537708	-1.44696	0.427499	1.08314	1.06144	-0.953674	21.4577	4.21703	20.7424	-1.51992	2.6226	-44.6141	0.00482535	-1.59115	1.87898	-8.10799	-0.243959	-1.64904	0.00712109	1.64922	-0.786126	0.150541	-1.64676	0.139166	0.87111	-0.449163	1.64551	-0.781476	0.145229	-1.63199	0.134872	0.860321	-0.460421	-6.66134e-16	0.938204	-2.10352	8.32968	0.198557	1.60494	1.6195e-08	-0.0264223	-0.0141126	-1.93077	-0.00215896	0.067395	-9.93833e-08	
1.19	-0.0149546	1.53657	-2.00221	8.25832	0.240164	1.65174	-0.00661956	1.65662	-0.794787	0.161303	-1.67567	0.147717	0.892774	-0.427979	0.368476	-0.412524	0.542149	-1.42515	0.426218	1.08522	1.01647	-1.66893	21.6365	4.44055	21.8153	-1.2815	2.08616	-44.9717	0.0169533	-1.54366	1.9946	-8.23539	-0.239412	-1.6514	0.0065538	1.65293	-0.790565	0.155901	-1.66132	0.143449	0.88193	-0.438347	1.64922	-0.786126	0.150541	-1.64676	0.139166	0.87111	-0.449163	1.11022e-15	0.912399	-2.17805	8.42537	0.199057	1.60435	-5.56496e-08	-0.0198928	-0.0104419	-1.93593	-0.00252648	0.0674147	-9.98138e-08	
1.2	-0.0288281	1.47067	-2.12995	8.39683	0.234133	1.65468	-0.00583303	1.6603	-0.798791	0.166748	-1.68981	0.151969	0.903638	-0.418061	0.367045	-0.39041	0.546575	-1.40321	0.424072	1.08695	0.971705	-1.43051	22.1133	4.42564	21.9345	-2.14577	1.72853	-44.7631	0.0235441	-1.49661	2.09094	-8.35789	-0.236669	-1.65299	0.00616104	1.65662	-0.794787	0.161303	-1.67567	0.147717	0.892774	-0.427979	1.65293	-0.790565	0.155901	-1.66132	0.143449	0.88193	-0.438347	4.44089e-16	0.884376	-2.25285	8.52021	0.199575	1.60376	-1.01344e-07	-0.0178593	-0.00854474	-1.94137	-0.00207739	0.0649807	-9.57146e-08	
1.21	-0.0394306	1.4272	-2.23639	8.51287	0.230011	1.65569	-0.00530094	1.66395	-0.802574	0.172232	-1.70371	0.156199	0.914514	-0.408592	0.364184	-0.368297	0.55027	-1.37973	0.422135	1.08808	0.926852	-2.86102	22.1133	3.69549	23.4842	-1.93715	1.13249	-44.8525	0.0405041	-1.43769	2.22466	-8.48979	-0.229814	-1.65564	0.00530566	1.6603	-0.798791	0.166748	-1.68981	0.151969	0.903638	-0.418061	1.65662	-0.794787	0.161303	-1.67567	0.147717	0.892774	-0.427979	4.44089e-16	0.854188	-2.32785	8.61413	0.200108	1.60319	2.91052e-08	-0.00890935	-0.00352819	-1.94818	-0.00228216	0.064902	-9.50142e-08	
1.22	-0.0469627	1.34793	-2.34806	8.65056	0.225834	1.65774	-0.00464532	1.66758	-0.806135	0.177752	-1.71738	0.160409	0.925398	-0.399569	0.361085	-0.345707	0.553831	-1.35612	0.419795	1.08844	0.882268	-3.09944	22.5902	3.56138	23.6034	-2.33948	0.357628	-44.5843	0.0460892	-1.40106	2.31091	-8.59811	-0.227637	-1.65636	0.00500283	1.66395	-0.802574	0.172232	-1.70371	0.156199	0.914514	-0.408592	1.6603	-0.798791	0.166748	-1.68981	0.151969	0.903638	-0.418061	-6.66134e-16	0.821898	-2.40294	8.70707	0.200662	1.60263	-1.50918e-07	-0.00856913	-0.00190328	-1.95084	-0.000705205	0.0630567	-9.13331e-08	
1.23	-0.0557187	1.30706	-2.44574	8.76154	0.222801	1.6587	-0.00421275	1.67117	-0.809472	0.183307	-1.7308	0.164593	0.936282	-0.390988	0.357747	-0.323534	0.556543	-1.33145	0.41692	1.08838	0.838369	-3.33786	22.1729	2.71201	24.6763	-2.87592	-0.0596046	-43.8988	0.0592791	-1.30998	2.44496	-8.74576	-0.221141	-1.65924	0.00405199	1.66758	-0.806135	0.177752	-1.71738	0.160409	0.925398	-0.399569	1.66395	-0.802574	0.172232	-1.70371	0.156199	0.914514	-0.408592	2.22045e-16	0.787553	-2.47805	8.79896	0.201229	1.60209	6.40994e-09	-0.000132805	0.00277152	-1.96019	-0.000539852	0.060727	-8.85538e-08	
1.24	-0.0685961	1.23542	-2.56828	8.89164	0.216775	1.66081	-0.0033795	1.67473	-0.812583	0.188891	-1.74398	0.16875	0.94716	-0.382839	0.353932	-0.301003	0.559717	-1.30665	0.41455	1.08755	0.795782	-3.8147	22.5305	3.17395	24.7955	-2.36928	-0.834465	-42.5875	0.0686021	-1.25455	2.54949	-8.86271	-0.217228	-1.66029	0.00348531	1.67117	-0.809472	0.183307	-1.7308	0.164593	0.936282	-0.390988	1.66758	-0.806135	0.177752	-1.71738	0.160409	0.925398	-0.399569	6.66134e-16	0.751231	-2.55305	8.88973	0.201817	1.60156	-3.27918e-07	0.00282646	0.00577439	-1.96419	-0.000543925	0.0579561	-8.6153e-08	
1.25	-0.082379	1.18108	-2.68452	9.00622	0.211612	1.66203	-0.00267893	1.67824	-0.81547	0.194506	-1.75691	0.172875	0.958026	-0.375113	0.349402	-0.278652	0.562519	-1.28078	0.411123	1.08582	0.75376	-4.52995	22.3517	2.80142	25.8684	-3.42727	-1.72853	-42.0213	0.0779548	-1.1837	2.66039	-8.98846	-0.213013	-1.66204	0.00283442	1.67473	-0.812583	0.188891	-1.74398	0.16875	0.94716	-0.382839	1.67117	-0.809472	0.183307	-1.7308	0.164593	0.936282	-0.390988	0	0.712995	-2.62791	8.97935	0.202413	1.60105	2.08811e-08	0.0079572	0.00819382	-1.97123	0.00121629	0.0565126	-8.44961e-08	
1.26	-0.0920701	1.10425	-2.79715	9.12858	0.206688	1.66277	-0.00192412	1.68171	-0.818131	0.200144	-1.76957	0.176969	0.968873	-0.3678	0.344634	-0.256002	0.564829	-1.25444	0.408009	1.08361	0.71314	-4.76837	22.6498	2.30968	26.3451	-3.11434	-2.20537	-40.6206	0.0882808	-1.10929	2.77449	-9.11019	-0.208151	-1.66263	0.00208242	1.67824	-0.81547	0.194506	-1.75691	0.172875	0.958026	-0.375113	1.67473	-0.812583	0.188891	-1.74398	0.16875	0.94716	-0.382839	4.44089e-16	0.672922	-2.70248	9.06773	0.203027	1.60056	-6.06736e-08	0.0148404	0.0114678	-1.97476	0.00128471	0.055256	-7.96457e-08	
1.27	-0.104183	1.02361	-2.91778	9.25453	0.200939	1.66426	-0.00106013	1.68513	-0.820568	0.205803	-1.78197	0.181028	0.979695	-0.360884	0.33915	-0.23365	0.567123	-1.22797	0.404865	1.08081	0.674188	-5.48363	22.3518	2.29478	26.4645	-3.14415	-2.80142	-38.9516	0.0943956	-1.03425	2.87534	-9.23171	-0.204781	-1.6637	0.0014854	1.68171	-0.818131	0.200144	-1.76957	0.176969	0.968873	-0.3678	1.67824	-0.81547	0.194506	-1.75691	0.172875	0.958026	-0.375113	8.88178e-16	0.631091	-2.7767	9.15484	0.203653	1.60009	-1.81014e-07	0.0174687	0.0125826	-1.98182	0.00368317	0.0528061	-7.32153e-08	
1.28	-0.109198	0.939488	-3.01879	9.37736	0.19799	1.66506	-0.000459082	1.68849	-0.822783	0.211482	-1.7941	0.185049	0.990483	-0.35435	0.333309	-0.211418	0.568554	-1.20091	0.400603	1.07729	0.636905	-5.84126	22.2325	1.43051	27.0605	-4.26173	-3.51667	-37.2827	0.106218	-0.970014	2.98643	-9.34481	-0.200057	-1.66467	0.000777127	1.68513	-0.820568	0.205803	-1.78197	0.181028	0.979695	-0.360884	1.68171	-0.818131	0.200144	-1.76957	0.176969	0.968873	-0.3678	0	0.587592	-2.8505	9.2406	0.204288	1.59964	-7.8333e-08	0.0200928	0.0172666	-1.98665	0.00304968	0.0490261	-6.68074e-08	
1.29	-0.119294	0.869409	-3.12609	9.4894	0.193851	1.66584	0.000212303	1.69178	-0.824777	0.217176	-1.80596	0.189031	1.00123	-0.348183	0.326991	-0.189602	0.569806	-1.17326	0.396326	1.07276	0.601053	-6.31809	21.8153	1.2517	27.6566	-4.27663	-4.52995	-35.8521	0.121817	-0.882583	3.11841	-9.47034	-0.193272	-1.66625	-0.000232835	1.68849	-0.822783	0.211482	-1.7941	0.185049	0.990483	-0.35435	1.68513	-0.820568	0.205803	-1.78197	0.181028	0.979695	-0.360884	0	0.542523	-2.92379	9.32498	0.204932	1.59921	-8.58213e-08	0.026943	0.0225408	-1.99562	0.00432105	0.0463572	-6.03614e-08	
1.3	-0.129781	0.783081	-3.24113	9.6066	0.188875	1.66627	0.00104173	1.69502	-0.826551	0.222882	-1.81754	0.192971	1.01194	-0.342364	0.320315	-0.167787	0.570953	-1.14524	0.391901	1.06776	0.566542	-6.67572	21.8153	1.14739	28.0142	-4.42564	-5.00679	-34.5111	0.129033	-0.787852	3.2283	-9.5912	-0.18878	-1.6665	-0.00103167	1.69178	-0.824777	0.217176	-1.80596	0.189031	1.00123	-0.348183	1.68849	-0.822783	0.211482	-1.7941	0.185049	0.990483	-0.35435	8.88178e-16	0.49597	-2.99649	9.40791	0.205581	1.5988	-8.58576e-08	0.0342924	0.0250866	-1.99827	0.00630418	0.0462566	-5.6365e-08	
1.31	-0.131774	0.688428	-3.3353	9.72489	0.186251	1.66653	0.00164793	1.69818	-0.828111	0.228596	-1.82883	0.196867	1.02258	-0.336875	0.312924	-0.146329	0.571176	-1.11699	0.387639	1.06192	0.534505	-7.39095	21.4577	0.223517	28.2526	-4.26173	-5.84126	-32.0375	0.136895	-0.721213	3.3247	-9.69265	-0.185569	-1.66617	-0.00160813	1.69502	-0.826551	0.222882	-1.81754	0.192971	1.01194	-0.342364	1.69178	-0.824777	0.217176	-1.80596	0.189031	1.00123	-0.348183	8.88178e-16	0.448041	-3.06851	9.48934	0.206235	1.59841	-6.86038e-08	0.0379541	0.0276987	-2.00154	0.00825419	0.0449761	-5.26298e-08	
1.32	-0.151582	0.611179	-3.46878	9.83146	0.178916	1.66668	0.00271775	1.70127	-0.829459	0.234316	-1.83985	0.200717	1.03317	-0.331697	0.305653	-0.125349	0.572085	-1.08826	0.382841	1.05572	0.504464	-7.27177	20.9808	0.908971	28.7294	-4.79817	-6.19888	-30.0407	0.144822	-0.622892	3.43685	-9.81595	-0.181313	-1.66741	-0.00241586	1.69818	-0.828111	0.228596	-1.82883	0.196867	1.02258	-0.336875	1.69502	-0.826551	0.222882	-1.81754	0.192971	1.01194	-0.342364	4.44089e-16	0.398846	-3.13981	9.56923	0.206889	1.59803	3.78066e-08	0.0438718	0.0295349	-2.00941	0.00858413	0.0419582	-4.69692e-08	
1.33	-0.158839	0.516084	-3.57574	9.95112	0.175136	1.66839	0.00345279	1.70429	-0.830599	0.240034	-1.85058	0.20452	1.04368	-0.326809	0.297785	-0.104904	0.571847	-1.05989	0.377879	1.04809	0.476211	-7.86781	20.4444	-0.238419	28.3718	-4.96209	-7.62939	-28.2526	0.158673	-0.53437	3.55824	-9.92513	-0.175403	-1.6674	-0.00336934	1.70127	-0.829459	0.234316	-1.83985	0.200717	1.03317	-0.331697	1.69818	-0.828111	0.228596	-1.82883	0.196867	1.02258	-0.336875	8.88178e-16	0.348491	-3.21028	9.64752	0.207544	1.59767	-5.47354e-08	0.0484435	0.0357064	-2.0175	0.00845591	0.0376617	-4.08699e-08	
1.34	-0.164172	0.411839	-3.68068	10.0617	0.171254	1.66757	0.00425034	1.70721	-0.831536	0.24575	-1.86101	0.208272	1.05412	-0.322191	0.289202	-0.0844598	0.571355	-1.03045	0.372738	1.03998	0.450045	-8.58307	20.4444	-0.491738	29.4447	-5.1409	-8.10623	-26.1664	0.159657	-0.441745	3.64554	-10.0349	-0.173405	-1.66763	-0.00390516	1.70429	-0.830599	0.240034	-1.85058	0.20452	1.04368	-0.326809	1.70127	-0.829459	0.234316	-1.83985	0.200717	1.03317	-0.331697	-8.88178e-16	0.297082	-3.27988	9.72419	0.208195	1.59733	3.26377e-08	0.0521237	0.0360582	-2.02003	0.0105481	0.0364664	-3.48537e-08	
1.35	-0.173164	0.318203	-3.78919	10.1739	0.167198	1.66886	0.00502373	1.71006	-0.832275	0.251459	-1.87116	0.211973	1.06447	-0.317824	0.28038	-0.0651479	0.570446	-1.0016	0.367478	1.03092	0.426143	-8.82149	19.3119	-0.908971	28.8486	-5.26011	-9.05991	-23.9015	0.16712	-0.332008	3.75881	-10.1527	-0.168921	-1.66821	-0.00478689	1.70721	-0.831536	0.24575	-1.86101	0.208272	1.05412	-0.322191	1.70429	-0.830599	0.240034	-1.85058	0.20452	1.04368	-0.326809	-4.44089e-16	0.244754	-3.34854	9.79917	0.208841	1.597	-7.85617e-08	0.0581115	0.0396639	-2.02542	0.0109496	0.0340259	-3.03432e-08	
1.36	-0.176267	0.219422	-3.88313	10.2776	0.164348	1.66824	0.00569073	1.71281	-0.832821	0.257155	-1.88101	0.215619	1.07473	-0.313686	0.271082	-0.046134	0.568748	-0.972032	0.362188	1.02115	0.403821	-9.29832	19.0139	-1.69873	29.564	-5.28991	-9.77516	-22.3219	0.177805	-0.238064	3.87112	-10.2614	-0.164492	-1.66906	-0.00561612	1.71006	-0.832275	0.251459	-1.87116	0.211973	1.06447	-0.317824	1.70721	-0.831536	0.24575	-1.86101	0.208272	1.05412	-0.322191	0	0.191624	-3.41619	9.87243	0.209477	1.59669	-8.06339e-08	0.0633438	0.0426056	-2.03529	0.011439	0.0302664	-2.55781e-08	
1.37	-0.185565	0.113997	-3.99644	10.3895	0.159837	1.66932	0.00656412	1.71547	-0.833182	0.262837	-1.89057	0.219211	1.08488	-0.309757	0.261545	-0.0278354	0.567198	-0.942826	0.35654	1.01042	0.383824	-9.53674	18.2986	-1.54972	29.2063	-5.64754	-10.7288	-19.9974	0.188566	-0.143761	3.9815	-10.3617	-0.159598	-1.66891	-0.00648229	1.71281	-0.832821	0.257155	-1.88101	0.215619	1.07473	-0.313686	1.71006	-0.832275	0.251459	-1.87116	0.211973	1.06447	-0.317824	-4.44089e-16	0.137817	-3.48279	9.94394	0.210104	1.59639	-1.39824e-07	0.0684986	0.0466774	-2.03793	0.0133474	0.0285086	-1.87904e-08	
1.38	-0.197142	0.0238456	-4.10557	10.4866	0.155398	1.66945	0.00738219	1.71803	-0.833364	0.268498	-1.89984	0.222745	1.09492	-0.306018	0.251651	-0.0104308	0.565082	-0.913262	0.350803	0.998974	0.366211	-9.89437	17.4046	-2.11596	29.5639	-5.73695	-11.4442	-17.6132	0.191733	-0.0366146	4.07875	-10.4679	-0.15687	-1.66905	-0.00716878	1.71547	-0.833182	0.262837	-1.89057	0.219211	1.08488	-0.309757	1.71281	-0.832821	0.257155	-1.88101	0.215619	1.07473	-0.313686	4.44089e-16	0.0834733	-3.54827	10.0136	0.210716	1.59611	-1.08372e-07	0.0736512	0.0497717	-2.04425	0.0128329	0.0259504	-1.56096e-08	
1.39	-0.195831	-0.0935434	-4.19589	10.5942	0.153408	1.66951	0.00801705	1.72048	-0.833374	0.274134	-1.90881	0.22622	1.10484	-0.30245	0.240922	0.00661612	0.562191	-0.883579	0.344798	0.986099	0.34976	-10.7289	17.0469	-2.89083	29.6831	-6.00517	-12.8746	-16.4509	0.195941	0.0697224	4.17763	-10.5752	-0.154048	-1.66977	-0.00787675	1.71803	-0.833364	0.268498	-1.89984	0.222745	1.09492	-0.306018	1.71547	-0.833182	0.262837	-1.89057	0.219211	1.08488	-0.309757	4.44089e-16	0.0287087	-3.61258	10.0815	0.211312	1.59583	-7.31621e-08	0.0794876	0.0514469	-2.04742	0.0147417	0.0251718	-1.16397e-08	
1.4	-0.209812	-0.188923	-4.31136	10.6902	0.148113	1.66993	0.00895552	1.72284	-0.833219	0.279741	-1.91748	0.229635	1.11463	-0.299033	0.230432	0.0224709	0.55933	-0.854135	0.33918	0.973105	0.335276	-10.4904	15.8548	-2.86102	29.4447	-5.61774	-12.9938	-14.4839	0.208058	0.16848	4.29047	-10.6702	-0.149143	-1.66972	-0.00877545	1.72048	-0.833374	0.274134	-1.90881	0.22622	1.10484	-0.30245	1.71803	-0.833364	0.268498	-1.89984	0.222745	1.09492	-0.306018	-8.88178e-16	-0.0263227	-3.67569	10.1475	0.211891	1.59557	-9.86891e-08	0.0844917	0.0568597	-2.05491	0.0147754	0.021663	-7.07744e-09	
1.41	-0.210343	-0.306085	-4.40489	10.795	0.145909	1.67051	0.00961949	1.72508	-0.83291	0.285313	-1.92586	0.232988	1.12429	-0.295748	0.219345	0.0377893	0.555545	-0.82469	0.332773	0.958562	0.322998	-11.0865	15.3184	-3.78489	29.4447	-6.4075	-14.5435	-12.2786	0.208031	0.283772	4.38126	-10.7707	-0.146805	-1.66942	-0.00944895	1.72284	-0.833219	0.279741	-1.91748	0.229635	1.11463	-0.299033	1.72048	-0.833374	0.274134	-1.90881	0.22622	1.10484	-0.30245	4.44089e-16	-0.0814874	-3.73754	10.2116	0.21245	1.59531	-1.2636e-07	0.0899817	0.0574005	-2.06188	0.0153298	0.0189688	-2.11076e-09	
1.42	-0.218934	-0.407205	-4.50816	10.8855	0.1423	1.67036	0.0103952	1.72721	-0.832453	0.290847	-1.93394	0.236278	1.13379	-0.292581	0.208139	0.0520945	0.551522	-0.795007	0.326127	0.943303	0.312209	-11.2057	14.3051	-4.02331	29.6831	-6.64592	-15.2588	-10.7884	0.214468	0.383663	4.47895	-10.8643	-0.143925	-1.66996	-0.010129	1.72508	-0.83291	0.285313	-1.92586	0.232988	1.12429	-0.295748	1.72284	-0.833219	0.279741	-1.91748	0.229635	1.11463	-0.299033	4.44089e-16	-0.136634	-3.79811	10.2738	0.212985	1.59506	-8.00561e-08	0.093794	0.0605307	-2.06646	0.0164117	0.0168205	2.51239e-09	
1.43	-0.21593	-0.518448	-4.58833	10.9818	0.141361	1.67062	0.0109015	1.72923	-0.831859	0.296336	-1.94173	0.239503	1.14313	-0.289513	0.196338	0.0653267	0.546396	-0.7658	0.31957	0.927091	0.302762	-11.8017	13.2322	-5.126	29.2063	-6.55651	-16.2125	-9.44734	0.220532	0.487417	4.57684	-10.9588	-0.140886	-1.6708	-0.0108359	1.72721	-0.832453	0.290847	-1.93394	0.236278	1.13379	-0.292581	1.72508	-0.83291	0.285313	-1.92586	0.232988	1.12429	-0.295748	-1.77636e-15	-0.191631	-3.85734	10.3341	0.213497	1.59482	-1.45883e-07	0.0978164	0.0639682	-2.07076	0.0163517	0.0142294	8.13718e-09	
1.44	-0.225452	-0.631593	-4.6993	11.0778	0.137207	1.67159	0.0117811	1.73112	-0.831136	0.301776	-1.94923	0.242663	1.15231	-0.286532	0.184417	0.0777841	0.541717	-0.736594	0.312865	0.909805	0.294834	-11.9209	12.4574	-4.67896	29.2063	-6.70549	-17.2853	-7.92742	0.221792	0.607248	4.672	-11.0576	-0.138583	-1.67123	-0.0115389	1.72923	-0.831859	0.296336	-1.94173	0.239503	1.14313	-0.289513	1.72721	-0.832453	0.290847	-1.93394	0.236278	1.13379	-0.292581	0	-0.246325	-3.91522	10.3923	0.213982	1.59458	-6.33553e-08	0.104428	0.0667964	-2.07577	0.017014	0.013243	9.67964e-09	
1.45	-0.225422	-0.739994	-4.78356	11.1658	0.135452	1.67152	0.0123695	1.7329	-0.830296	0.30716	-1.95644	0.245758	1.16131	-0.283622	0.172138	0.0890493	0.535697	-0.707507	0.306413	0.891805	0.288188	-12.2786	11.2653	-6.02007	29.0871	-6.4522	-18.0006	-6.64592	0.227171	0.708646	4.76499	-11.1405	-0.135713	-1.67091	-0.0122272	1.73112	-0.831136	0.301776	-1.94923	0.242663	1.15231	-0.286532	1.72923	-0.831859	0.296336	-1.94173	0.239503	1.14313	-0.289513	0	-0.300565	-3.97172	10.4486	0.214441	1.59435	-1.82791e-07	0.108658	0.0695526	-2.08309	0.0160682	0.00968202	1.40294e-08	
1.46	-0.231987	-0.85142	-4.88505	11.2576	0.132252	1.67273	0.0131326	1.73456	-0.829349	0.312486	-1.96335	0.248783	1.17013	-0.280771	0.15974	0.0993013	0.529677	-0.678778	0.299662	0.872612	0.283062	-12.3978	10.252	-6.02007	28.7294	-6.75023	-19.1927	-5.126	0.233603	0.820108	4.8664	-11.2347	-0.13267	-1.67244	-0.0129757	1.7329	-0.830296	0.30716	-1.95644	0.245758	1.16131	-0.283622	1.73112	-0.831136	0.301776	-1.94923	0.242663	1.15231	-0.286532	4.44089e-16	-0.354198	-4.02681	10.5029	0.214869	1.59412	-8.34494e-08	0.115605	0.0731763	-2.08913	0.0170461	0.00896532	1.67177e-08	
1.47	-0.236975	-0.954131	-4.97639	11.3357	0.129493	1.67247	0.0138134	1.73608	-0.828305	0.317744	-1.96998	0.251741	1.17874	-0.277969	0.147343	0.10854	0.522733	-0.64981	0.292897	0.852466	0.278294	-12.3978	9.23872	-6.94394	28.9679	-6.76513	-20.1464	-4.76837	0.232123	0.941457	4.95417	-11.3247	-0.13077	-1.6724	-0.013637	1.73456	-0.829349	0.312486	-1.96335	0.248783	1.17013	-0.280771	1.7329	-0.830296	0.30716	-1.95644	0.245758	1.16131	-0.283622	-4.44089e-16	-0.407077	-4.08047	10.5551	0.215269	1.5939	-2.08173e-07	0.121631	0.0751461	-2.09572	0.0164723	0.00586407	2.06785e-08	
1.48	-0.237197	-1.06392	-5.06141	11.4223	0.128219	1.67351	0.0143581	1.73748	-0.827175	0.322933	-1.97632	0.25463	1.18715	-0.275205	0.13423	0.116408	0.515282	-0.621557	0.285625	0.831246	0.274777	-13.113	7.86781	-7.45058	28.2525	-7.27177	-21.2193	-3.51667	0.233146	1.06065	5.04673	-11.4189	-0.128666	-1.67407	-0.0143032	1.73608	-0.828305	0.317744	-1.96998	0.251741	1.17874	-0.277969	1.73456	-0.829349	0.312486	-1.96335	0.248783	1.17013	-0.280771	-1.77636e-15	-0.459045	-4.13269	10.6052	0.215638	1.59367	-1.73994e-07	0.127475	0.0780836	-2.10381	0.0162738	0.00481166	2.02822e-08	
1.49	-0.242417	-1.17336	-5.1567	11.5039	0.125264	1.67436	0.0150818	1.73876	-0.825972	0.328043	-1.98238	0.257449	1.19534	-0.272471	0.121236	0.123382	0.507444	-0.593305	0.27889	0.808954	0.271946	-12.9938	6.97374	-7.83801	28.2526	-6.73532	-22.2921	-2.83122	0.24795	1.13707	5.14402	-11.4807	-0.125074	-1.67438	-0.0149701	1.73748	-0.827175	0.322933	-1.97632	0.25463	1.18715	-0.275205	1.73608	-0.828305	0.317744	-1.96998	0.251741	1.17874	-0.277969	0	-0.509951	-4.18346	10.6533	0.215974	1.59345	-1.31022e-07	0.133025	0.0843636	-2.10401	0.0163416	0.00479689	2.15836e-08	
1.5	-0.247934	-1.27427	-5.2476	11.5801	0.123027	1.67521	0.0157098	1.73989	-0.824707	0.333071	-1.98816	0.260198	1.20331	-0.269762	0.108004	0.128925	0.49898	-0.56541	0.271648	0.785828	0.270069	-13.2322	5.54324	-8.46389	27.895	-7.24196	-23.1266	-1.87755	0.237952	1.26204	5.21435	-11.5701	-0.125216	-1.67497	-0.0154106	1.73876	-0.825972	0.328043	-1.98238	0.257449	1.19534	-0.272471	1.73748	-0.827175	0.322933	-1.97632	0.25463	1.18715	-0.275205	-1.33227e-15	-0.559644	-4.23275	10.6994	0.216279	1.59323	-2.07317e-07	0.138203	0.0832328	-2.11131	0.0164483	0.00306589	2.34817e-08	
1.51	-0.246339	-1.38241	-5.32641	11.6557	0.12185	1.67559	0.0162323	1.7409	-0.823391	0.338009	-1.99367	0.262875	1.21103	-0.267072	0.0944137	0.133455	0.489652	-0.537634	0.264525	0.761509	0.268489	-13.5899	4.52995	-9.32813	27.7758	-7.12276	-24.3187	-1.57952	0.241646	1.36521	5.30228	-11.6445	-0.123095	-1.67557	-0.0160304	1.73989	-0.824707	0.333071	-1.98816	0.260198	1.20331	-0.269762	1.73876	-0.825972	0.328043	-1.98238	0.257449	1.19534	-0.272471	4.44089e-16	-0.607967	-4.28058	10.7433	0.216551	1.59301	-6.81588e-08	0.142329	0.0874569	-2.11609	0.0165685	0.00146071	2.51103e-08	
1.52	-0.245152	-1.50151	-5.41339	11.7427	0.120197	1.67758	0.0168538	1.74177	-0.822038	0.342853	-1.99889	0.265481	1.21851	-0.264397	0.0807047	0.136793	0.479966	-0.510693	0.257581	0.736356	0.266701	-13.7091	3.33786	-9.68575	26.9413	-6.94394	-25.1532	-1.78814	0.24593	1.47022	5.39247	-11.7162	-0.12073	-1.67593	-0.0166943	1.7409	-0.823391	0.338009	-1.99367	0.262875	1.21103	-0.267072	1.73989	-0.824707	0.333071	-1.98816	0.260198	1.20331	-0.269762	8.88178e-16	-0.654767	-4.32693	10.7851	0.21679	1.59279	1.33555e-08	0.147968	0.0904214	-2.11921	0.0165079	0.000910937	2.63557e-08	
1.53	-0.248482	-1.59697	-5.49573	11.8118	0.118529	1.6788	0.017383	1.7425	-0.820659	0.347594	-2.00385	0.268016	1.22573	-0.261735	0.0673532	0.1387	0.469327	-0.483751	0.25034	0.71001	0.265867	-13.3514	1.90735	-10.6394	26.9413	-7.24196	-26.3453	-0.834465	0.25535	1.56331	5.48657	-11.7863	-0.117716	-1.67782	-0.01736	1.74177	-0.822038	0.342853	-1.99889	0.265481	1.21851	-0.264397	1.7409	-0.823391	0.338009	-1.99367	0.262875	1.21103	-0.267072	4.44089e-16	-0.699886	-4.3718	10.8248	0.216999	1.59256	-1.21595e-07	0.151163	0.0962527	-2.12847	0.0153524	-0.00249107	3.05369e-08	
1.54	-0.248875	-1.69769	-5.57501	11.8773	0.117196	1.67886	0.0179276	1.7431	-0.819267	0.352227	-2.00854	0.270479	1.23268	-0.259085	0.0531673	0.139475	0.45836	-0.45681	0.242978	0.68295	0.264287	-14.1859	0.77486	-10.9673	26.9413	-7.36119	-27.0605	-1.57952	0.254641	1.6728	5.5687	-11.8607	-0.116216	-1.67882	-0.0179432	1.7425	-0.820659	0.347594	-2.00385	0.268016	1.22573	-0.261735	1.74177	-0.822038	0.342853	-1.99889	0.265481	1.21851	-0.264397	-1.33227e-15	-0.743192	-4.4152	10.8624	0.217176	1.59234	-1.16486e-07	0.159227	0.0989552	-2.13146	0.0154717	-0.00158441	2.82877e-08	
1.55	-0.249542	-1.79165	-5.65074	11.9412	0.115892	1.68	0.0183999	1.74355	-0.817874	0.356746	-2.01296	0.272871	1.23935	-0.256451	0.0393391	0.138938	0.446379	-0.430346	0.235885	0.654221	0.262737	-13.8283	-0.536442	-11.9805	26.4645	-7.09295	-28.7294	-1.54972	0.251587	1.77507	5.64189	-11.9335	-0.115739	-1.6807	-0.0183555	1.7431	-0.819267	0.352227	-2.00854	0.270479	1.23268	-0.259085	1.7425	-0.820659	0.347594	-2.00385	0.268016	1.22573	-0.261735	4.44089e-16	-0.784512	-4.45713	10.8979	0.217322	1.59212	-2.21068e-08	0.165495	0.10021	-2.13941	0.0142953	-0.00209835	2.55039e-08	
1.56	-0.250579	-1.8902	-5.73082	12.0082	0.114364	1.68153	0.0189359	1.74387	-0.816494	0.361143	-2.01712	0.27519	1.24574	-0.253833	0.0252724	0.13721	0.434011	-0.404358	0.228763	0.624776	0.261009	-14.0667	-1.72853	-12.368	25.9876	-7.12276	-29.4446	-1.72853	0.251202	1.87312	5.71846	-11.9979	-0.114586	-1.68157	-0.0188556	1.74355	-0.817874	0.356746	-2.01296	0.272871	1.23935	-0.256451	1.7431	-0.819267	0.352227	-2.00854	0.270479	1.23268	-0.259085	8.88178e-16	-0.823706	-4.49758	10.9312	0.21744	1.5919	-1.35272e-07	0.170296	0.103638	-2.14519	0.0135768	-0.00384924	2.76373e-08	
1.57	-0.251204	-1.98782	-5.81016	12.0759	0.112992	1.6835	0.0194572	1.74404	-0.815138	0.365412	-2.02103	0.277438	1.25182	-0.251236	0.0110865	0.13417	0.420988	-0.378847	0.22161	0.594378	0.258565	-14.1859	-3.03984	-13.0236	25.5108	-7.15256	-30.3984	-2.44379	0.25046	1.96847	5.79322	-12.0644	-0.113523	-1.68335	-0.0193272	1.74387	-0.816494	0.361143	-2.01712	0.27519	1.24574	-0.253833	1.74355	-0.817874	0.356746	-2.01296	0.272871	1.23935	-0.256451	1.77636e-15	-0.860646	-4.53658	10.9624	0.217528	1.59168	-1.34995e-07	0.176655	0.106157	-2.15336	0.0122946	-0.00503909	2.70166e-08	
1.58	-0.247196	-2.07926	-5.87642	12.1407	0.112754	1.6856	0.0198091	1.74408	-0.813818	0.369547	-2.02468	0.279612	1.25759	-0.248665	-0.00298023	0.129759	0.406772	-0.353813	0.214457	0.562906	0.255615	-14.0667	-4.41074	-14.2157	25.034	-7.15256	-31.4713	-2.95043	0.249239	2.06334	5.86741	-12.13	-0.112585	-1.68547	-0.0197766	1.74404	-0.815138	0.365412	-2.02103	0.277438	1.25182	-0.251236	1.74387	-0.816494	0.361143	-2.01712	0.27519	1.24574	-0.253833	-2.22045e-15	-0.895169	-4.57412	10.9914	0.217589	1.59146	-6.24083e-08	0.179751	0.10915	-2.15693	0.0126775	-0.00492868	2.62467e-08	
1.59	-0.254131	-2.16728	-5.96423	12.1975	0.110133	1.68717	0.0204581	1.74397	-0.812548	0.373538	-2.02808	0.281716	1.26304	-0.246127	-0.0171661	0.124454	0.392675	-0.328541	0.207245	0.530362	0.252038	-14.1859	-5.30482	-14.0965	25.2724	-7.21216	-32.5441	-3.57628	0.252142	2.14746	5.94414	-12.1848	-0.111082	-1.68671	-0.0202755	1.74408	-0.813818	0.369547	-2.02468	0.279612	1.25759	-0.248665	1.74404	-0.815138	0.365412	-2.02103	0.277438	1.25182	-0.251236	8.88178e-16	-0.927142	-4.61021	11.0183	0.217624	1.59125	-9.96796e-08	0.18663	0.113258	-2.16088	0.011715	-0.00458966	2.50409e-08	
1.6	-0.255297	-2.24623	-6.03484	12.2467	0.109004	1.68796	0.0209025	1.74372	-0.81134	0.377381	-2.03122	0.283746	1.26816	-0.243632	-0.0314713	0.117779	0.377387	-0.303507	0.199825	0.496864	0.247359	-14.3051	-6.67572	-15.2886	25.0339	-7.42078	-33.4978	-4.67898	0.252606	2.23541	6.01879	-12.2429	-0.109582	-1.68847	-0.0207807	1.74397	-0.812548	0.373538	-2.02808	0.281716	1.26304	-0.246127	1.74408	-0.813818	0.369547	-2.02468	0.279612	1.25759	-0.248665	1.33227e-15	-0.956424	-4.64487	11.043	0.217635	1.59103	-9.74751e-08	0.191078	0.116919	-2.16707	0.0105728	-0.00564034	2.41841e-08	
1.61	-0.250765	-2.33663	-6.10239	12.3116	0.108705	1.691	0.0212725	1.74333	-0.810205	0.381066	-2.03413	0.285704	1.27294	-0.241188	-0.0457764	0.109911	0.361264	-0.279427	0.192434	0.462174	0.241771	-14.3051	-7.86781	-16.1231	24.0803	-7.39098	-34.6899	-5.58794	0.247411	2.3195	6.08036	-12.2981	-0.109516	-1.69001	-0.0211072	1.74372	-0.81134	0.377381	-2.03122	0.283746	1.26816	-0.243632	1.74397	-0.812548	0.373538	-2.02808	0.281716	1.26304	-0.246127	4.44089e-16	-0.982893	-4.6781	11.0656	0.217624	1.59082	-3.66338e-08	0.19753	0.117702	-2.1733	0.00980758	-0.00554095	2.1257e-08	
1.62	-0.257575	-2.40897	-6.18272	12.3611	0.106535	1.69332	0.0218097	1.74279	-0.809155	0.384588	-2.03679	0.28759	1.27736	-0.238807	-0.0602007	0.100851	0.344872	-0.255108	0.185221	0.426292	0.235155	-14.4243	-9.05991	-16.3913	24.3187	-7.21216	-35.882	-6.61612	0.251086	2.39605	6.1568	-12.353	-0.107829	-1.6928	-0.0215946	1.74333	-0.810205	0.381066	-2.03413	0.285704	1.27294	-0.241188	1.74372	-0.81134	0.377381	-2.03122	0.283746	1.26816	-0.243632	-8.88178e-16	-1.00641	-4.7099	11.086	0.217593	1.59062	-3.18352e-08	0.203269	0.122998	-2.17942	0.00910532	-0.0055602	2.02394e-08	
1.63	-0.256807	-2.48392	-6.25017	12.4139	0.105591	1.69588	0.0222096	1.74211	-0.808202	0.387938	-2.03921	0.289402	1.28143	-0.2365	-0.0745058	0.0907183	0.327289	-0.231266	0.177979	0.389576	0.22693	-14.3051	-10.1328	-17.5834	23.8419	-7.24196	-36.7165	-8.22544	0.252422	2.46201	6.22243	-12.3945	-0.106823	-1.69381	-0.0219889	1.74279	-0.809155	0.384588	-2.03679	0.28759	1.27736	-0.238807	1.74333	-0.810205	0.381066	-2.03413	0.285704	1.27294	-0.241188	1.33227e-15	-1.02685	-4.74028	11.1042	0.217545	1.59042	-7.45677e-08	0.207138	0.127013	-2.18321	0.00815748	-0.00579473	1.90204e-08	
1.64	-0.260259	-2.53714	-6.31333	12.4516	0.104462	1.69752	0.0225615	1.74129	-0.807357	0.391109	-2.04139	0.291143	1.28512	-0.234282	-0.0888109	0.0792146	0.308782	-0.207424	0.170827	0.352025	0.217408	-14.3051	-11.5037	-18.5072	23.8419	-7.15256	-37.5509	-9.52184	0.254471	2.53375	6.29478	-12.4476	-0.10536	-1.69703	-0.0224389	1.74211	-0.808202	0.387938	-2.03921	0.289402	1.28143	-0.2365	1.74279	-0.809155	0.384588	-2.03679	0.28759	1.27736	-0.238807	0	-1.0441	-4.76925	11.1202	0.21748	1.59023	-5.44122e-08	0.213606	0.132044	-2.18942	0.00684439	-0.00565354	1.56418e-08	
1.65	-0.259875	-2.60692	-6.38118	12.5006	0.103487	1.70004	0.0229807	1.74032	-0.806629	0.394094	-2.04333	0.292809	1.28843	-0.232166	-0.103474	0.0670552	0.289947	-0.183821	0.163168	0.313401	0.20653	-14.6627	-12.1593	-18.8351	23.6034	-7.6592	-38.6238	-10.8778	0.255176	2.60978	6.3688	-12.5043	-0.103947	-1.70062	-0.0229186	1.74129	-0.807357	0.391109	-2.04139	0.291143	1.28512	-0.234282	1.74211	-0.808202	0.387938	-2.03921	0.289402	1.28143	-0.2365	-2.22045e-15	-1.05804	-4.7968	11.1339	0.217402	1.59004	-2.0472e-08	0.221168	0.13493	-2.19654	0.00618354	-0.00418636	1.13096e-08	
1.66	-0.260077	-2.66539	-6.44392	12.5442	0.102498	1.70317	0.0233107	1.7392	-0.80603	0.396885	-2.04504	0.294402	1.29134	-0.230168	-0.118017	0.0540018	0.270396	-0.160456	0.155777	0.273228	0.194162	-14.5435	-13.0534	-19.5503	23.365	-7.39096	-40.1735	-12.368	0.255373	2.65973	6.4255	-12.5373	-0.103194	-1.702	-0.0232172	1.74032	-0.806629	0.394094	-2.04333	0.292809	1.28843	-0.232166	1.74129	-0.807357	0.391109	-2.04139	0.291143	1.28512	-0.234282	4.44089e-16	-1.06856	-4.82294	11.1455	0.217314	1.58987	-1.54023e-08	0.224759	0.138136	-2.20168	0.00585849	-0.00471816	1.14245e-08	
1.67	-0.239104	-2.62331	-6.39623	12.5024	0.109063	1.69823	0.0222272	1.73794	-0.805567	0.399475	-2.04652	0.295921	1.29386	-0.228303	-0.132561	0.0398755	0.249684	-0.137568	0.148475	0.233769	0.180349	-14.5435	-14.1263	-20.7126	22.8882	-7.30157	-39.4583	-13.8134	0.246673	2.64299	6.42011	-12.5162	-0.106584	-1.69929	-0.0226598	1.7392	-0.80603	0.396885	-2.04504	0.294402	1.29134	-0.230168	1.74032	-0.806629	0.394094	-2.04333	0.292809	1.28843	-0.232166	1.77636e-15	-1.07558	-4.84767	11.1548	0.217216	1.5897	-5.26569e-08	0.221283	0.135895	-2.19529	0.00439446	-0.00391233	8.61116e-09	
1.68	-0.222788	-2.52723	-6.32177	12.4163	0.116421	1.69111	0.0207126	1.73654	-0.805242	0.401869	-2.04778	0.297369	1.29598	-0.226575	-0.145912	0.0264645	0.23067	-0.11611	0.14168	0.195384	0.166625	-13.3514	-13.411	-19.0139	21.4577	-6.79493	-38.3854	-13.724	0.232396	2.55063	6.35264	-12.4395	-0.113674	-1.69349	-0.0212001	1.73794	-0.805567	0.399475	-2.04652	0.295921	1.29386	-0.228303	1.7392	-0.80603	0.396885	-2.04504	0.294402	1.29134	-0.230168	-4.44089e-16	-1.07918	-4.87104	11.162	0.217112	1.58955	-5.35854e-08	0.206551	0.127873	-2.18256	0.0037852	-0.00370061	5.84276e-09	
1.69	-0.206715	-2.37915	-6.21306	12.2896	0.125612	1.6806	0.0187523	1.73501	-0.805049	0.404076	-2.04883	0.298751	1.29774	-0.224983	-0.158191	0.013411	0.212997	-0.0965595	0.135541	0.160575	0.153437	-12.2785	-13.0534	-17.6728	19.5503	-6.13928	-34.8091	-13.1875	0.205036	2.40917	6.22487	-12.3124	-0.124602	-1.68193	-0.019046	1.73654	-0.805242	0.401869	-2.04778	0.297369	1.29598	-0.226575	1.73794	-0.805567	0.399475	-2.04652	0.295921	1.29386	-0.228303	0	-1.07957	-4.89317	11.1672	0.217003	1.58941	-7.03217e-08	0.183843	0.115163	-2.15917	0.00273184	-0.00412771	5.70672e-09	
1.7	-0.183807	-2.22889	-6.08925	12.1655	0.136261	1.67088	0.0165668	1.73337	-0.80498	0.406114	-2.0497	0.300074	1.29917	-0.22352	-0.16892	0.00154972	0.196844	-0.0796318	0.129789	0.128984	0.140727	-10.7288	-11.8613	-16.1529	16.9277	-5.75185	-31.5904	-12.7107	0.184124	2.26117	6.10634	-12.1857	-0.134553	-1.67155	-0.0169668	1.73501	-0.805049	0.404076	-2.04883	0.298751	1.29774	-0.224983	1.73654	-0.805242	0.401869	-2.04778	0.297369	1.29598	-0.226575	-1.33227e-15	-1.07702	-4.91418	11.1706	0.216891	1.58928	-2.76436e-08	0.16561	0.104415	-2.13766	0.00212583	-0.00313967	4.20164e-09	
1.71	-0.155409	-2.07905	-5.95438	12.0394	0.147589	1.66024	0.0143176	1.73163	-0.805023	0.407999	-2.05041	0.301344	1.30031	-0.222179	-0.178337	-0.00905991	0.182182	-0.0648499	0.124902	0.101566	0.12894	-9.41753	-10.6096	-14.6627	14.7819	-4.88759	-27.4181	-11.7868	0.156507	2.11631	5.97676	-12.066	-0.145791	-1.66189	-0.0147408	1.73337	-0.80498	0.406114	-2.0497	0.300074	1.29917	-0.22352	1.73501	-0.805049	0.404076	-2.04883	0.298751	1.29774	-0.224983	0	-1.07186	-4.9342	11.1724	0.216778	1.58916	-3.62421e-08	0.144609	0.090838	-2.11554	0.00123115	-0.00217223	1.73095e-09	
1.72	-0.124664	-1.94216	-5.82351	11.9223	0.158737	1.65025	0.0121465	1.7298	-0.805166	0.409749	-2.05099	0.30257	1.30119	-0.22095	-0.186801	-0.0182986	0.169396	-0.0519752	0.12055	0.0772476	0.117868	-8.46386	-9.23872	-12.7852	12.8746	-4.35114	-24.3187	-11.0716	0.136102	1.9727	5.86305	-11.9548	-0.155627	-1.65406	-0.0126891	1.73163	-0.805023	0.407999	-2.05041	0.301344	1.30031	-0.222179	1.73337	-0.80498	0.406114	-2.0497	0.300074	1.29917	-0.22352	1.33227e-15	-1.0644	-4.95336	11.1729	0.216664	1.58905	-4.23051e-08	0.126859	0.0790209	-2.09711	0.0010403	-0.000620426	-1.49219e-09	
1.73	-0.110219	-1.80186	-5.724	11.8118	0.167036	1.64214	0.0103441	1.72789	-0.805396	0.411383	-2.05145	0.303756	1.30184	-0.219828	-0.193596	-0.0265837	0.158638	-0.0412464	0.117064	0.0566244	0.107557	-6.79493	-8.28504	-10.7586	10.7288	-3.48687	-20.6232	-10.3116	0.111939	1.82569	5.73882	-11.8331	-0.165936	-1.64392	-0.0106122	1.7298	-0.805166	0.409749	-2.05099	0.30257	1.30119	-0.22095	1.73163	-0.805023	0.407999	-2.05041	0.301344	1.30031	-0.222179	-4.44089e-16	-1.05496	-4.9718	11.1722	0.216551	1.58895	-3.56728e-10	0.107537	0.0666374	-2.07552	0.000452602	0.000129574	-3.71496e-09	
1.74	-0.0927349	-1.67222	-5.62554	11.7113	0.175473	1.63481	0.00857966	1.72592	-0.805703	0.412916	-2.05181	0.30491	1.30231	-0.218808	-0.199437	-0.0338554	0.149071	-0.0321865	0.114024	0.038743	0.0975877	-5.84126	-7.27177	-9.56653	9.0599	-3.03984	-17.8814	-9.96888	0.0971197	1.69598	5.64564	-11.7294	-0.173765	-1.63608	-0.00893233	1.72789	-0.805396	0.411383	-2.05145	0.303756	1.30184	-0.219828	1.7298	-0.805166	0.409749	-2.05099	0.30257	1.30119	-0.22095	-4.44089e-16	-1.0438	-4.9896	11.1704	0.216441	1.58886	1.0638e-08	0.0914751	0.0573321	-2.05798	1.14727e-05	0.000955282	-5.08685e-09	
1.75	-0.0731773	-1.56517	-5.53851	11.6258	0.183359	1.62787	0.00703532	1.7239	-0.806075	0.414362	-2.05208	0.306035	1.30261	-0.217886	-0.204563	-0.0399351	0.140995	-0.0245571	0.111282	0.0240803	0.0878423	-5.126	-6.07967	-8.07643	7.6294	-2.74181	-14.6627	-9.74536	0.0832901	1.57992	5.56392	-11.6368	-0.180872	-1.62898	-0.00743231	1.72592	-0.805703	0.412916	-2.05181	0.30491	1.30231	-0.218808	1.72789	-0.805396	0.411383	-2.05145	0.303756	1.30184	-0.219828	-4.44089e-16	-1.03118	-5.00687	11.1678	0.216334	1.58878	-2.08084e-08	0.0774188	0.0492423	-2.04274	-0.00114476	0.00175866	-8.21842e-09	
1.76	-0.0662326	-1.46324	-5.4807	11.5488	0.188572	1.62273	0.00584629	1.72183	-0.806503	0.415735	-2.05229	0.307137	1.30278	-0.217059	-0.208616	-0.0451207	0.134468	-0.0181198	0.109196	0.0113249	0.0785291	-4.05312	-5.1856	-6.52671	6.4373	-2.08616	-12.7554	-9.31323	0.0690495	1.47432	5.48815	-11.5514	-0.187271	-1.62214	-0.00608039	1.7239	-0.806075	0.414362	-2.05208	0.306035	1.30261	-0.217886	1.72592	-0.805703	0.412916	-2.05181	0.30491	1.30231	-0.218808	-8.88178e-16	-1.01732	-5.0237	11.1645	0.216232	1.5887	-3.12452e-08	0.0638853	0.0409189	-2.02878	-0.00135865	0.00141717	-8.30621e-09	
1.77	-0.049778	-1.38175	-5.41748	11.4872	0.194599	1.61833	0.00464693	1.71973	-0.806979	0.417045	-2.05244	0.308219	1.30283	-0.216327	-0.211954	-0.0494122	0.128418	-0.0128746	0.107437	0.000476837	0.0690073	-3.33786	-4.29153	-6.04987	5.24521	-1.75834	-10.848	-9.52183	0.0562261	1.38649	5.4283	-11.4891	-0.193153	-1.61827	-0.0048718	1.72183	-0.806503	0.415735	-2.05229	0.307137	1.30278	-0.217059	1.7239	-0.806075	0.414362	-2.05208	0.306035	1.30261	-0.217886	1.77636e-15	-1.00242	-5.04015	11.1606	0.216137	1.58864	-5.08041e-08	0.0525757	0.0341723	-2.01874	-0.00147823	0.00153278	-7.97239e-09	
1.78	-0.0449785	-1.2925	-5.37299	11.4223	0.19897	1.61392	0.00367874	1.71759	-0.807496	0.418302	-2.05254	0.309284	1.30279	-0.215688	-0.214934	-0.0534058	0.12362	-0.00834465	0.105828	-0.00834465	0.0596195	-2.98023	-3.99351	-4.79818	4.52995	-1.60933	-8.82149	-9.38774	0.0466862	1.3094	5.38272	-11.4322	-0.197944	-1.61419	-0.0039038	1.71973	-0.806979	0.417045	-2.05244	0.308219	1.30283	-0.216327	1.72183	-0.806503	0.415735	-2.05229	0.307137	1.30278	-0.217059	4.44089e-16	-0.986624	-5.05629	11.1561	0.216047	1.58858	-3.9059e-08	0.0444477	0.0286007	-2.00976	-0.00277474	0.00228709	-1.19406e-08	
1.79	-0.0423132	-1.21512	-5.34091	11.3655	0.202214	1.61001	0.00292067	1.71543	-0.808048	0.419515	-2.05261	0.310335	1.30267	-0.215145	-0.216961	-0.0565648	0.119478	-0.00452995	0.104517	-0.0154972	0.0502169	-2.02656	-3.15905	-4.14252	3.8147	-1.3113	-7.15256	-9.40263	0.031857	1.24359	5.33415	-11.3894	-0.203192	-1.61161	-0.00290967	1.71759	-0.807496	0.418302	-2.05254	0.309284	1.30279	-0.215688	1.71973	-0.806979	0.417045	-2.05244	0.308219	1.30283	-0.216327	-8.88178e-16	-0.970098	-5.07216	11.1513	0.215967	1.58853	-6.91702e-08	0.0378408	0.0226963	-2.00221	-0.0027496	0.00370236	-1.38543e-08	
1.8	-0.0319007	-1.16099	-5.30958	11.3301	0.206153	1.60808	0.00216074	1.71325	-0.808629	0.420689	-2.05264	0.311375	1.30247	-0.214697	-0.219107	-0.059247	0.115991	-0.00166893	0.103354	-0.0220537	0.0404716	-2.14577	-2.68221	-3.48687	2.86102	-1.16229	-6.55651	-9.74536	0.0283796	1.17756	5.30863	-11.3419	-0.206327	-1.60853	-0.00222448	1.71543	-0.808048	0.419515	-2.05261	0.310335	1.30267	-0.215145	1.71759	-0.807496	0.418302	-2.05254	0.309284	1.30279	-0.215688	0	-0.952949	-5.08782	11.146	0.215895	1.58849	-3.57075e-08	0.0303738	0.0189409	-1.99453	-0.00250976	0.0038775	-1.40411e-08	
