0.62	0.109297	0.432267	0.452077	4.51529	-0.013741	1.56253	0.0287377	1.57963	-0.534697	-0.00610377	-1.06673	-0.00613857	0.532044	-0.739988	-0.278234	0.140607	-0.0525205	0.271082	-0.0525424	-0.130177	-1.89209	-278.234	140.607	-52.5205	271.082	-52.5424	-130.177	-1892.09	-0.102872	-0.432561	-0.445849	-4.5174	0.0171222	-1.56067	-0.0290528	0	0	0	0	0	0	0	0	0	0	0	0	0	0	0	0.415998	-0.109301	4.76192	0.155358	1.61469	6.49931e-07	-0.111667	-0.07433	-1.89485	0.287328	-0.271373	2.24188e-06	
0.63	0.488411	-0.426232	1.68734	4.33617	0.440195	1.44723	-0.022724	1.577	-0.533552	-0.00648339	-1.06453	-0.00651453	0.530992	-0.757698	-0.248313	0.0875592	-0.0235396	0.167847	-0.0236095	-0.0804067	-1.70237	29.9215	-53.0481	28.9809	-103.235	28.9329	49.7699	189.722	-0.52559	0.463006	-1.8177	-4.30424	-0.465691	-1.43625	0.0251262	1.57963	-0.534697	-0.00610377	-1.06673	-0.00613857	0.532044	-0.739988	0	0	0	0	0	0	0	8.32667e-17	0.409299	-0.107742	4.75015	0.156575	1.6148	2.61614e-07	-0.289484	-0.260049	-1.73443	0.0694292	-0.0671503	4.62685e-07	
0.64	0.348673	-0.251699	1.19854	4.39138	0.342379	1.479	-0.0135013	1.57466	-0.532955	-0.00657484	-1.06338	-0.00660649	0.530444	-0.773977	-0.223398	0.038445	0.0012354	0.0739098	0.0013914	-0.0353456	-1.56933	24.9147	-49.1142	24.775	-93.9369	25.0009	45.0611	133.038	-0.369467	0.276516	-1.27116	-4.38596	-0.357083	-1.47476	0.0149007	1.577	-0.533552	-0.00648339	-1.06453	-0.00651453	0.530992	-0.757698	1.57963	-0.534697	-0.00610377	-1.06673	-0.00613857	0.532044	-0.739988	-1.11022e-16	0.405825	-0.108339	4.744	0.157799	1.61485	3.05755e-07	-0.213828	-0.181189	-1.78182	0.0711416	-0.0695913	4.98889e-07	
0.65	0.268911	-0.228082	0.920388	4.40097	0.285966	1.48503	-0.00803785	1.57253	-0.532805	-0.00645318	-1.0631	-0.00648498	0.530308	-0.788991	-0.205398	-0.00417233	0.0199834	-0.00822544	0.019867	0.0038743	-1.44702	18.0006	-42.6173	18.748	-82.1352	18.4756	39.2199	122.309	-0.278979	0.229145	-0.955477	-4.40385	-0.293202	-1.48521	0.00875682	1.57466	-0.532955	-0.00657484	-1.06338	-0.00660649	0.530444	-0.773977	1.577	-0.533552	-0.00648339	-1.06453	-0.00651453	0.530992	-0.757698	0	0.40498	-0.110515	4.74245	0.159026	1.61486	3.65751e-07	-0.169726	-0.134241	-1.79208	0.0741533	-0.0715273	5.41731e-07	
0.66	0.22818	-0.269403	0.779014	4.37422	0.256012	1.47602	-0.0050004	1.57056	-0.533082	-0.00616464	-1.06363	-0.00619511	0.530563	-0.802816	-0.191689	-0.0472069	0.0352822	-0.0909567	0.0359956	0.0435114	-1.33008	13.7091	-43.0345	15.2988	-82.7312	16.1286	39.6371	116.944	-0.23184	0.257377	-0.791528	-4.3822	-0.258989	-1.4789	0.00533161	1.57253	-0.532805	-0.00645318	-1.0631	-0.00648498	0.530308	-0.788991	1.57466	-0.532955	-0.00657484	-1.06338	-0.00660649	0.530444	-0.773977	2.77556e-17	0.406636	-0.113924	4.74527	0.160259	1.61484	3.31971e-07	-0.147889	-0.108539	-1.77996	0.0778924	-0.0730025	5.75746e-07	
0.67	0.209086	-0.337271	0.711895	4.3304	0.241469	1.45975	-0.00339487	1.56871	-0.533811	-0.00573093	-1.06503	-0.00576042	0.531233	-0.815477	-0.179648	-0.0946522	0.0496181	-0.181913	0.0495249	0.0869632	-1.21403	12.0401	-47.4453	14.3358	-90.9567	13.5293	43.4518	116.05	-0.212109	0.303935	-0.722434	-4.33153	-0.243731	-1.46384	0.00366868	1.57056	-0.533082	-0.00616464	-1.06363	-0.00619511	0.530563	-0.802816	1.57253	-0.532805	-0.00645318	-1.0631	-0.00648498	0.530308	-0.788991	-2.77556e-17	0.410924	-0.118419	4.75276	0.161509	1.61479	3.52965e-07	-0.14254	-0.0934306	-1.75955	0.0780051	-0.0762818	5.9371e-07	
0.68	0.210367	-0.408406	0.715308	4.27944	0.240779	1.44042	-0.00307742	1.56697	-0.535046	-0.00516471	-1.0674	-0.00519182	0.532366	-0.826975	-0.168681	-0.147939	0.0626724	-0.283837	0.062793	0.13566	-1.09679	10.9673	-53.2866	13.0544	-101.924	13.2681	48.697	117.242	-0.208466	0.388485	-0.708943	-4.28694	-0.239721	-1.44461	0.00303311	1.56871	-0.533811	-0.00573093	-1.06503	-0.00576042	0.531233	-0.815477	1.57056	-0.533082	-0.00616464	-1.06363	-0.00619511	0.530563	-0.802816	-5.55112e-17	0.418153	-0.123933	4.76546	0.162792	1.61472	2.85125e-07	-0.143281	-0.0877111	-1.73301	0.0790422	-0.0776285	6.01372e-07	
0.69	0.219143	-0.482835	0.743596	4.23819	0.245551	1.42098	-0.0032781	1.56534	-0.536847	-0.0044647	-1.07086	-0.00449085	0.534018	-0.837289	-0.157356	-0.207365	0.0759442	-0.397801	0.076069	0.190079	-0.977457	11.3249	-59.4258	13.2718	-113.964	13.276	54.419	119.329	-0.217842	0.467055	-0.739774	-4.24438	-0.244776	-1.42473	0.00325247	1.56697	-0.535046	-0.00516471	-1.0674	-0.00519182	0.532366	-0.826975	1.56871	-0.533811	-0.00573093	-1.06503	-0.00576042	0.531233	-0.815477	-1.11022e-16	0.428658	-0.130511	4.784	0.16412	1.61464	3.76896e-07	-0.149898	-0.0894001	-1.70081	0.0841745	-0.076459	6.10718e-07	
0.7	0.234449	-0.519553	0.793295	4.19537	0.254845	1.40339	-0.00393418	1.56383	-0.539275	-0.00363063	-1.07552	-0.00365404	0.536243	-0.846395	-0.146151	-0.272632	0.0894635	-0.522494	0.0897164	0.249803	-0.855505	11.2057	-65.2671	13.5193	-124.693	13.6474	59.7239	121.951	-0.230659	0.52751	-0.781034	-4.20947	-0.252484	-1.40658	0.00374682	1.56534	-0.536847	-0.0044647	-1.07086	-0.00449085	0.534018	-0.837289	1.56697	-0.535046	-0.00516471	-1.0674	-0.00519182	0.532366	-0.826975	0	0.442768	-0.138207	4.80901	0.16551	1.61455	3.80477e-07	-0.158843	-0.0913676	-1.67489	0.0852765	-0.0766625	6.04169e-07	
0.71	0.24704	-0.553964	0.832008	4.17388	0.262599	1.38818	-0.00447189	1.56244	-0.542381	-0.0026566	-1.08147	-0.00267565	0.539089	-0.854268	-0.133276	-0.342131	0.103857	-0.656009	0.104165	0.313759	-0.730991	12.8746	-69.499	14.3931	-133.514	14.4483	63.9558	124.514	-0.244497	0.552082	-0.824403	-4.17902	-0.26096	-1.39104	0.0043512	1.56383	-0.539275	-0.00363063	-1.07552	-0.00365404	0.536243	-0.846395	1.56534	-0.536847	-0.0044647	-1.07086	-0.00449085	0.534018	-0.837289	-5.55112e-17	0.460767	-0.14713	4.841	0.166973	1.61447	3.4092e-07	-0.168267	-0.093698	-1.64965	0.0875595	-0.0749371	5.92365e-07	
0.72	0.262894	-0.539546	0.880834	4.15604	0.27258	1.37699	-0.00525777	1.56118	-0.546202	-0.00154021	-1.0888	-0.0015527	0.542592	-0.860883	-0.119686	-0.415206	0.118216	-0.79608	0.119014	0.380874	-0.60451	13.5899	-73.0753	14.3591	-140.071	14.8489	67.1148	126.481	-0.26046	0.553266	-0.873695	-4.16284	-0.271181	-1.37899	0.00514925	1.56244	-0.542381	-0.0026566	-1.08147	-0.00267565	0.539089	-0.854268	1.56383	-0.539275	-0.00363063	-1.07552	-0.00365404	0.536243	-0.846395	5.55112e-17	0.482833	-0.157371	4.88038	0.168518	1.61439	2.45492e-07	-0.178293	-0.0974399	-1.62867	0.0895734	-0.0722816	5.75081e-07	
0.73	0.277816	-0.508569	0.924887	4.15573	0.282231	1.36893	-0.00604619	1.56006	-0.550764	-0.00027598	-1.09754	-0.000281068	0.546778	-0.866227	-0.105023	-0.489652	0.132861	-0.939369	0.13408	0.449598	-0.476778	14.6627	-74.4462	14.6453	-143.29	15.0664	68.7242	127.733	-0.272969	0.510997	-0.909484	-4.15243	-0.279082	-1.37054	0.00577657	1.56118	-0.546202	-0.00154021	-1.0888	-0.0015527	0.542592	-0.860883	1.56244	-0.542381	-0.0026566	-1.08147	-0.00267565	0.539089	-0.854268	0	0.509059	-0.169056	4.92741	0.170147	1.61432	2.43498e-07	-0.185771	-0.10041	-1.60864	0.0933567	-0.0661512	5.52167e-07	
0.74	0.288589	-0.424572	0.952832	4.15738	0.289296	1.36485	-0.0066439	1.5591	-0.556074	0.00113697	-1.10773	0.00114206	0.551656	-0.87029	-0.0890493	-0.564694	0.147974	-1.08361	0.149216	0.519037	-0.348568	15.974	-75.0423	15.1133	-144.243	15.1357	69.4394	128.21	-0.285697	0.450114	-0.944564	-4.15992	-0.287475	-1.36545	0.00648291	1.56006	-0.550764	-0.00027598	-1.09754	-0.000281068	0.546778	-0.866227	1.56118	-0.546202	-0.00154021	-1.0888	-0.0015527	0.542592	-0.860883	5.55112e-17	0.539443	-0.182292	4.98218	0.171862	1.61426	2.24503e-07	-0.19424	-0.101718	-1.59913	0.0926696	-0.0646867	5.25284e-07	
0.75	0.29839	-0.324065	0.976028	4.17512	0.295973	1.3635	-0.00723769	1.5583	-0.562127	0.00269968	-1.11935	0.00271876	0.557227	-0.873072	-0.0721216	-0.638366	0.162927	-1.22595	0.164472	0.588	-0.220537	16.9277	-73.6713	14.9526	-142.336	15.2561	68.9626	128.031	-0.295351	0.332774	-0.967729	-4.16406	-0.293863	-1.36359	0.00705031	1.5591	-0.556074	0.00113697	-1.10773	0.00114206	0.551656	-0.87029	1.56006	-0.550764	-0.00027598	-1.09754	-0.000281068	0.546778	-0.866227	-5.55112e-17	0.573884	-0.197192	5.04465	0.17366	1.61423	1.48506e-07	-0.199722	-0.104121	-1.58716	0.0959247	-0.056086	4.92856e-07	
0.76	0.305297	-0.188875	0.987746	4.19907	0.300981	1.36523	-0.00771405	1.55768	-0.568905	0.00441188	-1.13238	0.00444765	0.563479	-0.874581	-0.0543594	-0.709772	0.177861	-1.36423	0.179666	0.655293	-0.0939369	17.7622	-71.4064	14.9338	-138.283	15.1943	67.2936	126.6	-0.302808	0.236371	-0.981267	-4.20067	-0.299259	-1.36385	0.00754562	1.5583	-0.562127	0.00269968	-1.11935	0.00271876	0.557227	-0.873072	1.5591	-0.556074	0.00113697	-1.10773	0.00114206	0.551656	-0.87029	-5.55112e-17	0.61218	-0.213865	5.11464	0.175533	1.6142	1.39823e-07	-0.202816	-0.106116	-1.57762	0.0994413	-0.0490766	4.62821e-07	
0.77	0.311326	-0.0537179	0.9949	4.24137	0.30572	1.36858	-0.00818978	1.55724	-0.576377	0.0062705	-1.14675	0.00632677	0.570391	-0.874835	-0.0356436	-0.777364	0.192348	-1.49631	0.194719	0.720143	0.0306368	18.7159	-67.5917	14.4877	-132.084	15.053	64.8499	124.574	-0.309449	0.0883095	-0.991035	-4.2361	-0.304311	-1.36785	0.00804724	1.55768	-0.568905	0.00441188	-1.13238	0.00444765	0.563479	-0.874581	1.5583	-0.562127	0.00269968	-1.11935	0.00271876	0.557227	-0.873072	-1.11022e-16	0.654072	-0.232405	5.19188	0.177472	1.6142	1.49335e-07	-0.206104	-0.107611	-1.57397	0.100979	-0.040641	4.27342e-07	
0.78	0.313395	0.0983542	0.986232	4.29569	0.308332	1.3746	-0.00849805	1.55699	-0.584504	0.00827441	-1.16241	0.00835577	0.577936	-0.873856	-0.0166893	-0.841021	0.206925	-1.6216	0.209486	0.781953	0.152647	18.9543	-63.6578	14.5766	-125.289	14.7671	61.81	122.011	-0.312714	-0.0784046	-0.987506	-4.27786	-0.307481	-1.37322	0.00840771	1.55724	-0.576377	0.0062705	-1.14675	0.00632677	0.570391	-0.874835	1.55768	-0.568905	0.00441188	-1.13238	0.00444765	0.563479	-0.874581	-5.55112e-17	0.69923	-0.25292	5.27599	0.179465	1.61421	1.23504e-07	-0.20752	-0.107646	-1.57094	0.103323	-0.0323459	3.92637e-07	
0.79	0.315679	0.290092	0.977935	4.3424	0.311352	1.38158	-0.00887709	1.55693	-0.593242	0.0104192	-1.17927	0.0105294	0.58608	-0.871677	0.00286102	-0.90003	0.220777	-1.73795	0.223694	0.840425	0.270724	19.5503	-59.0086	13.8525	-116.348	14.2083	58.4722	118.077	-0.314992	-0.241942	-0.97855	-4.33637	-0.310597	-1.37992	0.00878376	1.55699	-0.584504	0.00827441	-1.16241	0.00835577	0.577936	-0.873856	1.55724	-0.576377	0.0062705	-1.14675	0.00632677	0.570391	-0.874835	5.55112e-17	0.747281	-0.275491	5.36654	0.1815	1.61425	1.43576e-07	-0.209057	-0.106036	-1.57261	0.102221	-0.0256349	3.57532e-07	
0.8	0.316416	0.461189	0.961955	4.41268	0.313789	1.38968	-0.00921509	1.55707	-0.602541	0.0127015	-1.19725	0.0128449	0.594787	-0.868336	0.0226498	-0.953734	0.234268	-1.84572	0.237748	0.895083	0.385284	19.7887	-53.7038	13.4902	-107.765	14.0537	54.6575	114.56	-0.316225	-0.420025	-0.964857	-4.40098	-0.313266	-1.38793	0.00914057	1.55693	-0.593242	0.0104192	-1.17927	0.0105294	0.58608	-0.871677	1.55699	-0.584504	0.00827441	-1.16241	0.00835577	0.577936	-0.873856	-1.11022e-16	0.797824	-0.300201	5.46305	0.183564	1.61429	1.27627e-07	-0.209	-0.105794	-1.57698	0.102136	-0.0172284	3.22069e-07	
0.81	0.314071	0.63097	0.932965	4.49246	0.31463	1.39826	-0.00942373	1.5574	-0.612349	0.0151185	-1.21626	0.0153	0.604019	-0.863877	0.0419617	-1.00201	0.247742	-1.94406	0.251579	0.945747	0.49454	19.3119	-48.2798	13.4744	-98.3477	13.8311	50.6639	109.255	-0.313302	-0.593774	-0.934369	-4.47735	-0.3135	-1.3965	0.00929093	1.55707	-0.602541	0.0127015	-1.19725	0.0128449	0.594787	-0.868336	1.55693	-0.593242	0.0104192	-1.17927	0.0105294	0.58608	-0.871677	0	0.850437	-0.327136	5.56503	0.185642	1.61435	7.23511e-09	-0.206525	-0.104058	-1.58197	0.101423	-0.00970503	2.90022e-07	
0.82	0.312642	0.815525	0.906326	4.57485	0.316514	1.40789	-0.00974842	1.55793	-0.622611	0.0176665	-1.2362	0.0178876	0.613738	-0.85835	0.0617504	-1.04541	0.260402	-2.03359	0.264728	0.992775	0.599265	19.7887	-43.3922	12.6595	-89.5263	13.1494	47.0281	104.725	-0.311509	-0.772692	-0.906285	-4.56093	-0.315149	-1.406	0.00958902	1.5574	-0.612349	0.0151185	-1.21626	0.0153	0.604019	-0.863877	1.55707	-0.602541	0.0127015	-1.19725	0.0128449	0.594787	-0.868336	-1.11022e-16	0.904697	-0.356361	5.67199	0.187719	1.61442	3.53006e-08	-0.205442	-0.101782	-1.58976	0.0993753	-0.00308316	2.58331e-07	
0.83	0.306805	0.972209	0.860156	4.67512	0.316061	1.41689	-0.0098643	1.55865	-0.633277	0.0203425	-1.25699	0.0206061	0.623907	-0.85181	0.0808239	-1.08314	0.273399	-2.11382	0.27753	1.03599	0.69809	19.0735	-37.7297	12.9975	-80.2279	12.802	43.2134	98.8244	-0.307961	-0.94592	-0.869833	-4.65202	-0.316082	-1.4151	0.00983573	1.55793	-0.622611	0.0176665	-1.2362	0.0178876	0.613738	-0.85835	1.5574	-0.612349	0.0151185	-1.21626	0.0153	0.604019	-0.863877	0	0.960177	-0.387943	5.78342	0.189785	1.6145	7.69658e-09	-0.202556	-0.100851	-1.59606	0.098305	0.00476004	2.29232e-07	
0.84	0.303274	1.14151	0.821664	4.77352	0.317385	1.42613	-0.0101617	1.55956	-0.644294	0.0231436	-1.27852	0.0234508	0.634487	-0.844314	0.0991821	-1.1161	0.285659	-2.18534	0.290003	1.07563	0.790894	18.3582	-32.9614	12.2599	-71.5256	12.4723	39.6371	92.8044	-0.302456	-1.12028	-0.824809	-4.74703	-0.315999	-1.4243	0.0100026	1.55865	-0.633277	0.0203425	-1.25699	0.0206061	0.623907	-0.85181	1.55793	-0.622611	0.0176665	-1.2362	0.0178876	0.613738	-0.85835	-5.55112e-17	1.01648	-0.421935	5.89885	0.191826	1.61458	-1.01894e-08	-0.199373	-0.0975555	-1.60373	0.0955357	0.0119217	2.01091e-07	
0.85	0.297456	1.30857	0.773005	4.8739	0.3176	1.43465	-0.0103703	1.56065	-0.655614	0.026067	-1.30073	0.0264179	0.645446	-0.835924	0.117302	-1.14417	0.297796	-2.24829	0.302143	1.11192	0.877321	18.1198	-28.0738	12.137	-62.9425	12.1407	36.2992	86.4267	-0.298586	-1.2794	-0.78301	-4.85264	-0.317542	-1.43332	0.0103271	1.55956	-0.644294	0.0231436	-1.27852	0.0234508	0.634487	-0.844314	1.55865	-0.633277	0.0203425	-1.25699	0.0206061	0.623907	-0.85181	0	1.07323	-0.458382	6.01782	0.193832	1.61465	-3.73601e-08	-0.194974	-0.0981642	-1.60965	0.0943184	0.0210423	1.73944e-07	
0.86	0.289615	1.4642	0.714252	4.98514	0.31695	1.44356	-0.0105013	1.56192	-0.667189	0.0291116	-1.32352	0.0295051	0.65675	-0.826705	0.134826	-1.16795	0.309886	-2.30408	0.314034	1.14524	0.95737	17.5238	-23.7823	12.0904	-55.7899	11.8911	33.319	80.049	-0.292305	-1.43888	-0.730745	-4.9598	-0.317828	-1.44189	0.0105473	1.56065	-0.655614	0.026067	-1.30073	0.0264179	0.645446	-0.835924	1.55956	-0.644294	0.0231436	-1.27852	0.0234508	0.634487	-0.844314	2.22045e-16	1.13004	-0.497335	6.1399	0.195795	1.61472	-9.76237e-08	-0.193297	-0.0928765	-1.6234	0.0868879	0.0229641	1.51409e-07	
0.87	0.283565	1.60791	0.659526	5.10322	0.31776	1.45191	-0.010771	1.56336	-0.678979	0.0322752	-1.34684	0.0327075	0.668373	-0.816722	0.151634	-1.1875	0.321552	-2.35271	0.32533	1.17588	1.03068	16.8085	-19.5503	11.6657	-48.6374	11.2951	30.6368	73.3138	-0.283854	-1.57204	-0.666485	-5.08255	-0.316975	-1.45019	0.0106556	1.56192	-0.667189	0.0291116	-1.32352	0.0295051	0.65675	-0.826705	1.56065	-0.655614	0.026067	-1.30073	0.0264179	0.645446	-0.835924	0	1.18658	-0.53882	6.2647	0.197704	1.61478	-6.57952e-08	-0.185595	-0.0923528	-1.62688	0.087628	0.0324453	1.28183e-07	
0.88	0.275197	1.73046	0.592185	5.23264	0.317458	1.45998	-0.0109324	1.56496	-0.690941	0.0355566	-1.3706	0.0360236	0.680285	-0.806046	0.167251	-1.20294	0.333533	-2.39468	0.336252	1.2036	1.0969	15.6164	-15.4376	11.9805	-41.9617	10.9226	27.7162	66.2208	-0.276346	-1.69291	-0.602563	-5.21402	-0.317042	-1.45849	0.0108463	1.56336	-0.678979	0.0322752	-1.34684	0.0327075	0.668373	-0.816722	1.56192	-0.667189	0.0291116	-1.32352	0.0295051	0.65675	-0.826705	1.11022e-16	1.24254	-0.582865	6.39184	0.199555	1.61483	-7.56931e-08	-0.179575	-0.0902138	-1.63885	0.0817527	0.0374425	1.06149e-07	
0.89	0.265299	1.86075	0.518458	5.35613	0.316366	1.4673	-0.0110325	1.56672	-0.703039	0.0389547	-1.39475	0.0394492	0.692464	-0.794743	0.182748	-1.2148	0.345275	-2.4302	0.347231	1.22905	1.15663	15.4972	-11.8613	11.7421	-35.5244	10.9784	25.4512	59.7239	-0.269323	-1.84085	-0.541908	-5.3278	-0.317707	-1.46573	0.0111213	1.56496	-0.690941	0.0355566	-1.3706	0.0360236	0.680285	-0.806046	1.56336	-0.678979	0.0322752	-1.34684	0.0327075	0.668373	-0.816722	0	1.29764	-0.629482	6.52098	0.201342	1.61486	9.54019e-09	-0.175412	-0.0889036	-1.64452	0.0790065	0.0444117	8.81985e-08	
0.9	0.259982	1.96621	0.457621	5.49608	0.317958	1.47497	-0.0113633	1.56863	-0.715237	0.042468	-1.41922	0.0429838	0.704886	-0.782885	0.197053	-1.2235	0.356451	-2.46096	0.358168	1.25277	1.20872	14.3051	-8.70228	11.1759	-30.756	10.9375	23.7226	52.0945	-0.261983	-1.94863	-0.474037	-5.46471	-0.31813	-1.47315	0.0113484	1.56672	-0.703039	0.0389547	-1.39475	0.0394492	0.692464	-0.794743	1.56496	-0.690941	0.0355566	-1.3706	0.0360236	0.680285	-0.806046	0	1.35161	-0.678672	6.65179	0.203065	1.61486	-1.13169e-07	-0.171443	-0.085736	-1.6568	0.0727812	0.0463248	7.1953e-08	
0.91	0.250162	2.0797	0.378987	5.62951	0.317303	1.48213	-0.0114975	1.57067	-0.727505	0.0460976	-1.44397	0.0466236	0.717533	-0.77054	0.210643	-1.22911	0.368088	-2.48611	0.368815	1.27429	1.2548	13.5899	-5.60284	11.6378	-25.1532	10.6469	21.5172	46.0744	-0.253157	-2.05282	-0.398176	-5.60474	-0.317966	-1.48063	0.0115168	1.56863	-0.715237	0.042468	-1.41922	0.0429838	0.704886	-0.782885	1.56672	-0.703039	0.0389547	-1.39475	0.0394492	0.692464	-0.794743	1.11022e-16	1.40421	-0.730447	6.784	0.204717	1.61485	-1.43906e-07	-0.165997	-0.0826663	-1.66839	0.0665553	0.049677	5.60094e-08	
0.92	0.239873	2.17247	0.29391	5.77264	0.316596	1.48883	-0.0116084	1.57285	-0.739813	0.0498427	-1.46895	0.0503664	0.730386	-0.757776	0.223756	-1.23167	0.379838	-2.50661	0.378657	1.29414	1.29324	13.113	-2.563	11.7496	-20.504	9.84222	19.8483	38.4449	-0.242991	-2.1527	-0.315155	-5.7457	-0.317106	-1.48776	0.0116188	1.57067	-0.727505	0.0460976	-1.44397	0.0466236	0.717533	-0.77054	1.56863	-0.715237	0.042468	-1.41922	0.0429838	0.704886	-0.782885	0	1.45525	-0.784791	6.91733	0.206297	1.6148	-1.02248e-07	-0.159656	-0.0803829	-1.6782	0.0620678	0.0535636	4.09213e-08	
0.93	0.231391	2.25777	0.213327	5.92194	0.316647	1.49599	-0.011779	1.57516	-0.752133	0.0537045	-1.49411	0.0542121	0.74343	-0.744663	0.235677	-1.23185	0.391297	-2.5233	0.389315	1.31267	1.32519	11.9209	-0.178814	11.459	-16.6891	10.6581	18.537	31.9481	-0.232853	-2.23737	-0.227935	-5.89416	-0.316613	-1.49462	0.0117389	1.57285	-0.739813	0.0498427	-1.46895	0.0503664	0.730386	-0.757776	1.57067	-0.727505	0.0460976	-1.44397	0.0466236	0.717533	-0.77054	1.11022e-16	1.5045	-0.8417	7.05154	0.207808	1.61473	-9.01895e-08	-0.152331	-0.0782622	-1.68598	0.0588057	0.0584185	2.67328e-08	
0.94	0.219373	2.35296	0.119351	6.06484	0.315264	1.503	-0.0118233	1.57758	-0.764441	0.0576821	-1.51942	0.058158	0.756651	-0.731266	0.247359	-1.2297	0.403091	-2.53582	0.399299	1.32972	1.3507	11.6825	2.14577	11.7943	-12.517	9.98378	17.0469	25.5108	-0.22173	-2.32692	-0.136678	-6.03943	-0.315535	-1.50147	0.0118069	1.57516	-0.752133	0.0537045	-1.49411	0.0542121	0.74343	-0.744663	1.57285	-0.739813	0.0498427	-1.46895	0.0503664	0.730386	-0.757776	-1.11022e-16	1.55181	-0.901133	7.1864	0.20925	1.61462	-1.35018e-07	-0.146025	-0.0752919	-1.69462	0.054519	0.0623757	1.41714e-08	
0.95	0.211494	2.43751	0.0380155	6.20946	0.316259	1.50938	-0.0120878	1.58011	-0.776713	0.061777	-1.54483	0.0622031	0.770034	-0.71765	0.257969	-1.22511	0.414584	-2.5444	0.408821	1.34534	1.36966	10.6096	4.58956	11.4925	-8.58307	9.52184	15.6164	18.9543	-0.213027	-2.40107	-0.0505053	-6.19306	-0.315744	-1.50847	0.011978	1.57758	-0.764441	0.0576821	-1.51942	0.058158	0.756651	-0.731266	1.57516	-0.752133	0.0537045	-1.49411	0.0542121	0.74343	-0.744663	0	1.59703	-0.963066	7.32169	0.210623	1.61448	-1.58282e-07	-0.139937	-0.0735378	-1.70414	0.0502124	0.065898	-8.08768e-10	
0.96	0.201507	2.48181	-0.0602327	6.37939	0.315377	1.51646	-0.01211	1.58275	-0.788927	0.0659911	-1.57031	0.0663463	0.78357	-0.703881	0.268102	-1.21826	0.426494	-2.55048	0.418827	1.36018	1.38223	10.1328	6.85453	11.9098	-6.07967	10.0061	14.8416	12.5766	-0.202513	-2.46328	0.0463857	-6.35186	-0.315075	-1.51539	0.0120472	1.58011	-0.776713	0.061777	-1.54483	0.0622031	0.770034	-0.71765	1.57758	-0.764441	0.0576821	-1.51942	0.058158	0.756651	-0.731266	-1.11022e-16	1.63999	-1.02747	7.45723	0.21193	1.61431	-9.0548e-08	-0.132243	-0.0719765	-1.7137	0.0459926	0.0696192	-1.28187e-08	
0.97	0.190739	2.53588	-0.161207	6.54125	0.314468	1.52322	-0.0121389	1.58548	-0.801064	0.0703235	-1.59583	0.0705867	0.797248	-0.690018	0.277281	-1.2095	0.438638	-2.55311	0.428438	1.37383	1.38891	9.17912	8.76188	12.1444	-2.6226	9.61125	13.6495	6.67572	-0.190749	-2.53688	0.146616	-6.50272	-0.31389	-1.52182	0.0120737	1.58275	-0.788927	0.0659911	-1.57031	0.0663463	0.78357	-0.703881	1.58011	-0.776713	0.061777	-1.54483	0.0622031	0.770034	-0.71765	5.55112e-16	1.68061	-1.09427	7.59281	0.213176	1.61411	-1.3953e-07	-0.127619	-0.0673953	-1.7239	0.0409978	0.0706873	-2.19033e-08	
0.98	0.180117	2.58937	-0.263072	6.70251	0.313777	1.52998	-0.012181	1.5883	-0.813103	0.0747781	-1.62136	0.0749239	0.811057	-0.676119	0.286222	-1.19895	0.450753	-2.55287	0.437751	1.38664	1.38998	8.9407	10.55	12.1146	0.238419	9.31323	12.815	1.07288	-0.178842	-2.58854	0.253166	-6.66466	-0.312466	-1.52851	0.0120455	1.58548	-0.801064	0.0703235	-1.59583	0.0705867	0.797248	-0.690018	1.58275	-0.788927	0.0659911	-1.57031	0.0663463	0.78357	-0.703881	-1.11022e-16	1.71875	-1.16346	7.72828	0.214361	1.61387	-3.54139e-08	-0.118975	-0.0661242	-1.73204	0.038196	0.0751569	-3.32449e-08	
0.99	0.163992	2.65697	-0.382702	6.85721	0.310661	1.53727	-0.0120002	1.59121	-0.825028	0.0793536	-1.64688	0.0793573	0.82499	-0.662242	0.294328	-1.18697	0.463508	-2.55001	0.447318	1.39856	1.38533	8.10623	11.9805	12.7554	2.86102	9.56655	11.9209	-4.64916	-0.170015	-2.63041	0.35108	-6.83365	-0.31203	-1.53589	0.0120912	1.5883	-0.813103	0.0747781	-1.62136	0.0749239	0.811057	-0.676119	1.58548	-0.801064	0.0703235	-1.59583	0.0705867	0.797248	-0.690018	0	1.75434	-1.23492	7.86347	0.215493	1.61361	-9.50508e-08	-0.114252	-0.0635368	-1.74254	0.035463	0.0758889	-4.07036e-08	
1	0.155234	2.68827	-0.484244	7.02815	0.310267	1.54402	-0.0120263	1.5942	-0.836821	0.084054	-1.67235	0.0838869	0.839039	-0.648438	0.301838	-1.1729	0.475727	-2.54476	0.457264	1.40995	1.37562	7.51019	14.0667	12.219	5.24521	9.94653	11.3845	-9.71556	-0.157212	-2.67921	0.463498	-6.99499	-0.310241	-1.54263	0.01201	1.59121	-0.825028	0.0793536	-1.64688	0.0793573	0.82499	-0.662242	1.5883	-0.813103	0.0747781	-1.62136	0.0749239	0.811057	-0.676119	-4.44089e-16	1.78728	-1.30864	7.99822	0.216573	1.61331	-1.00217e-07	-0.107561	-0.060729	-1.75311	0.0309131	0.0773657	-4.92868e-08	
1.01	0.143914	2.72299	-0.595563	7.19923	0.308916	1.55162	-0.0119538	1.59726	-0.848466	0.0888795	-1.69776	0.0885117	0.853197	-0.63476	0.30899	-1.15746	0.488333	-2.53737	0.466861	1.42044	1.36065	7.15256	15.4376	12.6064	7.39098	9.59635	10.4904	-14.9608	-0.145396	-2.71626	0.575915	-7.16248	-0.308733	-1.54945	0.0119253	1.5942	-0.836821	0.084054	-1.67235	0.0838869	0.839039	-0.648438	1.59121	-0.825028	0.0793536	-1.64688	0.0793573	0.82499	-0.662242	2.22045e-16	1.81749	-1.3845	8.1324	0.217608	1.61298	-1.20911e-07	-0.100992	-0.0573606	-1.763	0.0275115	0.079187	-5.6869e-08	
1.02	0.132669	2.75451	-0.707911	7.3653	0.307521	1.5581	-0.0118709	1.60038	-0.859948	0.0938332	-1.72308	0.0932318	0.867457	-0.621252	0.315428	-1.1403	0.501156	-2.52724	0.476338	1.43027	1.34128	6.43727	17.1661	12.8225	10.1328	9.47714	9.83477	-19.3715	-0.135681	-2.74142	0.684671	-7.33692	-0.308011	-1.5569	0.0118936	1.59726	-0.848466	0.0888795	-1.69776	0.0885117	0.853197	-0.63476	1.5942	-0.836821	0.084054	-1.67235	0.0838869	0.839039	-0.648438	-2.22045e-16	1.84492	-1.46246	8.26585	0.2186	1.61263	-4.33805e-08	-0.0927659	-0.0575145	-1.77204	0.025818	0.0827721	-6.68513e-08	
1.03	0.117722	2.79587	-0.831208	7.52896	0.304883	1.5653	-0.0116643	1.60357	-0.871251	0.098916	-1.74829	0.0980492	0.881813	-0.60796	0.321507	-1.12212	0.514396	-2.51543	0.485823	1.43993	1.31851	6.07967	18.1794	13.2397	11.8017	9.48459	9.65595	-22.769	-0.125959	-2.77272	0.792215	-7.50396	-0.307436	-1.56373	0.011882	1.60038	-0.859948	0.0938332	-1.72308	0.0932318	0.867457	-0.621252	1.59726	-0.848466	0.0888795	-1.69776	0.0885117	0.853197	-0.63476	-4.44089e-16	1.86952	-1.54241	8.39845	0.219558	1.61225	-2.35217e-07	-0.0900686	-0.0542819	-1.78252	0.0233416	0.0818447	-7.43477e-08	
1.04	0.106268	2.81245	-0.949501	7.70362	0.303304	1.57263	-0.0115179	1.60681	-0.882363	0.104132	-1.77337	0.102961	0.89626	-0.594924	0.326753	-1.10221	0.527717	-2.50161	0.495203	1.44857	1.29116	5.24521	19.908	13.3216	13.828	9.38028	8.64267	-27.3585	-0.111172	-2.8107	0.915721	-7.66661	-0.304638	-1.57081	0.0116555	1.60357	-0.871251	0.098916	-1.74829	0.0980492	0.881813	-0.60796	1.60038	-0.859948	0.0938332	-1.72308	0.0932318	0.867457	-0.621252	2.22045e-16	1.89124	-1.62429	8.53007	0.22048	1.61186	-9.49258e-08	-0.0843368	-0.0498974	-1.79355	0.0191535	0.0825668	-8.16559e-08	
1.05	0.095529	2.81482	-1.06956	7.88211	0.301142	1.57939	-0.0112785	1.61011	-0.893268	0.109482	-1.7983	0.107971	0.910793	-0.582181	0.331759	-1.08075	0.541091	-2.48587	0.505365	1.45704	1.26022	5.00679	21.4577	13.3738	15.7356	10.1626	8.46386	-30.9348	-0.0925514	-2.82556	1.06007	-7.84345	-0.29974	-1.57861	0.0111576	1.60681	-0.882363	0.104132	-1.77337	0.102961	0.89626	-0.594924	1.60357	-0.871251	0.098916	-1.74829	0.0980492	0.881813	-0.60796	0	1.91003	-1.70799	8.66059	0.221376	1.61144	-4.97467e-08	-0.0759844	-0.0447117	-1.8036	0.0181569	0.0839828	-8.50299e-08	
1.06	0.0814317	2.83062	-1.19738	8.05146	0.298245	1.58609	-0.0109774	1.61345	-0.903955	0.114967	-1.82306	0.113077	0.925408	-0.569765	0.336051	-1.05828	0.554986	-2.46823	0.515074	1.46508	1.22607	4.29153	22.471	13.8953	17.643	9.70811	8.04663	-34.1533	-0.084297	-2.83462	1.16934	-8.01621	-0.299149	-1.58534	0.0110872	1.61011	-0.893268	0.109482	-1.7983	0.107971	0.910793	-0.582181	1.60681	-0.882363	0.104132	-1.77337	0.102961	0.89626	-0.594924	-4.44089e-16	1.92589	-1.79341	8.78988	0.222249	1.61101	-1.04661e-07	-0.0698189	-0.0444485	-1.81116	0.0168976	0.0853935	-9.01305e-08	
1.07	0.0693766	2.85085	-1.31632	8.2204	0.296705	1.59377	-0.0108187	1.61683	-0.91441	0.120592	-1.84764	0.11828	0.940099	-0.557707	0.340104	-1.03486	0.568695	-2.44915	0.524513	1.47241	1.18893	4.05312	23.4246	13.7091	19.0735	9.43989	7.33137	-37.1337	-0.0715903	-2.84726	1.29304	-8.18647	-0.296891	-1.59227	0.0108414	1.61345	-0.903955	0.114967	-1.82306	0.113077	0.925408	-0.569765	1.61011	-0.893268	0.109482	-1.7983	0.107971	0.910793	-0.582181	-2.22045e-16	1.93878	-1.88046	8.91784	0.223102	1.61057	-1.14347e-07	-0.0662638	-0.0399411	-1.82415	0.0143686	0.0838847	-9.24741e-08	
1.08	0.0561575	2.8514	-1.44541	8.39533	0.293766	1.60091	-0.0104709	1.62025	-0.924622	0.126358	-1.87202	0.123582	0.954863	-0.546034	0.343442	-1.00988	0.582919	-2.42829	0.534527	1.47939	1.1493	3.33786	24.9743	14.2232	20.8616	10.0136	6.97374	-39.6371	-0.0590804	-2.84764	1.4199	-8.36184	-0.294215	-1.59929	0.0105185	1.61683	-0.91441	0.120592	-1.84764	0.11828	0.940099	-0.557707	1.61345	-0.903955	0.114967	-1.82306	0.113077	0.925408	-0.569765	6.66134e-16	1.94869	-1.96904	9.04435	0.22394	1.61012	-4.74453e-08	-0.0591711	-0.0382503	-1.83324	0.0144236	0.0856032	-9.58853e-08	
1.09	0.0423541	2.84891	-1.5771	8.56901	0.29058	1.60767	-0.0100741	1.62371	-0.934578	0.132266	-1.89618	0.128983	0.969696	-0.534767	0.346303	-0.983775	0.597417	-2.40588	0.544608	1.48636	1.10799	2.86102	26.1069	14.4988	22.4113	10.0806	6.97374	-41.306	-0.0468658	-2.84521	1.54691	-8.54017	-0.291979	-1.60705	0.0102216	1.62025	-0.924622	0.126358	-1.87202	0.123582	0.954863	-0.546034	1.61683	-0.91441	0.120592	-1.84764	0.11828	0.940099	-0.557707	0	1.95562	-2.05902	9.16928	0.224767	1.60967	-2.13396e-07	-0.0550015	-0.0346102	-1.84527	0.0129163	0.084401	-9.8453e-08	
1.1	0.0272751	2.84013	-1.71509	8.74755	0.286984	1.61539	-0.00961043	1.62718	-0.944266	0.138322	-1.92011	0.134483	0.984594	-0.52393	0.348687	-0.956595	0.612289	-2.38216	0.554413	1.49256	1.06388	2.38419	27.1797	14.8714	23.7226	9.80496	6.19888	-44.1074	-0.0287105	-2.84104	1.69291	-8.71018	-0.286904	-1.61349	0.00962277	1.62371	-0.934578	0.132266	-1.89618	0.128983	0.969696	-0.534767	1.62025	-0.924622	0.126358	-1.87202	0.123582	0.954863	-0.546034	6.66134e-16	1.95956	-2.15034	9.29256	0.225584	1.60921	-5.62862e-08	-0.0481996	-0.0292272	-1.85689	0.0109073	0.0831989	-9.89369e-08	
1.11	0.0155861	2.83463	-1.83903	8.91519	0.284646	1.62164	-0.00928635	1.63068	-0.953677	0.144524	-1.94379	0.140083	0.999553	-0.513538	0.350952	-0.928223	0.626758	-2.35653	0.564456	1.49864	1.01894	2.26498	28.3718	14.469	25.63	10.0434	6.07967	-44.9419	-0.0163498	-2.83341	1.82034	-8.88338	-0.284327	-1.62051	0.00926401	1.62718	-0.944266	0.138322	-1.92011	0.134483	0.984594	-0.52393	1.62371	-0.934578	0.132266	-1.89618	0.128983	0.969696	-0.534767	-8.88178e-16	1.96052	-2.24285	9.41405	0.226396	1.60875	-7.19666e-08	-0.0441174	-0.0266995	-1.86576	0.0117433	0.083405	-1.0136e-07	
1.12	-0.00226759	2.82317	-1.98434	9.08425	0.279845	1.6282	-0.00867489	1.6342	-0.962798	0.150877	-1.96721	0.145784	1.01457	-0.503606	0.352263	-0.898778	0.642225	-2.32947	0.574604	1.50418	0.971973	1.3113	29.4447	15.4673	27.0605	10.1477	5.54323	-46.9685	-0.00159291	-2.82119	1.95646	-9.05536	-0.280782	-1.62737	0.00878332	1.63068	-0.953677	0.144524	-1.94379	0.140083	0.999553	-0.513538	1.62718	-0.944266	0.138322	-1.92011	0.134483	0.984594	-0.52393	0	1.95852	-2.33645	9.53365	0.227205	1.6083	-7.42449e-08	-0.0367209	-0.0241745	-1.87554	0.011913	0.0839732	-1.0202e-07	
1.13	-0.0168245	2.80845	-2.119	9.25496	0.276335	1.63514	-0.00818304	1.63773	-0.97162	0.15738	-1.99035	0.151586	1.02964	-0.494144	0.353456	-0.86844	0.657365	-2.30134	0.58496	1.50955	0.924885	1.19209	30.3388	15.1396	28.1334	10.3563	5.36442	-47.0877	0.0127184	-2.8047	2.09156	-9.22588	-0.277287	-1.63399	0.00829003	1.6342	-0.962798	0.150877	-1.96721	0.145784	1.01457	-0.503606	1.63068	-0.953677	0.144524	-1.94379	0.140083	0.999553	-0.513538	0	1.95358	-2.43102	9.65127	0.228013	1.60786	-4.29916e-08	-0.0329891	-0.0201365	-1.88648	0.0117232	0.082104	-1.01133e-07	
1.14	-0.0291551	2.77696	-2.25349	9.43578	0.273403	1.64289	-0.0076983	1.64127	-0.980132	0.164038	-2.0132	0.15749	1.04476	-0.485158	0.353813	-0.837028	0.672758	-2.27213	0.595063	1.51432	0.876725	0.357628	31.4116	15.3929	29.2063	10.103	4.76837	-48.1606	0.0284034	-2.77722	2.23481	-9.4034	-0.273095	-1.64149	0.00768253	1.63773	-0.97162	0.15738	-1.99035	0.151586	1.02964	-0.494144	1.6342	-0.962798	0.150877	-1.96721	0.145784	1.01457	-0.503606	6.66134e-16	1.94571	-2.52646	9.7668	0.228822	1.60742	-1.30465e-08	-0.0254696	-0.0165331	-1.89757	0.0122299	0.0823928	-1.02593e-07	
1.15	-0.0465167	2.74952	-2.39944	9.60179	0.268511	1.64892	-0.00701256	1.64481	-0.988324	0.170851	-2.03575	0.163496	1.05993	-0.476655	0.353813	-0.804424	0.688627	-2.2409	0.605464	1.51873	0.828892	0	32.6037	15.8697	31.2328	10.401	4.41074	-47.8327	0.0420556	-2.76446	2.36245	-9.55838	-0.27002	-1.64662	0.00723987	1.64127	-0.980132	0.164038	-2.0132	0.15749	1.04476	-0.485158	1.63773	-0.97162	0.15738	-1.99035	0.151586	1.02964	-0.494144	-2.22045e-16	1.93497	-2.62265	9.88013	0.229634	1.607	-7.38586e-08	-0.0233765	-0.0138866	-1.90645	0.0125113	0.0801699	-9.92713e-08	
1.16	-0.0539242	2.72442	-2.51323	9.76901	0.267864	1.65538	-0.00677287	1.64834	-0.996187	0.177822	-2.05798	0.169604	1.07514	-0.468634	0.353098	-0.771403	0.703558	-2.20895	0.615418	1.52314	0.780016	-0.715256	33.021	14.931	31.9481	9.95398	4.41074	-48.8758	0.0585363	-2.73269	2.50713	-9.73367	-0.265828	-1.65412	0.00658851	1.64481	-0.988324	0.170851	-2.03575	0.163496	1.05993	-0.476655	1.64127	-0.980132	0.164038	-2.0132	0.15749	1.04476	-0.485158	-4.44089e-16	1.92137	-2.71948	9.99117	0.230448	1.60659	-8.7885e-08	-0.0178895	-0.00940581	-1.91964	0.0118103	0.0784569	-9.78389e-08	
1.17	-0.0755799	2.68453	-2.67454	9.93657	0.261301	1.66178	-0.00584309	1.65187	-1.00371	0.184951	-2.07989	0.175815	1.09039	-0.461098	0.352025	-0.736952	0.720143	-2.17533	0.625998	1.52683	0.731915	-1.07288	34.4515	16.585	33.617	10.5798	3.69549	-48.1009	0.07159	-2.69479	2.64245	-9.90068	-0.262709	-1.66028	0.00604671	1.64834	-0.996187	0.177822	-2.05798	0.169604	1.07514	-0.468634	1.64481	-0.988324	0.170851	-2.03575	0.163496	1.05993	-0.476655	-2.22045e-16	1.90497	-2.81684	10.0998	0.231264	1.60619	5.53409e-08	-0.0129325	-0.00709341	-1.92806	0.0136505	0.0781769	-9.72165e-08	
1.18	-0.0869935	2.64244	-2.80564	10.1044	0.258914	1.66829	-0.00535414	1.65538	-1.01089	0.192238	-2.10145	0.18213	1.10568	-0.45404	0.350237	-0.701904	0.735879	-2.14076	0.635698	1.53005	0.684321	-1.78814	35.0475	15.7356	34.5707	9.7006	3.21865	-47.5943	0.0902384	-2.66333	2.78863	-10.0599	-0.257764	-1.66618	0.00530765	1.65187	-1.00371	0.184951	-2.07989	0.175815	1.09039	-0.461098	1.64834	-0.996187	0.177822	-2.05798	0.169604	1.07514	-0.468634	1.11022e-15	1.88582	-2.9146	10.2059	0.232086	1.60581	-3.57546e-08	-0.00696821	-0.00292704	-1.93848	0.0141841	0.0769	-9.45357e-08	
1.19	-0.103849	2.60545	-2.9468	10.2573	0.254362	1.67312	-0.00463413	1.65887	-1.01771	0.199686	-2.12266	0.188545	1.121	-0.447457	0.347853	-0.666022	0.751927	-2.10452	0.646353	1.53327	0.637203	-2.38419	35.882	16.0486	36.2396	10.6543	3.21865	-47.1175	0.104285	-2.61395	2.92953	-10.2314	-0.254335	-1.67316	0.00466593	1.65538	-1.01089	0.192238	-2.10145	0.18213	1.10568	-0.45404	1.65187	-1.00371	0.184951	-2.07989	0.175815	1.09039	-0.461098	-4.44089e-16	1.86397	-3.01265	10.3095	0.232911	1.60545	4.07935e-08	-0.00113376	0.000161221	-1.94756	0.016156	0.0767356	-9.291e-08	
1.2	-0.122874	2.55346	-3.10081	10.4258	0.249338	1.68052	-0.00380174	1.66233	-1.02417	0.207295	-2.1435	0.195065	1.13634	-0.441339	0.345111	-0.629425	0.768408	-2.0678	0.656396	1.53553	0.591397	-2.74181	36.5973	16.4807	36.7165	10.0434	2.26498	-45.8061	0.117198	-2.56247	3.06537	-10.3919	-0.250611	-1.67876	0.00400332	1.65887	-1.01771	0.199686	-2.12266	0.188545	1.121	-0.447457	1.65538	-1.01089	0.192238	-2.10145	0.18213	1.10568	-0.45404	-1.11022e-15	1.83949	-3.1109	10.4103	0.233739	1.60511	-2.75476e-08	0.00306301	0.0021165	-1.95968	0.0173969	0.0735813	-8.80959e-08	
1.21	-0.137631	2.51076	-3.23506	10.579	0.246062	1.68629	-0.00319063	1.66577	-1.03026	0.215064	-2.16397	0.201685	1.15171	-0.435677	0.341654	-0.592351	0.784159	-2.02966	0.666484	1.53756	0.546008	-3.45707	37.074	15.7505	38.147	10.0881	2.02656	-45.3889	0.135084	-2.51836	3.20972	-10.547	-0.246294	-1.68464	0.0032606	1.66233	-1.02417	0.207295	-2.1435	0.195065	1.13634	-0.441339	1.65887	-1.01771	0.199686	-2.12266	0.188545	1.121	-0.447457	0	1.81246	-3.20923	10.5084	0.234568	1.60479	-1.78508e-08	0.00815382	0.00711794	-1.97113	0.0177048	0.0716709	-8.59069e-08	
1.22	-0.153944	2.46266	-3.37367	10.7256	0.242027	1.6913	-0.00247949	1.66916	-1.03598	0.222993	-2.18405	0.208406	1.1671	-0.430459	0.337601	-0.554442	0.799999	-1.99008	0.676587	1.53887	0.50205	-4.05312	37.9086	15.8399	39.5776	10.103	1.3113	-43.9584	0.149145	-2.47295	3.34129	-10.6937	-0.243077	-1.6897	0.0026574	1.66577	-1.03026	0.215064	-2.16397	0.201685	1.15171	-0.435677	1.66233	-1.02417	0.207295	-2.1435	0.195065	1.13634	-0.441339	-1.11022e-15	1.78294	-3.30752	10.6035	0.235398	1.60449	-1.97544e-08	0.010326	0.00939695	-1.97952	0.0189862	0.0690693	-7.95794e-08	
1.23	-0.168206	2.39044	-3.51934	10.892	0.238187	1.6983	-0.00168779	1.67251	-1.04131	0.231082	-2.20373	0.215227	1.18249	-0.425672	0.332713	-0.515938	0.816077	-1.95026	0.686482	1.53995	0.45979	-4.88758	38.5046	16.0784	39.8159	9.89437	1.07288	-42.2597	0.164988	-2.41084	3.48561	-10.8493	-0.239179	-1.69554	0.00189011	1.66916	-1.03598	0.222993	-2.18405	0.208406	1.1671	-0.430459	1.66577	-1.03026	0.215064	-2.16397	0.201685	1.15171	-0.435677	8.88178e-16	1.75101	-3.40567	10.6957	0.236227	1.60421	6.93146e-08	0.0160549	0.0124595	-1.9909	0.020316	0.0672476	-7.60634e-08	
1.24	-0.184851	2.33739	-3.65711	11.0301	0.234465	1.7028	-0.000971516	1.67581	-1.04626	0.23933	-2.22301	0.222145	1.19789	-0.421299	0.327229	-0.477076	0.831708	-1.90854	0.695959	1.54018	0.418931	-5.48363	38.8623	15.6313	41.7233	9.47714	0.238419	-40.859	0.177775	-2.33378	3.62826	-11.0124	-0.235431	-1.70234	0.00110749	1.67251	-1.04131	0.231082	-2.20373	0.215227	1.18249	-0.425672	1.66916	-1.03598	0.222993	-2.18405	0.208406	1.1671	-0.430459	-8.88178e-16	1.71678	-3.50358	10.7848	0.237053	1.60396	4.34012e-08	0.0228471	0.0147312	-2.0029	0.0219008	0.065943	-7.38277e-08	
1.25	-0.201281	2.26974	-3.80039	11.1748	0.230262	1.70815	-0.000151583	1.67904	-1.05081	0.247733	-2.24186	0.22916	1.21329	-0.417325	0.320792	-0.437736	0.847414	-1.8661	0.705734	1.53971	0.380039	-6.4373	39.3391	15.7058	42.4385	9.77516	-0.476837	-38.892	0.195593	-2.27366	3.77166	-11.1552	-0.231287	-1.70786	0.000313578	1.67581	-1.04626	0.23933	-2.22301	0.222145	1.19789	-0.421299	1.67251	-1.04131	0.231082	-2.20373	0.215227	1.18249	-0.425672	-2.22045e-16	1.68033	-3.60114	10.8707	0.237876	1.60372	-6.70553e-08	0.0268618	0.0187721	-2.01314	0.023327	0.0635761	-6.83539e-08	
1.26	-0.215953	2.1925	-3.94332	11.3222	0.226652	1.71375	0.000656852	1.68221	-1.05497	0.256291	-2.26028	0.236268	1.22869	-0.413731	0.313759	-0.39804	0.862867	-1.82295	0.714809	1.53887	0.342935	-7.03335	39.6967	15.4525	43.1538	9.07481	-0.834465	-37.1039	0.211885	-2.20985	3.91055	-11.2904	-0.227554	-1.71242	-0.00044955	1.67904	-1.05081	0.247733	-2.24186	0.22916	1.21329	-0.417325	1.67581	-1.04626	0.23933	-2.22301	0.222145	1.19789	-0.421299	2.22045e-16	1.64177	-3.69826	10.9534	0.23869	1.6035	-2.04209e-09	0.0315522	0.0226605	-2.02302	0.0238773	0.0611392	-6.55098e-08	
1.27	-0.230548	2.1229	-4.07835	11.4546	0.22315	1.71824	0.00141311	1.68531	-1.05873	0.265	-2.27827	0.243467	1.24407	-0.410498	0.306249	-0.358224	0.877559	-1.7786	0.724018	1.5372	0.307739	-7.51016	39.8159	14.6925	44.3459	9.20892	-1.66893	-35.1965	0.224546	-2.13924	4.04225	-11.4254	-0.224622	-1.71689	-0.00114623	1.68221	-1.05497	0.256291	-2.26028	0.236268	1.22869	-0.413731	1.67904	-1.05081	0.247733	-2.24186	0.22916	1.21329	-0.417325	0	1.60121	-3.79483	11.0327	0.239495	1.60331	-1.34177e-07	0.0363061	0.0241142	-2.03165	0.0261207	0.0594916	-6.03798e-08	
1.28	-0.244016	2.03143	-4.22263	11.601	0.219435	1.72466	0.00226706	1.68833	-1.06209	0.273857	-2.29581	0.250754	1.25942	-0.407607	0.297785	-0.31805	0.892341	-1.73378	0.73272	1.53422	0.274271	-8.46386	40.1735	14.782	44.8227	8.70228	-2.98023	-33.468	0.244207	-2.06124	4.19333	-11.5587	-0.219913	-1.72196	-0.00210018	1.68531	-1.05873	0.265	-2.27827	0.243467	1.24407	-0.410498	1.68221	-1.05497	0.256291	-2.26028	0.236268	1.22869	-0.413731	4.44089e-16	1.55876	-3.89077	11.1086	0.240287	1.60313	-1.58161e-07	0.0408175	0.0305141	-2.0443	0.0267453	0.0561555	-5.5324e-08	
1.29	-0.259341	1.95345	-4.36052	11.7272	0.216057	1.72935	0.00305407	1.69126	-1.06505	0.282858	-2.31289	0.258124	1.27475	-0.405034	0.288725	-0.278115	0.906408	-1.68777	0.740796	1.53065	0.243515	-9.05991	39.9351	14.0667	46.0148	8.07643	-3.57628	-30.756	0.258003	-1.97893	4.3307	-11.6932	-0.21668	-1.72751	-0.00287709	1.68833	-1.06209	0.273857	-2.29581	0.250754	1.25942	-0.407607	1.68531	-1.05873	0.265	-2.27827	0.243467	1.24407	-0.410498	4.44089e-16	1.51454	-3.98598	11.1811	0.241063	1.60297	-6.16622e-08	0.046045	0.0314158	-2.05396	0.0278674	0.0538234	-5.09824e-08	
1.3	-0.271619	1.86801	-4.49391	11.8515	0.213249	1.73389	0.00379823	1.69409	-1.06761	0.291998	-2.32951	0.265574	1.29003	-0.402762	0.278592	-0.238299	0.919908	-1.64103	0.748455	1.52612	0.214308	-10.1328	39.8159	13.5005	46.73	7.6592	-4.52995	-29.2063	0.269767	-1.87739	4.4741	-11.8338	-0.213469	-1.73359	-0.00373085	1.69126	-1.06505	0.282858	-2.31289	0.258124	1.27475	-0.405034	1.68833	-1.06209	0.273857	-2.29581	0.250754	1.25942	-0.407607	4.44089e-16	1.4687	-4.08037	11.2499	0.241821	1.60283	1.48527e-09	0.0534653	0.0355718	-2.06581	0.0290398	0.0521085	-4.80344e-08	
1.31	-0.285149	1.77858	-4.63087	11.9715	0.210234	1.73838	0.00459616	1.69681	-1.06978	0.301271	-2.34566	0.273098	1.30526	-0.400766	0.267625	-0.198722	0.933051	-1.59359	0.755548	1.52063	0.187933	-10.9673	39.5775	13.1428	47.4453	7.09295	-5.48363	-26.3751	0.283543	-1.79334	4.60837	-11.9537	-0.210499	-1.73838	-0.00448981	1.69409	-1.06761	0.291998	-2.32951	0.265574	1.29003	-0.402762	1.69126	-1.06505	0.282858	-2.31289	0.258124	1.27475	-0.405034	-4.44089e-16	1.42137	-4.17385	11.3152	0.242557	1.60271	2.29218e-08	0.0575959	0.03748	-2.07615	0.0303331	0.0493419	-4.33999e-08	
1.32	-0.297933	1.67298	-4.77496	12.1005	0.206732	1.74442	0.00550565	1.69943	-1.07155	0.310671	-2.36134	0.280693	1.32043	-0.399024	0.256181	-0.159264	0.945687	-1.54591	0.762433	1.51408	0.163287	-11.4441	39.4583	12.6362	47.6837	6.88434	-6.55651	-24.6465	0.293174	-1.69845	4.73862	-12.0722	-0.20821	-1.74282	-0.00520582	1.69681	-1.06978	0.301271	-2.34566	0.273098	1.30526	-0.400766	1.69409	-1.06761	0.291998	-2.32951	0.265574	1.29003	-0.402762	4.44089e-16	1.37268	-4.26635	11.3768	0.24327	1.6026	5.12043e-08	0.0613412	0.039736	-2.08688	0.0305714	0.045971	-3.75943e-08	
1.33	-0.31071	1.5901	-4.90171	12.1999	0.204434	1.74761	0.00619651	1.70192	-1.07293	0.320191	-2.37653	0.288351	1.33553	-0.397514	0.243664	-0.120878	0.957042	-1.49703	0.768334	1.50633	0.141382	-12.517	38.3854	11.3547	48.8758	5.90086	-7.7486	-21.9047	0.30844	-1.60439	4.87854	-12.1814	-0.204642	-1.74709	-0.00609357	1.69943	-1.07155	0.310671	-2.36134	0.280693	1.32043	-0.399024	1.69681	-1.06978	0.301271	-2.34566	0.273098	1.30526	-0.400766	-8.88178e-16	1.32279	-4.35777	11.4346	0.243954	1.6025	1.2272e-07	0.0666038	0.0439032	-2.09661	0.0316052	0.043511	-3.21102e-08	
1.34	-0.32383	1.48343	-5.04296	12.3105	0.200811	1.75259	0.00712514	1.70429	-1.07392	0.329824	-2.39123	0.296066	1.35054	-0.396213	0.230551	-0.082612	0.968099	-1.44792	0.774175	1.49715	0.121176	-13.113	38.2662	11.0567	49.1142	5.84126	-9.17912	-20.206	0.320704	-1.49925	5.01753	-12.2908	-0.201402	-1.75158	-0.00698009	1.70192	-1.07293	0.320191	-2.37653	0.288351	1.33553	-0.397514	1.69943	-1.07155	0.310671	-2.36134	0.280693	1.32043	-0.399024	-4.44089e-16	1.27187	-4.44806	11.4887	0.24461	1.60242	7.30729e-08	0.0732271	0.0470172	-2.10739	0.0321396	0.0409302	-2.90221e-08	
1.35	-0.331045	1.38047	-5.16829	12.411	0.199088	1.75634	0.00781241	1.70651	-1.07454	0.339559	-2.40544	0.303832	1.36546	-0.395098	0.216484	-0.0454187	0.977755	-1.39832	0.778556	1.4869	0.103742	-14.0667	37.1933	9.65595	49.5911	4.38094	-10.252	-17.4344	0.330015	-1.401	5.14393	-12.3888	-0.199206	-1.75528	-0.00769926	1.70429	-1.07392	0.329824	-2.39123	0.296066	1.35054	-0.396213	1.70192	-1.07293	0.320191	-2.37653	0.288351	1.33553	-0.397514	-1.33227e-15	1.22007	-4.53713	11.539	0.245231	1.60235	1.67875e-08	0.0759978	0.0492346	-2.11694	0.0328898	0.0376645	-2.36359e-08	
1.36	-0.338996	1.26733	-5.30098	12.5123	0.196806	1.76075	0.00861706	1.7086	-1.0748	0.349389	-2.41915	0.31164	1.38026	-0.394145	0.201583	-0.00905991	0.986814	-1.3485	0.7824	1.47533	0.0885725	-14.9012	36.3588	9.05991	49.8295	3.8445	-11.5633	-15.1694	0.341953	-1.29825	5.27762	-12.4849	-0.196548	-1.75957	-0.0085154	1.70651	-1.07454	0.339559	-2.40544	0.303832	1.36546	-0.395098	1.70429	-1.07392	0.329824	-2.39123	0.296066	1.35054	-0.396213	0	1.16756	-4.62492	11.5856	0.245817	1.60229	-1.38593e-09	0.0817805	0.0528035	-2.12727	0.032773	0.0348167	-1.90118e-08	
1.37	-0.347462	1.15132	-5.43523	12.6107	0.194215	1.76603	0.00944304	1.71053	-1.07469	0.359303	-2.43236	0.319482	1.39494	-0.393333	0.186205	0.026226	0.994742	-1.29843	0.785649	1.46162	0.0753105	-15.378	35.2859	7.92742	50.0679	3.24845	-13.7091	-13.262	0.344687	-1.17078	5.40915	-12.5937	-0.194921	-1.76502	-0.00927409	1.7086	-1.0748	0.349389	-2.41915	0.31164	1.38026	-0.394145	1.70651	-1.07454	0.339559	-2.40544	0.303832	1.36546	-0.395098	4.44089e-16	1.11452	-4.71136	11.6283	0.246362	1.60224	1.10443e-07	0.0874836	0.0534763	-2.13977	0.0338315	0.0320606	-1.45299e-08	
1.38	-0.356699	1.03911	-5.56743	12.6929	0.191843	1.76932	0.0102861	1.7123	-1.07424	0.369289	-2.44506	0.32735	1.40948	-0.392639	0.169873	0.0600815	1.00169	-1.24788	0.787616	1.4472	0.0646114	-16.3317	33.8554	6.944	50.5446	1.96695	-14.4243	-10.699	0.354157	-1.0651	5.53733	-12.6777	-0.192676	-1.76898	-0.0100435	1.71053	-1.07469	0.359303	-2.43236	0.319482	1.39494	-0.393333	1.7086	-1.0748	0.349389	-2.41915	0.31164	1.38026	-0.394145	4.44089e-16	1.06115	-4.79638	11.6672	0.246868	1.6022	-3.22246e-09	0.092658	0.057716	-2.14926	0.0336856	0.0294606	-1.09344e-08	
1.39	-0.358122	0.921222	-5.68756	12.7801	0.190681	1.7741	0.0109138	1.71391	-1.07346	0.379336	-2.45726	0.335233	1.42386	-0.392043	0.152946	0.0923872	1.00675	-1.19758	0.788838	1.43015	0.0558197	-16.9277	32.3057	5.06639	50.3063	1.2219	-17.0469	-8.79169	0.359091	-0.947656	5.66407	-12.7612	-0.190935	-1.77306	-0.0107835	1.7123	-1.07424	0.369289	-2.44506	0.32735	1.40948	-0.392639	1.71053	-1.07469	0.359303	-2.43236	0.319482	1.39494	-0.393333	1.77636e-15	1.00762	-4.87994	11.7023	0.247329	1.60216	1.13523e-07	0.097527	0.0596834	-2.15872	0.0343773	0.0273491	-7.254e-09	
1.4	-0.367197	0.804839	-5.82079	12.855	0.18841	1.77834	0.0117532	1.71534	-1.07237	0.38943	-2.46896	0.343122	1.43806	-0.391523	0.135303	0.123024	1.01128	-1.14703	0.788867	1.4118	0.0492632	-17.643	30.6368	4.52995	50.5447	0.0298023	-18.3582	-6.55651	0.362297	-0.820419	5.79412	-12.8476	-0.189134	-1.77807	-0.011568	1.71391	-1.07346	0.379336	-2.45726	0.335233	1.42386	-0.392043	1.7123	-1.07424	0.369289	-2.44506	0.32735	1.40948	-0.392639	1.33227e-15	0.954133	-4.96197	11.7337	0.247745	1.60212	5.75195e-08	0.103028	0.0624142	-2.1704	0.0345447	0.0242248	-2.56463e-09	
1.41	-0.36816	0.67404	-5.94852	12.9339	0.18675	1.78303	0.0125321	1.7166	-1.07098	0.399559	-2.48015	0.351007	1.45207	-0.391058	0.117183	0.15223	1.01411	-1.09673	0.787914	1.39165	0.0444949	-18.1198	29.2063	2.83122	50.3063	-0.953674	-20.1464	-4.76837	0.365052	-0.696784	5.91959	-12.9193	-0.187098	-1.78188	-0.0123591	1.71534	-1.07237	0.38943	-2.46896	0.343122	1.43806	-0.391523	1.71391	-1.07346	0.379336	-2.45726	0.335233	1.42386	-0.392043	8.88178e-16	0.900882	-5.04244	11.7614	0.248113	1.60209	4.548e-08	0.108324	0.0651951	-2.1812	0.0338892	0.0208525	2.35657e-09	
1.42	-0.370443	0.558854	-6.06676	12.9899	0.185353	1.78557	0.0132305	1.71766	-1.06931	0.409706	-2.49084	0.358876	1.46586	-0.39063	0.0984669	0.179052	1.01513	-1.04618	0.785798	1.3696	0.0417829	-18.7159	26.8221	1.01328	50.5447	-2.11596	-22.0537	-2.71201	0.366016	-0.580289	6.03677	-12.9784	-0.186006	-1.78453	-0.0130214	1.7166	-1.07098	0.399559	-2.48015	0.351007	1.45207	-0.391058	1.71534	-1.07237	0.38943	-2.46896	0.343122	1.43806	-0.391523	4.44089e-16	0.848085	-5.12129	11.7854	0.248433	1.60207	-1.31501e-08	0.112812	0.0684825	-2.18983	0.0331633	0.0180823	7.10679e-09	
1.43	-0.37071	0.430245	-6.1917	13.0566	0.183967	1.79034	0.0139703	1.71854	-1.06738	0.419857	-2.50103	0.366719	1.47943	-0.390218	0.079155	0.203848	1.01498	-0.996351	0.782728	1.3454	0.0409782	-19.3119	24.7955	-0.149012	49.8295	-3.06964	-24.1995	-0.804663	0.367911	-0.45005	6.16662	-13.0531	-0.184661	-1.79045	-0.013776	1.71766	-1.06931	0.409706	-2.49084	0.358876	1.46586	-0.39063	1.7166	-1.07098	0.399559	-2.48015	0.351007	1.45207	-0.391058	-8.88178e-16	0.795936	-5.19848	11.8058	0.248702	1.60204	-4.38945e-08	0.118025	0.0709766	-2.20236	0.0325278	0.0155889	9.32116e-09	
1.44	-0.367223	0.303273	-6.30891	13.1134	0.183087	1.7941	0.0146325	1.71923	-1.06521	0.429997	-2.51073	0.374522	1.49274	-0.389807	0.0596046	0.226378	1.0128	-0.94676	0.778198	1.31929	0.0415742	-19.5503	22.5306	-2.17557	49.5911	-4.52995	-26.1068	0.596046	0.366846	-0.324197	6.28712	-13.1074	-0.183384	-1.79388	-0.0145015	1.71854	-1.06738	0.419857	-2.50103	0.366719	1.47943	-0.390218	1.71766	-1.06931	0.409706	-2.49084	0.358876	1.46586	-0.39063	-1.33227e-15	0.744653	-5.27399	11.8228	0.24892	1.60201	2.06423e-08	0.125068	0.0745728	-2.21366	0.0320489	0.0132524	1.37963e-08	
1.45	-0.361244	0.168761	-6.42874	13.1792	0.182567	1.79991	0.015259	1.71972	-1.06284	0.440107	-2.51992	0.382275	1.50578	-0.38938	0.0396967	0.246406	1.00908	-0.898123	0.772506	1.29092	0.0439286	-19.908	20.0272	-3.72529	48.6374	-5.69224	-28.3718	2.35438	0.363858	-0.195673	6.40676	-13.163	-0.182225	-1.79831	-0.015201	1.71923	-1.06521	0.429997	-2.51073	0.374522	1.49274	-0.389807	1.71854	-1.06738	0.419857	-2.50103	0.366719	1.47943	-0.390218	4.44089e-16	0.694442	-5.34777	11.8364	0.249088	1.60199	-7.5501e-08	0.129166	0.0775771	-2.22173	0.0318649	0.010655	1.79486e-08	
1.46	-0.355635	0.0450588	-6.54074	13.2177	0.181679	1.80245	0.0159159	1.72	-1.06027	0.450169	-2.52864	0.389963	1.51852	-0.388923	0.0194311	0.26381	1.00332	-0.849247	0.765711	1.26052	0.0476539	-20.2656	17.4046	-5.75185	48.8758	-6.79493	-30.3984	3.72529	0.360158	-0.0670092	6.52634	-13.213	-0.18139	-1.80266	-0.0158836	1.71972	-1.06284	0.440107	-2.51992	0.382275	1.50578	-0.38938	1.71923	-1.06521	0.429997	-2.51073	0.374522	1.49274	-0.389807	-1.33227e-15	0.645519	-5.41979	11.8467	0.249204	1.60196	-1.93546e-08	0.132922	0.080393	-2.23477	0.029969	0.0066349	2.25187e-08	
1.47	-0.350569	-0.0910583	-6.66456	13.2655	0.180471	1.80734	0.0166834	1.72008	-1.05755	0.460166	-2.53686	0.397576	1.53095	-0.388422	-0.000834465	0.278831	0.996262	-0.801325	0.757426	1.22774	0.0523031	-20.2656	15.0204	-7.06321	47.9221	-8.28505	-32.7824	4.64916	0.351523	0.0587188	6.63583	-13.2533	-0.180987	-1.80588	-0.0164718	1.72	-1.06027	0.450169	-2.52864	0.389963	1.51852	-0.388923	1.71972	-1.06284	0.440107	-2.51992	0.382275	1.50578	-0.38938	0	0.598105	-5.49004	11.8539	0.24927	1.60192	3.54071e-08	0.138847	0.0828074	-2.2431	0.0291022	0.00481133	2.56955e-08	
1.48	-0.342481	-0.216377	-6.77661	13.3056	0.180078	1.81155	0.0172846	1.71996	-1.0547	0.470078	-2.54462	0.405099	1.54304	-0.387864	-0.0211	0.290513	0.986695	-0.754356	0.748068	1.19305	0.058651	-20.2656	11.6825	-9.56655	46.9685	-9.35793	-34.6899	6.34789	0.346413	0.185593	6.75359	-13.2946	-0.180177	-1.8106	-0.0171418	1.72008	-1.05755	0.460166	-2.53686	0.397576	1.53095	-0.388422	1.72	-1.06027	0.450169	-2.52864	0.389963	1.51852	-0.388923	8.88178e-16	0.552408	-5.55851	11.858	0.249286	1.60189	-1.1441e-09	0.144998	0.0862434	-2.2521	0.0285019	0.00395026	2.60129e-08	
1.49	-0.325913	-0.348548	-6.88148	13.3458	0.180417	1.81576	0.0177708	1.71964	-1.05174	0.479884	-2.5519	0.41252	1.55476	-0.387239	-0.041604	0.299454	0.974953	-0.708103	0.737011	1.15561	0.0659823	-20.504	8.9407	-11.7421	46.2532	-11.0567	-37.4317	7.33138	0.333388	0.321047	6.86623	-13.3353	-0.179861	-1.81494	-0.0177669	1.71996	-1.0547	0.470078	-2.54462	0.405099	1.54304	-0.387864	1.72008	-1.05755	0.460166	-2.53686	0.397576	1.53095	-0.388422	4.44089e-16	0.508637	-5.62516	11.8593	0.249254	1.60185	7.64213e-09	0.152164	0.0880945	-2.26388	0.0271896	0.00205332	2.81847e-08	
1.5	-0.318059	-0.475553	-6.9982	13.3771	0.179719	1.82048	0.0184473	1.71911	-1.04871	0.489565	-2.55873	0.419825	1.5661	-0.386539	-0.0618696	0.305295	0.961751	-0.662565	0.724763	1.11568	0.0735223	-20.2656	5.84126	-13.2024	45.5379	-12.2488	-39.9351	7.53999	0.324653	0.446515	6.97941	-13.365	-0.179079	-1.81928	-0.0184211	1.71964	-1.05174	0.479884	-2.5519	0.41252	1.55476	-0.387239	1.71996	-1.0547	0.470078	-2.54462	0.405099	1.54304	-0.387864	8.88178e-16	0.467001	-5.69	11.858	0.249176	1.6018	4.97669e-08	0.156115	0.0912571	-2.2743	0.0261952	-0.000647603	3.25132e-08	
1.51	-0.313042	-0.596045	-7.11613	13.4019	0.178908	1.82536	0.0191408	1.71839	-1.04564	0.499098	-2.56511	0.427001	1.57703	-0.385756	-0.0816584	0.307918	0.946402	-0.617981	0.711143	1.07336	0.0821948	-19.7887	2.6226	-15.3482	44.5842	-13.6197	-42.3193	8.67247	0.312004	0.576821	7.09275	-13.3993	-0.178962	-1.82444	-0.0190229	1.71911	-1.04871	0.489565	-2.55873	0.419825	1.5661	-0.386539	1.71964	-1.05174	0.479884	-2.5519	0.41252	1.55476	-0.387239	-1.33227e-15	0.42771	-5.75302	11.8541	0.249053	1.60175	2.40688e-07	0.16227	0.0957336	-2.28624	0.0239531	-0.00324839	3.58702e-08	
1.52	-0.294096	-0.715891	-7.21291	13.4222	0.179185	1.82864	0.0195902	1.71746	-1.04256	0.508462	-2.57105	0.434035	1.58752	-0.384886	-0.101447	0.307322	0.927985	-0.57435	0.69654	1.02866	0.0911951	-19.7887	-0.596046	-18.4178	43.6306	-14.6031	-44.7035	9.0003	0.29062	0.702339	7.19014	-13.4276	-0.179495	-1.82858	-0.0194383	1.71839	-1.04564	0.499098	-2.56511	0.427001	1.57703	-0.385756	1.71911	-1.04871	0.489565	-2.55873	0.419825	1.5661	-0.386539	1.77636e-15	0.390957	-5.81422	11.8478	0.24889	1.6017	1.97924e-07	0.168003	0.0957909	-2.2955	0.0231442	-0.00365944	3.50532e-08	
1.53	-0.278936	-0.841602	-7.32318	13.4518	0.178921	1.83458	0.0201705	1.71634	-1.0395	0.517633	-2.57656	0.440914	1.59755	-0.383926	-0.120521	0.303745	0.907898	-0.53215	0.680804	0.981569	0.100315	-19.0735	-3.57628	-20.0868	42.2001	-15.7356	-47.0877	9.11951	0.280719	0.818308	7.30063	-13.4467	-0.179166	-1.8332	-0.0200431	1.71746	-1.04256	0.508462	-2.57105	0.434035	1.58752	-0.384886	1.71839	-1.04564	0.499098	-2.56511	0.427001	1.57703	-0.385756	1.77636e-15	0.356928	-5.87358	11.8394	0.248689	1.60163	4.01508e-08	0.17305	0.0994209	-2.30505	0.0224295	-0.00502995	3.67308e-08	
1.54	-0.259993	-0.95875	-7.42364	13.4736	0.179467	1.83942	0.0206036	1.71503	-1.0365	0.52659	-2.58166	0.447626	1.60709	-0.382873	-0.139236	0.296712	0.885189	-0.490904	0.663042	0.931978	0.109792	-18.7159	-7.03335	-22.7094	41.2464	-17.7622	-49.5911	9.47714	0.268872	0.935458	7.41122	-13.4686	-0.178825	-1.83895	-0.0206278	1.71634	-1.0395	0.517633	-2.57656	0.440914	1.59755	-0.383926	1.71746	-1.04256	0.508462	-2.57105	0.434035	1.58752	-0.384886	-2.22045e-15	0.325824	-5.93114	11.8291	0.248453	1.60157	-2.49876e-08	0.177918	0.10436	-2.31544	0.0213056	-0.00619586	3.76397e-08	
1.55	-0.244243	-1.07429	-7.53012	13.4946	0.179336	1.84518	0.021147	1.71354	-1.03359	0.535308	-2.58634	0.454155	1.61613	-0.38173	-0.157118	0.286579	0.860333	-0.45085	0.644535	0.880003	0.118226	-17.8814	-10.1328	-24.8551	40.0543	-18.5072	-51.9753	8.43406	0.249799	1.04942	7.51042	-13.4838	-0.178978	-1.84326	-0.0211088	1.71503	-1.0365	0.52659	-2.58166	0.447626	1.60709	-0.382873	1.71634	-1.0395	0.517633	-2.57656	0.440914	1.59755	-0.383926	4.44089e-16	0.297807	-5.98688	11.8169	0.248187	1.60149	-2.35447e-08	0.183666	0.107604	-2.32575	0.0191842	-0.00751272	3.80161e-08	
1.56	-0.222136	-1.18728	-7.6278	13.5127	0.179857	1.85028	0.0215642	1.71187	-1.03079	0.543765	-2.59063	0.460491	1.62463	-0.380501	-0.17488	0.273108	0.833034	-0.411749	0.624478	0.825286	0.12666	-17.7622	-13.4706	-27.2989	39.1006	-20.0569	-54.7171	8.43406	0.22783	1.16398	7.60963	-13.5115	-0.179818	-1.84977	-0.0214687	1.71354	-1.03359	0.535308	-2.58634	0.454155	1.61613	-0.38173	1.71503	-1.0365	0.52659	-2.58166	0.447626	1.60709	-0.382873	-1.33227e-15	0.273049	-6.04083	11.8032	0.247894	1.60141	5.10613e-08	0.190351	0.109335	-2.3366	0.0182701	-0.0070017	3.43924e-08	
1.57	-0.209277	-1.28504	-7.73019	13.5223	0.179943	1.85543	0.0220591	1.71003	-1.02815	0.551934	-2.59454	0.46662	1.63257	-0.37919	-0.19145	0.256181	0.803411	-0.37384	0.603169	0.768542	0.134587	-16.5701	-16.9277	-29.6235	37.9086	-21.3087	-56.7436	7.92742	0.215252	1.26379	7.71288	-13.5176	-0.179528	-1.85449	-0.02202	1.71187	-1.03079	0.543765	-2.59063	0.460491	1.62463	-0.380501	1.71354	-1.03359	0.535308	-2.58634	0.454155	1.61613	-0.38173	8.88178e-16	0.25171	-6.09298	11.7881	0.24758	1.60133	8.8864e-08	0.196776	0.11364	-2.34636	0.0165389	-0.00762345	3.39082e-08	
1.58	-0.192267	-1.38429	-7.83047	13.5369	0.180194	1.86152	0.0224987	1.70803	-1.0257	0.559793	-2.59808	0.47253	1.63993	-0.377805	-0.207186	0.236392	0.771224	-0.337124	0.580579	0.709057	0.141829	-15.7356	-19.7888	-32.1865	36.7165	-22.5902	-59.4854	7.24196	0.195597	1.36979	7.81406	-13.5357	-0.179775	-1.86076	-0.022476	1.71003	-1.02815	0.551934	-2.59454	0.46662	1.63257	-0.37919	1.71187	-1.03079	0.543765	-2.59063	0.460491	1.62463	-0.380501	-4.44089e-16	0.233935	-6.14335	11.7718	0.247249	1.60123	1.73022e-07	0.203119	0.11732	-2.35838	0.0148361	-0.00867857	3.51246e-08	
1.59	-0.170281	-1.48156	-7.92431	13.5501	0.180387	1.86729	0.0228958	1.70587	-1.02346	0.567315	-2.60125	0.478209	1.64668	-0.376355	-0.222445	0.213623	0.736475	-0.301361	0.557393	0.646949	0.1477	-15.2588	-22.769	-34.7495	35.7628	-23.1862	-62.108	5.87106	0.174594	1.45697	7.90074	-13.5406	-0.18046	-1.86485	-0.0227883	1.70803	-1.0257	0.559793	-2.59808	0.47253	1.63993	-0.377805	1.71003	-1.02815	0.551934	-2.59454	0.46662	1.63257	-0.37919	-8.88178e-16	0.21985	-6.19194	11.7545	0.246907	1.60114	9.00777e-08	0.206961	0.119488	-2.3658	0.013858	-0.00883817	3.33233e-08	
1.6	-0.153064	-1.56463	-8.01791	13.5647	0.181142	1.87371	0.0232053	1.70357	-1.02146	0.574478	-2.60407	0.483644	1.6528	-0.374853	-0.236511	0.187516	0.699162	-0.267029	0.53221	0.582933	0.1522	-14.0667	-26.1068	-37.3125	34.3323	-25.183	-64.0153	4.50015	0.157049	1.54776	7.99945	-13.5589	-0.180943	-1.87194	-0.0231686	1.70587	-1.02346	0.567315	-2.60125	0.478209	1.64668	-0.376355	1.70803	-1.0257	0.559793	-2.59808	0.47253	1.63993	-0.377805	-3.55271e-15	0.20959	-6.23878	11.7364	0.246559	1.60104	1.22447e-07	0.211184	0.122873	-2.37775	0.0119093	-0.00950413	3.24034e-08	
1.61	-0.134598	-1.64442	-8.10947	13.5749	0.181494	1.87959	0.02356	1.70113	-1.01974	0.581255	-2.60656	0.488825	1.65827	-0.373313	-0.249743	0.158906	0.659347	-0.233412	0.506163	0.516653	0.155389	-13.2322	-28.6102	-39.8159	33.617	-26.0472	-66.2804	3.18885	0.136992	1.62964	8.09019	-13.5745	-0.181635	-1.87847	-0.0234564	1.70357	-1.02146	0.574478	-2.60407	0.483644	1.6528	-0.374853	1.70587	-1.02346	0.567315	-2.60125	0.478209	1.64668	-0.376355	-4.44089e-16	0.20326	-6.28385	11.7177	0.246211	1.60094	6.2581e-08	0.218253	0.126805	-2.38821	0.0106365	-0.00880443	2.93178e-08	
1.62	-0.126023	-1.71246	-8.20835	13.5787	0.181029	1.88597	0.0240467	1.69856	-1.01832	0.587622	-2.60871	0.493738	1.66306	-0.371752	-0.262022	0.127554	0.617445	-0.20051	0.479192	0.44775	0.156403	-12.2786	-31.352	-41.902	32.9018	-26.9711	-68.903	1.01328	0.126805	1.70334	8.19104	-13.5797	-0.181272	-1.88483	-0.0239664	1.70113	-1.01974	0.581255	-2.60656	0.488825	1.65827	-0.373313	1.70357	-1.02146	0.574478	-2.60407	0.483644	1.6528	-0.374853	-1.77636e-15	0.200965	-6.32717	11.6985	0.245868	1.60083	4.35393e-08	0.224959	0.13218	-2.39861	0.00880075	-0.00824676	2.49662e-08	
1.63	-0.105537	-1.72401	-8.24344	13.5389	0.183071	1.8843	0.0237142	1.69587	-1.01723	0.593556	-2.61054	0.498373	1.66715	-0.370187	-0.273824	0.0938177	0.573039	-0.1688	0.45073	0.377178	0.155956	-11.8017	-33.7362	-44.4055	31.7097	-28.4612	-70.5719	-0.447035	0.107888	1.73755	8.24816	-13.5645	-0.182701	-1.8872	-0.023856	1.69856	-1.01832	0.587622	-2.60871	0.493738	1.66306	-0.371752	1.70113	-1.01974	0.581255	-2.60656	0.488825	1.65827	-0.373313	8.88178e-16	0.20279	-6.36873	11.679	0.245535	1.60073	3.22006e-08	0.225783	0.131289	-2.40214	0.00804398	-0.00763235	2.24253e-08	
1.64	-0.0857208	-1.63395	-8.19095	13.4129	0.187476	1.86964	0.0223467	1.69308	-1.01648	0.599045	-2.61207	0.502725	1.67053	-0.368636	-0.284553	0.0594854	0.529051	-0.139236	0.422597	0.307798	0.153959	-10.7288	-34.3323	-43.9882	29.5639	-28.1334	-69.3798	-1.99676	0.0900889	1.65613	8.20579	-13.4416	-0.1865	-1.87306	-0.0226756	1.69587	-1.01723	0.593556	-2.61054	0.498373	1.66715	-0.370187	1.69856	-1.01832	0.587622	-2.60871	0.493738	1.66306	-0.371752	-1.77636e-15	0.208712	-6.40857	11.6594	0.245218	1.60062	1.5017e-07	0.216496	0.127288	-2.38237	0.0057384	-0.00724305	1.7452e-08	
1.65	-0.0688514	-1.47836	-8.08469	13.2399	0.193003	1.84791	0.0203406	1.69018	-1.01607	0.604099	-2.61331	0.506806	1.67325	-0.367109	-0.293374	0.026226	0.486672	-0.112772	0.39643	0.242352	0.151306	-8.82149	-33.2594	-42.3789	26.4645	-26.1664	-65.4459	-2.65241	0.075554	1.50741	8.10866	-13.2673	-0.191556	-1.85141	-0.0208367	1.69308	-1.01648	0.599045	-2.61207	0.502725	1.67053	-0.368636	1.69587	-1.01723	0.593556	-2.61054	0.498373	1.66715	-0.370187	-8.88178e-16	0.218538	-6.44679	11.6397	0.24492	1.60052	1.02187e-07	0.200298	0.11723	-2.34792	0.00545849	-0.00590346	1.56309e-08	
1.66	-0.0514361	-1.2941	-7.95166	13.0412	0.199131	1.82132	0.0180959	1.6872	-1.01598	0.608748	-2.6143	0.510634	1.67534	-0.365614	-0.301003	-0.00464916	0.447571	-0.0891685	0.372052	0.183105	0.147998	-7.62939	-30.8752	-39.1006	23.6034	-24.3783	-59.247	-3.30806	0.0524197	1.32907	7.97324	-13.081	-0.198246	-1.82624	-0.0184642	1.69018	-1.01607	0.604099	-2.61331	0.506806	1.67325	-0.367109	1.69308	-1.01648	0.599045	-2.61207	0.502725	1.67053	-0.368636	8.88178e-16	0.231947	-6.48353	11.62	0.24464	1.60042	1.62221e-07	0.177754	0.103536	-2.30922	0.00432864	-0.00540017	1.26832e-08	
1.67	-0.0377803	-1.09536	-7.81026	12.8376	0.20515	1.7939	0.015779	1.68416	-1.01619	0.613024	-2.61508	0.514232	1.67687	-0.364157	-0.307322	-0.0329018	0.412106	-0.0686646	0.350475	0.129938	0.143886	-6.31809	-28.2526	-35.4648	20.504	-21.5769	-53.1673	-4.11272	0.0442178	1.12789	7.83722	-12.8675	-0.203776	-1.79804	-0.0162781	1.6872	-1.01598	0.608748	-2.6143	0.510634	1.67534	-0.365614	1.69018	-1.01607	0.604099	-2.61331	0.506806	1.67325	-0.367109	-1.77636e-15	0.248572	-6.51894	11.6004	0.244381	1.60032	1.56558e-07	0.158535	0.09506	-2.26686	0.00195837	-0.00464162	9.71194e-09	
1.68	-0.0287238	-0.900527	-7.67919	12.6515	0.211146	1.76913	0.0135221	1.68105	-1.01666	0.616969	-2.61567	0.517629	1.67791	-0.362748	-0.312448	-0.0582933	0.380874	-0.0514984	0.331283	0.0833273	0.138313	-5.126	-25.3916	-31.2328	17.1661	-19.1927	-46.6108	-5.57303	0.0288739	0.936459	7.70032	-12.6849	-0.210199	-1.7733	-0.0139076	1.68416	-1.01619	0.613024	-2.61508	0.514232	1.67687	-0.364157	1.6872	-1.01598	0.608748	-2.6143	0.510634	1.67534	-0.365614	2.22045e-15	0.268032	-6.55319	11.5809	0.244141	1.60022	1.52393e-07	0.139798	0.0817294	-2.22706	0.00185087	-0.00169144	3.28047e-10	
1.69	-0.0234729	-0.705774	-7.55153	12.4582	0.216194	1.74317	0.0114771	1.67791	-1.01737	0.620621	-2.6161	0.520847	1.67852	-0.361394	-0.316501	-0.0805855	0.353038	-0.0362396	0.314593	0.0427961	0.132412	-4.05309	-22.2921	-27.8354	15.2588	-16.6893	-40.5312	-5.90086	0.021723	0.74612	7.5747	-12.5025	-0.21551	-1.749	-0.0117999	1.68105	-1.01666	0.616969	-2.61567	0.517629	1.67791	-0.362748	1.68416	-1.01619	0.613024	-2.61508	0.514232	1.67687	-0.364157	-1.77636e-15	0.289954	-6.58643	11.5615	0.243921	1.60013	1.35342e-07	0.117171	0.0702119	-2.18957	0.00095484	-0.00191593	1.33734e-09	
1.7	-0.0156484	-0.539564	-7.44706	12.3113	0.221404	1.72391	0.00952631	1.67472	-1.01828	0.624017	-2.61639	0.523912	1.67875	-0.360105	-0.319719	-0.0998974	0.329256	-0.0243187	0.300348	0.00810623	0.125498	-3.21865	-19.3119	-23.7823	11.9209	-14.2455	-34.6899	-6.91414	0.0128345	0.571868	7.4612	-12.3431	-0.220887	-1.72753	-0.00979028	1.67791	-1.01737	0.620621	-2.6161	0.520847	1.67852	-0.361394	1.68105	-1.01666	0.616969	-2.61567	0.517629	1.67791	-0.362748	-1.77636e-15	0.313998	-6.61879	11.5422	0.24372	1.60004	4.98503e-08	0.10317	0.0600688	-2.15608	-0.000320723	0.000287964	-6.32741e-09	
1.71	-0.0162791	-0.378508	-7.35857	12.1681	0.225745	1.70573	0.00785545	1.67151	-1.01938	0.627191	-2.61658	0.526845	1.67866	-0.358892	-0.322223	-0.116825	0.308812	-0.0140667	0.28801	-0.0214577	0.117272	-2.5034	-16.9277	-20.4444	10.252	-12.3382	-29.5639	-8.22545	0.0118642	0.406084	7.36597	-12.194	-0.225389	-1.70831	-0.00804583	1.67472	-1.01828	0.624017	-2.61639	0.523912	1.67875	-0.360105	1.67791	-1.01737	0.620621	-2.6161	0.520847	1.67852	-0.361394	-4.44089e-16	0.339854	-6.65039	11.523	0.24354	1.59996	9.92487e-08	0.0868648	0.0523342	-2.12588	-0.00156613	0.00100514	-7.86872e-09	
1.72	-0.00919868	-0.232299	-7.27182	12.0411	0.230159	1.68888	0.00621172	1.66828	-1.02063	0.630175	-2.61667	0.529665	1.6783	-0.357768	-0.324249	-0.131369	0.290573	-0.00548363	0.27734	-0.0468492	0.108153	-2.02656	-14.5435	-18.239	8.58307	-10.6692	-25.3916	-9.11951	0.00609619	0.267208	7.28783	-12.0721	-0.229363	-1.69288	-0.00649779	1.67151	-1.01938	0.627191	-2.61658	0.526845	1.67866	-0.358892	1.67472	-1.01828	0.624017	-2.61639	0.523912	1.67875	-0.360105	-8.88178e-16	0.367247	-6.68134	11.5038	0.24338	1.59988	1.11513e-07	0.0735605	0.042464	-2.10027	-0.00135736	0.00273796	-1.36474e-08	
1.73	-0.00562982	-0.105063	-7.20748	11.9352	0.23385	1.67565	0.00483848	1.66503	-1.02201	0.632995	-2.61669	0.532389	1.67771	-0.356744	-0.32568	-0.143647	0.275254	0.00143051	0.268459	-0.0680685	0.0977516	-1.43051	-12.2786	-15.3184	6.91414	-8.88109	-21.2193	-10.401	0.00547342	0.131967	7.22025	-11.9559	-0.233032	-1.6783	-0.00511807	1.66828	-1.02063	0.630175	-2.61667	0.529665	1.6783	-0.357768	1.67151	-1.01938	0.627191	-2.61658	0.526845	1.67866	-0.358892	4.44089e-16	0.395933	-6.71174	11.4847	0.243241	1.59981	1.44635e-07	0.0593608	0.0369188	-2.07665	-0.0027876	0.00265372	-1.36091e-08	
1.74	-0.0056299	0.009375	-7.16	11.8427	0.237064	1.66481	0.0036737	1.66176	-1.0235	0.635676	-2.61664	0.535031	1.67693	-0.35583	-0.326753	-0.154138	0.26238	0.00715256	0.260651	-0.0860691	0.0860989	-1.07288	-10.4904	-12.8746	5.72205	-7.80821	-18.0006	-11.6527	0.00428797	0.0142317	7.16736	-11.8543	-0.236021	-1.66592	-0.00396242	1.66503	-1.02201	0.632995	-2.61669	0.532389	1.67771	-0.356744	1.66828	-1.02063	0.630175	-2.61667	0.529665	1.6783	-0.357768	-4.44089e-16	0.425709	-6.74167	11.4657	0.243124	1.59975	1.64213e-07	0.050034	0.031254	-2.05731	-0.00300289	0.00406439	-1.84682e-08	
1.75	-0.00574499	0.109988	-7.12441	11.7567	0.239329	1.65507	0.00276059	1.65849	-1.02509	0.638238	-2.61654	0.537605	1.67598	-0.35504	-0.327826	-0.162959	0.251591	0.0121593	0.254691	-0.101328	0.0730455	-1.07288	-8.82147	-10.7884	5.00679	-5.96046	-15.2588	-13.0534	0.00600444	-0.0953595	7.12623	-11.7658	-0.238782	-1.65577	-0.00292375	1.66176	-1.0235	0.635676	-2.61664	0.535031	1.67693	-0.35583	1.66503	-1.02201	0.632995	-2.61669	0.532389	1.67771	-0.356744	-3.9968e-15	0.456397	-6.77118	11.4467	0.24303	1.59969	9.27809e-08	0.0428429	0.0265679	-2.04036	-0.00342895	0.00531527	-2.19325e-08	
1.76	-0.00756169	0.202361	-7.0997	11.6867	0.241732	1.64782	0.00190638	1.65521	-1.02677	0.640698	-2.61639	0.540121	1.6749	-0.354383	-0.328183	-0.170469	0.242174	0.015974	0.248969	-0.114083	0.059247	-0.357628	-7.51019	-9.41755	3.8147	-5.72206	-12.7554	-13.7985	0.00564742	-0.183618	7.10255	-11.7003	-0.241248	-1.64899	-0.00206531	1.65849	-1.02509	0.638238	-2.61654	0.537605	1.67598	-0.35504	1.66176	-1.0235	0.635676	-2.61664	0.535031	1.67693	-0.35583	2.22045e-15	0.487846	-6.80035	11.4276	0.242958	1.59965	1.91043e-07	0.0370515	0.0227364	-2.02836	-0.00377763	0.00698486	-2.70359e-08	
1.77	-0.00231018	0.283747	-7.07471	11.6264	0.244099	1.64101	0.00108912	1.65193	-1.02851	0.643071	-2.61622	0.542587	1.6737	-0.353869	-0.32866	-0.176907	0.233829	0.0190735	0.244558	-0.124693	0.0448227	-0.476837	-6.4373	-8.34465	3.09944	-4.41074	-10.6096	-14.4243	0.00176596	-0.272136	7.07293	-11.6379	-0.243841	-1.64196	-0.00115642	1.65521	-1.02677	0.640698	-2.61639	0.540121	1.6749	-0.354383	1.65849	-1.02509	0.638238	-2.61654	0.537605	1.67598	-0.35504	4.44089e-16	0.519933	-6.82922	11.4086	0.242912	1.59961	9.62816e-08	0.0298136	0.0189544	-2.01685	-0.0048512	0.00724499	-2.89009e-08	
1.78	-0.00458622	0.364242	-7.06061	11.5618	0.2456	1.63434	0.000505905	1.64864	-1.03031	0.64537	-2.61601	0.545012	1.6724	-0.353509	-0.328898	-0.182509	0.226796	0.0219345	0.240862	-0.133634	0.0289977	-0.238419	-5.60284	-7.03335	2.86102	-3.69549	-8.9407	-15.825	0.00187891	-0.339701	7.06858	-11.5837	-0.24529	-1.6371	-0.000643256	1.65193	-1.02851	0.643071	-2.61622	0.542587	1.6737	-0.353869	1.65521	-1.02677	0.640698	-2.61639	0.540121	1.6749	-0.354383	-3.10862e-15	0.552541	-6.85783	11.3896	0.24289	1.59959	1.27602e-07	0.0239901	0.015335	-2.00803	-0.00438229	0.00809156	-3.07569e-08	
1.79	-0.00504157	0.435326	-7.05316	11.5097	0.247132	1.62936	-2.60529e-05	1.64535	-1.03216	0.647605	-2.61578	0.547401	1.67102	-0.35331	-0.328779	-0.187159	0.220597	0.0240803	0.237465	-0.141025	0.0124872	0.119209	-4.64916	-6.19888	2.14577	-3.39746	-7.39098	-16.5105	0.00159658	-0.417232	7.05417	-11.5294	-0.247224	-1.63143	9.27875e-07	1.64864	-1.03031	0.64537	-2.61601	0.545012	1.6724	-0.353509	1.65193	-1.02851	0.643071	-2.61622	0.542587	1.6737	-0.353869	-1.33227e-15	0.585588	-6.88622	11.3706	0.242894	1.59957	1.51574e-07	0.0192732	0.0121107	-1.99918	-0.00531068	0.00834111	-3.29202e-08	
1.8	-0.00541694	0.491914	-7.05988	11.4701	0.248273	1.62647	-0.000383568	1.64206	-1.03405	0.649787	-2.61553	0.549761	1.66958	-0.353278	-0.328898	-0.190973	0.215888	0.0257492	0.234783	-0.147104	-0.00435114	-0.119209	-3.8147	-4.70877	1.66893	-2.68221	-6.07967	-16.8383	0.00797317	-0.483585	7.05938	-11.4755	-0.247971	-1.62704	0.000306968	1.64535	-1.03216	0.647605	-2.61578	0.547401	1.67102	-0.35331	1.64864	-1.03031	0.64537	-2.61601	0.545012	1.6724	-0.353509	0	0.619007	-6.91442	11.3515	0.242923	1.59957	2.09107e-07	0.0180225	0.0115777	-1.99145	-0.00520181	0.00967286	-3.60617e-08	
1.81	-0.00885377	0.552734	-7.06645	11.4279	0.249184	1.62343	-0.000707773	1.63877	-1.03598	0.65192	-2.61526	0.552096	1.66807	-0.35342	-0.328779	-0.19455	0.211477	0.0271797	0.232458	-0.152588	-0.0225008	0.119209	-3.57628	-4.41074	1.43051	-2.32458	-5.48363	-18.1496	0.00449424	-0.53954	7.06071	-11.4367	-0.24921	-1.62365	0.000698973	1.64206	-1.03405	0.649787	-2.61553	0.549761	1.66958	-0.353278	1.64535	-1.03216	0.647605	-2.61578	0.547401	1.67102	-0.35331	2.66454e-15	0.652728	-6.94245	11.3324	0.242981	1.59958	1.3994e-07	0.0157964	0.010981	-1.9871	-0.00649015	0.00952595	-3.65305e-08	
1.82	-0.0117743	0.612187	-7.07317	11.3819	0.249978	1.61948	-0.000957942	1.63548	-1.03794	0.654011	-2.61499	0.554408	1.66652	-0.353742	-0.32866	-0.197649	0.207543	0.0286102	0.230193	-0.156999	-0.0402033	0.119209	-3.09944	-3.93391	1.43051	-2.26498	-4.41073	-17.7026	0.00404125	-0.589094	7.07324	-11.4079	-0.25028	-1.62228	0.000996321	1.63877	-1.03598	0.65192	-2.61526	0.552096	1.66807	-0.35342	1.64206	-1.03405	0.649787	-2.61553	0.549761	1.66958	-0.353278	8.88178e-16	0.686703	-6.97032	11.3132	0.243066	1.5996	1.05919e-07	0.0137596	0.00838357	-1.98334	-0.00585201	0.010483	-3.88269e-08	
1.83	-0.00385516	0.651069	-7.08533	11.3657	0.251218	1.61935	-0.00128617	1.6322	-1.03993	0.656067	-2.6147	0.556701	1.66493	-0.354244	-0.328422	-0.199914	0.204027	0.0290871	0.228465	-0.161052	-0.0584125	0.238419	-2.26498	-3.51667	0.476837	-1.72853	-4.05312	-18.2092	0.00600534	-0.645007	7.08172	-11.366	-0.250834	-1.61897	0.00120885	1.63548	-1.03794	0.654011	-2.61499	0.554408	1.66652	-0.353742	1.63877	-1.03598	0.65192	-2.61526	0.552096	1.66807	-0.35342	0	0.720884	-6.99806	11.2941	0.243179	1.59964	1.73962e-07	0.00984252	0.00786598	-1.97829	-0.00584826	0.00993997	-3.71249e-08	
1.84	-0.00613963	0.701357	-7.10087	11.3379	0.251996	1.61811	-0.0014889	1.62891	-1.04195	0.65809	-2.6144	0.558978	1.6633	-0.35493	-0.328064	-0.202417	0.200987	0.0295639	0.227034	-0.164151	-0.076741	0.357628	-2.5034	-3.03984	0.476837	-1.43051	-3.09944	-18.3284	0.00671034	-0.693396	7.09665	-11.3355	-0.251612	-1.61721	0.0013962	1.6322	-1.03993	0.656067	-2.6147	0.556701	1.66493	-0.354244	1.63548	-1.03794	0.654011	-2.61499	0.554408	1.66652	-0.353742	-4.44089e-16	0.755249	-7.02568	11.2748	0.243319	1.59968	1.20985e-07	0.00822289	0.00561569	-1.97565	-0.00630834	0.00988781	-3.71214e-08	
1.85	-0.00280728	0.75121	-7.10732	11.2999	0.252754	1.61456	-0.00168734	1.62563	-1.04398	0.660084	-2.6141	0.561241	1.66164	-0.355798	-0.328183	-0.204682	0.197947	0.0305176	0.225544	-0.167251	-0.0950694	-0.119209	-2.26498	-3.03984	0.953674	-1.49012	-3.09944	-18.3284	0.00443019	-0.737094	7.11133	-11.3056	-0.252185	-1.61528	0.0015349	1.62891	-1.04195	0.65809	-2.6144	0.558978	1.6633	-0.35493	1.6322	-1.03993	0.656067	-2.6147	0.556701	1.66493	-0.354244	-8.88178e-16	0.789759	-7.05319	11.2556	0.243487	1.59974	1.19642e-07	0.00717668	0.00512559	-1.97273	-0.00597281	0.00990564	-3.7481e-08	
1.86	-0.00960375	0.791894	-7.13782	11.2683	0.252155	1.61375	-0.0015491	1.62235	-1.04604	0.662053	-2.61379	0.563492	1.65996	-0.356851	-0.327706	-0.206113	0.19604	0.0312328	0.224709	-0.169516	-0.113845	0.476837	-1.43051	-1.90735	0.715256	-0.834465	-2.26498	-18.7755	0.0091778	-0.787609	7.1289	-11.2693	-0.252252	-1.61309	0.00158385	1.62563	-1.04398	0.660084	-2.6141	0.561241	1.66164	-0.355798	1.62891	-1.04195	0.65809	-2.6144	0.558978	1.6633	-0.35493	1.77636e-15	0.824393	-7.08061	11.2362	0.243683	1.59982	7.42488e-08	0.0049814	0.00536741	-1.96956	-0.00646551	0.0094724	-3.706e-08	
1.87	-0.00959855	0.834017	-7.15826	11.2506	0.252929	1.61389	-0.00169687	1.61908	-1.04811	0.663998	-2.61348	0.565731	1.65825	-0.358085	-0.327229	-0.207901	0.193715	0.0312328	0.223458	-0.171781	-0.131726	0.476837	-1.78814	-2.32458	0	-1.2517	-2.26498	-17.8814	0.00533784	-0.825588	7.14782	-11.2542	-0.253081	-1.61323	0.00174499	1.62235	-1.04604	0.662053	-2.61379	0.563492	1.65996	-0.356851	1.62563	-1.04398	0.660084	-2.6141	0.561241	1.66164	-0.355798	8.88178e-16	0.859133	-7.10793	11.2168	0.243905	1.5999	1.81834e-07	0.00604046	0.00536338	-1.96914	-0.0064398	0.0101431	-3.85062e-08	
1.88	-0.00417298	0.872354	-7.17385	11.2278	0.253574	1.61235	-0.00179174	1.61581	-1.05019	0.665921	-2.61317	0.567961	1.65653	-0.359499	-0.326991	-0.209331	0.19145	0.0314713	0.222445	-0.17333	-0.14922	0.238419	-1.43051	-2.26498	0.23842	-1.01328	-1.54972	-17.494	0.00633387	-0.867222	7.16886	-11.225	-0.25308	-1.61175	0.00173001	1.61908	-1.04811	0.663998	-2.61348	0.565731	1.65825	-0.358085	1.62235	-1.04604	0.662053	-2.61379	0.563492	1.65996	-0.356851	-3.10862e-15	0.893963	-7.13515	11.1974	0.244155	1.6	9.18107e-08	0.00274233	0.0029434	-1.96867	-0.00649747	0.00841324	-3.40613e-08	
