0.65	-0.579772	0.22042	-2.23182	3.85037	-0.259894	1.46159	-0.00414196	-1.58918	-0.533057	0.000290796	-1.07056	0.000285649	0.537504	0.28683	0.28491	0.136435	0.0374676	0.248194	0.0370008	-0.111938	2.63813	284.91	136.435	37.4676	248.194	37.0008	-111.938	2638.13	0.125348	-0.262249	0.54561	-4.7152	-0.100504	-1.71266	0.0263034	0	0	0	0	0	0	0	0	0	0	0	0	0	0	5.55112e-17	0.417106	-0.0873912	4.73578	0.0858322	1.52802	5.27254e-07	-0.038237	0.113363	-1.90818	-0.178586	0.155173	-9.44158e-07	
0.66	-0.389102	0.303263	-1.55887	4.08671	-0.132487	1.51991	-0.0101644	-1.58654	-0.531982	0.000519187	-1.06867	0.000510521	0.536682	0.311929	0.246406	0.0821352	0.0105725	0.138283	0.0104333	-0.0560284	2.41253	-38.5046	-54.2998	-26.8951	-109.911	-26.5676	55.9092	-225.603	0.428564	-0.278845	1.69803	-4.0485	0.158863	-1.50906	0.00886644	-1.58918	-0.533057	0.000290796	-1.07056	0.000285649	0.537504	0.28683	0	0	0	0	0	0	0	2.77556e-17	0.412937	-0.0879607	4.72272	0.0847149	1.52433	5.91405e-07	-0.1746	0.312424	-1.73835	-0.106875	0.0847374	-4.43362e-07	
0.67	-0.217533	0.460655	-0.954663	4.18131	-0.0183337	1.56059	-0.0164154	-1.58423	-0.531407	0.000509589	-1.06779	0.000500092	0.53638	0.334942	0.219107	0.0393987	-0.00872364	0.0501871	-0.00910077	-0.0109076	2.21315	-27.2989	-42.7365	-19.2961	-88.0957	-19.534	45.1207	-199.378	0.247803	-0.436141	1.06109	-4.16833	0.0386047	-1.55431	0.0152855	-1.58654	-0.531982	0.000519187	-1.06867	0.000510521	0.536682	0.311929	-1.58918	-0.533057	0.000290796	-1.07056	0.000285649	0.537504	0.28683	-2.77556e-17	0.410545	-0.0869334	4.71586	0.0837989	1.5209	5.9441e-07	-0.131692	0.184585	-1.79111	-0.111138	0.0908674	-4.85354e-07	
0.68	-0.0802915	0.679549	-0.472244	4.14798	0.071826	1.58351	-0.0223143	-1.58214	-0.531203	0.000351819	-1.06769	0.000344745	0.536482	0.356061	0.202894	0.00596046	-0.0200627	-0.0208616	-0.0198675	0.0269413	2.03153	-16.2125	-33.4382	-11.3391	-71.0487	-10.7668	37.8489	-181.615	0.104919	-0.630615	0.558595	-4.16296	-0.0556259	-1.58013	0.0211748	-1.58423	-0.531407	0.000509589	-1.06779	0.000500092	0.53638	0.334942	-1.58654	-0.531982	0.000519187	-1.06867	0.000510521	0.536682	0.311929	0	0.409237	-0.0849574	4.71386	0.0830494	1.51772	4.99536e-07	-0.109809	0.07891	-1.81464	-0.111209	0.0940696	-5.12428e-07	
0.69	0.0268557	0.900491	-0.0964359	4.05611	0.141511	1.59488	-0.0274759	-1.58016	-0.531305	0.000121183	-1.06826	0.000116519	0.536949	0.375441	0.195503	-0.0231266	-0.0246529	-0.0864267	-0.0244482	0.0631809	1.86339	-7.39098	-29.0871	-4.59018	-65.5651	-4.5807	36.2396	-168.145	-0.00726076	-0.857935	0.165156	-4.07622	-0.128844	-1.59323	0.026512	-1.58214	-0.531203	0.000351819	-1.06769	0.000344745	0.536482	0.356061	-1.58423	-0.531407	0.000509589	-1.06779	0.000500092	0.53638	0.334942	2.77556e-17	0.408454	-0.0825713	4.71626	0.0824429	1.51477	4.84062e-07	-0.100446	-0.00716267	-1.81837	-0.112141	0.0957138	-5.3741e-07	
0.7	0.109431	1.13685	0.19213	3.92505	0.194422	1.59887	-0.0320001	-1.57821	-0.531692	-0.000124844	-1.06948	-0.00012749	0.53779	0.3932	0.19443	-0.0513196	-0.0237806	-0.152946	-0.0240245	0.101626	1.70571	-1.07288	-28.193	0.872336	-66.5188	0.423772	38.445	-157.684	-0.095029	-1.0852	-0.141951	-3.95589	-0.185299	-1.59868	0.0311327	-1.58016	-0.531305	0.000121183	-1.06826	0.000116519	0.536949	0.375441	-1.58214	-0.531203	0.000351819	-1.06769	0.000344745	0.536482	0.356061	0	0.407774	-0.0801878	4.72312	0.0819678	1.51205	4.49756e-07	-0.0990867	-0.0773892	-1.8108	-0.112909	0.0971495	-5.53152e-07	
0.71	0.175148	1.34263	0.421758	3.79468	0.235446	1.59758	-0.0356998	-1.57625	-0.532362	-0.000342565	-1.0714	-0.000341443	0.539037	0.409433	0.19896	-0.0799894	-0.0194968	-0.224113	-0.0189873	0.144243	1.5569	4.52995	-28.6698	4.28379	-71.1679	5.03715	42.6173	-148.803	-0.161966	-1.30214	-0.375737	-3.82165	-0.227219	-1.59834	0.0349802	-1.57821	-0.531692	-0.000124844	-1.06948	-0.00012749	0.53779	0.3932	-1.58016	-0.531305	0.000121183	-1.06826	0.000116519	0.536949	0.375441	2.77556e-17	0.406833	-0.0781235	4.7348	0.0816206	1.50955	3.97369e-07	-0.100381	-0.132967	-1.79656	-0.113595	0.0988925	-5.63623e-07	
0.72	0.224268	1.53355	0.592356	3.67164	0.265432	1.5941	-0.0386958	-1.57422	-0.533328	-0.000494838	-1.07406	-0.000491669	0.540734	0.424216	0.206828	-0.110328	-0.011681	-0.301719	-0.0114965	0.191212	1.41478	7.86781	-30.3388	7.81578	-77.6053	7.49077	46.9684	-142.127	-0.215154	-1.51244	-0.560534	-3.68659	-0.259885	-1.59486	0.0382382	-1.57625	-0.532362	-0.000342565	-1.0714	-0.000341443	0.539037	0.409433	-1.57821	-0.531692	-0.000124844	-1.06948	-0.00012749	0.53779	0.3932	5.55112e-17	0.40536	-0.0766466	4.75178	0.0813954	1.50725	3.47087e-07	-0.104629	-0.179219	-1.77538	-0.114535	0.10146	-5.68122e-07	
0.73	0.260116	1.71116	0.716171	3.56033	0.286237	1.58875	-0.0410201	-1.57209	-0.534607	-0.000557119	-1.07754	-0.000552598	0.542927	0.437613	0.217557	-0.142336	-0.00147847	-0.385404	-0.00127678	0.242949	1.27885	10.7288	-32.0077	10.2025	-83.6849	10.2198	51.7368	-135.928	-0.254974	-1.68633	-0.698404	-3.57605	-0.283412	-1.58995	0.0406967	-1.57422	-0.533328	-0.000494838	-1.07406	-0.000491669	0.540734	0.424216	-1.57625	-0.532362	-0.000342565	-1.0714	-0.000341443	0.539037	0.409433	2.77556e-17	0.403085	-0.0759402	4.77459	0.0812926	1.50516	4.03428e-07	-0.110829	-0.216137	-1.76246	-0.111624	0.0986602	-5.57282e-07	
0.74	0.289653	1.88549	0.817308	3.46061	0.302689	1.58275	-0.0429305	-1.56985	-0.536213	-0.000510592	-1.08187	-0.000504972	0.545659	0.449677	0.230432	-0.175834	0.00995555	-0.474334	0.00975834	0.298679	1.14787	12.8746	-33.4978	11.434	-88.9301	11.0351	55.7304	-130.981	-0.281879	-1.85502	-0.790418	-3.47741	-0.298227	-1.58412	0.0425661	-1.57209	-0.534607	-0.000557119	-1.07754	-0.000552598	0.542927	0.437613	-1.57422	-0.533328	-0.000494838	-1.07406	-0.000491669	0.540734	0.424216	0	0.39981	-0.0761504	4.80366	0.0813119	1.50327	3.28123e-07	-0.115692	-0.241657	-1.74251	-0.112737	0.101443	-5.55192e-07	
0.75	0.309488	2.01919	0.88468	3.39625	0.312496	1.57667	-0.0440947	-1.56747	-0.53816	-0.000340844	-1.08713	-0.000336927	0.548968	0.460457	0.244617	-0.210166	0.0227439	-0.568032	0.0225349	0.357687	1.02115	14.1859	-34.3323	12.7883	-93.6985	12.7766	59.0086	-126.719	-0.306399	-1.98688	-0.874399	-3.41077	-0.311135	-1.57785	0.0438693	-1.56985	-0.536213	-0.000510592	-1.08187	-0.000504972	0.545659	0.449677	-1.57209	-0.534607	-0.000557119	-1.07754	-0.000552598	0.542927	0.437613	2.77556e-17	0.3953	-0.0773943	4.83943	0.0814511	1.50157	3.11357e-07	-0.118391	-0.264772	-1.72971	-0.111464	0.100343	-5.4503e-07	
0.76	0.32595	2.15432	0.939844	3.34537	0.319783	1.57079	-0.0449518	-1.56494	-0.540452	-4.07529e-05	-1.09334	-4.1196e-05	0.552883	0.469997	0.259876	-0.244856	0.0358139	-0.664234	0.0357289	0.419199	0.899285	15.2588	-34.6899	13.07	-96.2018	13.194	61.512	-121.862	-0.321078	-2.1269	-0.923071	-3.35469	-0.317558	-1.57186	0.0447684	-1.56747	-0.53816	-0.000340844	-1.08713	-0.000336927	0.548968	0.460457	-1.56985	-0.536213	-0.000510592	-1.08187	-0.000504972	0.545659	0.449677	-8.32667e-17	0.389348	-0.0797432	4.88218	0.0817102	1.50007	3.17382e-07	-0.124275	-0.281477	-1.71835	-0.10957	0.0986463	-5.27134e-07	
0.77	0.331714	2.2829	0.956827	3.31267	0.320379	1.565	-0.0453231	-1.56225	-0.543089	0.000397393	-1.10051	0.000386829	0.557423	0.478341	0.275612	-0.279129	0.0502364	-0.761509	0.0488222	0.48244	0.781566	15.7356	-34.2727	14.4225	-97.2748	13.0932	63.2405	-117.719	-0.331732	-2.25974	-0.957595	-3.31635	-0.320953	-1.56602	0.0453002	-1.56494	-0.540452	-4.07529e-05	-1.09334	-4.1196e-05	0.552883	0.469997	-1.56747	-0.53816	-0.000340844	-1.08713	-0.000336927	0.548968	0.460457	-5.55112e-17	0.381743	-0.0832779	4.9321	0.0820854	1.49874	2.55793e-07	-0.12853	-0.29367	-1.70808	-0.107826	0.0978771	-5.08757e-07	
0.78	0.339752	2.37682	0.982031	3.31295	0.322113	1.55955	-0.0453031	-1.55941	-0.546064	0.000973243	-1.10866	0.000945378	0.5626	0.485528	0.291705	-0.31215	0.0637411	-0.858784	0.0617912	0.546575	0.66784	16.0933	-33.021	13.5046	-97.2748	12.969	64.1346	-113.726	-0.339143	-2.36962	-0.980409	-3.30651	-0.322364	-1.56089	0.0454155	-1.56225	-0.543089	0.000397393	-1.10051	0.000386829	0.557423	0.478341	-1.56494	-0.540452	-4.07529e-05	-1.09334	-4.1196e-05	0.552883	0.469997	0	0.372237	-0.0880251	4.98931	0.0825746	1.4976	2.65685e-07	-0.13128	-0.302181	-1.7015	-0.106415	0.0958366	-4.91538e-07	
0.79	0.340326	2.48389	0.980573	3.32154	0.31899	1.55504	-0.0450497	-1.5564	-0.549361	0.00168598	-1.11778	0.00163412	0.568417	0.491603	0.308275	-0.343621	0.07761	-0.954151	0.0747036	0.610471	0.558436	16.5701	-31.4712	13.869	-95.3674	12.9124	63.8962	-109.404	-0.342402	-2.46535	-0.988503	-3.31756	-0.32095	-1.5561	0.04518	-1.55941	-0.546064	0.000973243	-1.10866	0.000945378	0.5626	0.485528	-1.56225	-0.543089	0.000397393	-1.10051	0.000386829	0.557423	0.478341	0	0.360597	-0.0940152	5.05378	0.0831767	1.49664	2.48997e-07	-0.133527	-0.307133	-1.69445	-0.104052	0.0956729	-4.6789e-07	
0.8	0.341277	2.59504	0.979967	3.34131	0.316008	1.55115	-0.0446839	-1.55322	-0.55296	0.00253344	-1.12783	0.00244609	0.574872	0.496604	0.324607	-0.372887	0.0907788	-1.04642	0.0868102	0.673711	0.453353	16.3316	-29.2659	13.1688	-92.268	12.1066	63.2405	-105.083	-0.342839	-2.56503	-0.986176	-3.33941	-0.317788	-1.55153	0.0447497	-1.5564	-0.549361	0.00168598	-1.11778	0.00163412	0.568417	0.491603	-1.55941	-0.546064	0.000973243	-1.10866	0.000945378	0.5626	0.485528	5.55112e-17	0.346567	-0.101268	5.12544	0.0838856	1.49584	2.45689e-07	-0.136716	-0.309924	-1.6924	-0.100203	0.0942066	-4.41576e-07	
0.81	0.339797	2.67499	0.970609	3.38603	0.311639	1.54664	-0.0439476	-1.54989	-0.556833	0.00351139	-1.13878	0.00337486	0.581952	0.500579	0.340939	-0.398874	0.103515	-1.13428	0.0980215	0.735819	0.352979	16.3317	-25.9876	12.7358	-87.8572	11.2113	62.108	-100.374	-0.340073	-2.65869	-0.972433	-3.37649	-0.312532	-1.54752	0.0441003	-1.55322	-0.55296	0.00253344	-1.12783	0.00244609	0.574872	0.496604	-1.5564	-0.549361	0.00168598	-1.11778	0.00163412	0.568417	0.491603	0	0.329871	-0.109791	5.2041	0.0846972	1.4952	2.76203e-07	-0.139329	-0.309608	-1.68997	-0.0984787	0.0924884	-4.19283e-07	
0.82	0.335592	2.75039	0.951466	3.44596	0.305571	1.54296	-0.0430175	-1.54639	-0.560952	0.0046135	-1.15059	0.00441331	0.589646	0.503576	0.357151	-0.421941	0.115743	-1.21772	0.108588	0.796378	0.257075	16.2125	-23.067	12.2283	-83.4465	10.5666	60.5583	-95.9038	-0.33797	-2.71119	-0.960682	-3.44595	-0.30774	-1.54365	0.0430851	-1.54989	-0.556833	0.00351139	-1.13878	0.00337486	0.581952	0.500579	-1.55322	-0.55296	0.00253344	-1.12783	0.00244609	0.574872	0.496604	0	0.310244	-0.119578	5.28956	0.0856083	1.49473	1.8252e-07	-0.139077	-0.307842	-1.69238	-0.0945265	0.0896334	-3.93422e-07	
0.83	0.33112	2.81222	0.930737	3.52047	0.299508	1.53934	-0.0419503	-1.54273	-0.565281	0.00583421	-1.1632	0.0055503	0.597932	0.505642	0.372887	-0.441313	0.127252	-1.29533	0.117922	0.854611	0.166655	15.7356	-19.3715	11.5088	-77.6051	9.33371	58.2337	-90.4203	-0.332115	-2.80872	-0.935195	-3.50089	-0.300843	-1.5402	0.0422263	-1.54639	-0.560952	0.0046135	-1.15059	0.00441331	0.589646	0.503576	-1.54989	-0.556833	0.00351139	-1.13878	0.00337486	0.581952	0.500579	5.55112e-17	0.287399	-0.130624	5.38152	0.0866113	1.49439	2.05751e-07	-0.142306	-0.305098	-1.69116	-0.0923106	0.0882822	-3.69201e-07	
0.84	0.32283	2.86769	0.896636	3.60571	0.291227	1.53561	-0.0407023	-1.53891	-0.569784	0.00716588	-1.17655	0.00677825	0.60679	0.506834	0.388145	-0.457048	0.138375	-1.36697	0.126723	0.910819	0.0813007	15.2588	-15.7356	11.1228	-71.6448	8.80147	56.2072	-85.3538	-0.327748	-2.85065	-0.914518	-3.59063	-0.294774	-1.53611	0.040966	-1.54273	-0.565281	0.00583421	-1.1632	0.0055503	0.597932	0.505642	-1.54639	-0.560952	0.0046135	-1.15059	0.00441331	0.589646	0.503576	5.55112e-17	0.261082	-0.142907	5.47968	0.0877034	1.4942	1.27817e-07	-0.14218	-0.301052	-1.69301	-0.0889534	0.086375	-3.4415e-07	
0.85	0.320089	2.91238	0.880636	3.70159	0.286216	1.53191	-0.0394706	-1.53494	-0.574424	0.00860073	-1.19059	0.0080854	0.616195	0.507207	0.403523	-0.46891	0.147805	-1.43218	0.133908	0.964403	0.00208616	15.378	-11.8613	9.43011	-65.2075	7.18515	53.5846	-79.2146	-0.317869	-2.90713	-0.874544	-3.68085	-0.285742	-1.53269	0.0396858	-1.53891	-0.569784	0.00716588	-1.17655	0.00677825	0.60679	0.506834	-1.54273	-0.565281	0.00583421	-1.1632	0.0055503	0.597932	0.505642	0	0.231002	-0.156399	5.5837	0.0888781	1.49414	1.00656e-07	-0.144675	-0.294583	-1.6969	-0.0844168	0.0831724	-3.16005e-07	
0.86	0.310223	2.96002	0.840135	3.80292	0.277383	1.52859	-0.0381176	-1.53083	-0.579162	0.0101315	-1.20524	0.00946208	0.626122	0.506822	0.418305	-0.477254	0.157333	-1.49131	0.140392	1.0156	-0.0711083	14.782	-8.34465	9.52835	-59.1278	6.48387	51.2004	-73.1945	-0.310429	-2.95161	-0.842265	-3.78174	-0.278266	-1.52922	0.03837	-1.53494	-0.574424	0.00860073	-1.19059	0.0080854	0.616195	0.507207	-1.53891	-0.569784	0.00716588	-1.17655	0.00677825	0.60679	0.506834	-5.55112e-17	0.196921	-0.17107	5.69321	0.0901299	1.49421	1.12683e-07	-0.147109	-0.28973	-1.70334	-0.0786416	0.078197	-2.85441e-07	
0.87	0.30237	2.98372	0.805809	3.91918	0.269704	1.52491	-0.036653	-1.52657	-0.583959	0.01175	-1.22045	0.0108984	0.636547	0.505741	0.43261	-0.481605	0.165723	-1.544	0.146042	1.06424	-0.137389	14.3051	-4.35114	8.39028	-52.6905	5.6494	48.6374	-66.2804	-0.307007	-2.97168	-0.822909	-3.89775	-0.272746	-1.52523	0.0369426	-1.53083	-0.579162	0.0101315	-1.20524	0.00946208	0.626122	0.506822	-1.53494	-0.574424	0.00860073	-1.19059	0.0080854	0.616195	0.507207	0	0.158582	-0.186877	5.80786	0.0914546	1.49438	1.17777e-07	-0.148358	-0.286888	-1.71069	-0.0720232	0.0726867	-2.54097e-07	
0.88	0.294138	2.97659	0.76906	4.0521	0.262147	1.52053	-0.0350151	-1.52216	-0.588779	0.0134495	-1.23614	0.0123828	0.647445	0.504031	0.446439	-0.481904	0.173432	-1.59025	0.150277	1.11032	-0.196934	13.8283	-0.298023	7.70856	-46.2532	4.23566	46.0744	-59.545	-0.297851	-2.98116	-0.783291	-4.02346	-0.26472	-1.52142	0.0353954	-1.52657	-0.583959	0.01175	-1.22045	0.0108984	0.636547	0.505741	-1.53083	-0.579162	0.0101315	-1.20524	0.00946208	0.626122	0.506822	-1.11022e-16	0.115755	-0.203777	5.92728	0.0928439	1.49465	3.45779e-08	-0.14729	-0.278493	-1.70998	-0.0683732	0.0735295	-2.30681e-07	
0.89	0.284397	2.98057	0.7273	4.18169	0.253711	1.51636	-0.0334546	-1.51763	-0.593584	0.0152214	-1.25227	0.013908	0.658789	0.501766	0.459909	-0.478864	0.180353	-1.63031	0.154196	1.15383	-0.249684	13.4706	3.03984	6.92159	-40.0543	3.91901	43.5114	-52.7501	-0.288517	-2.9713	-0.742509	-4.15986	-0.256522	-1.51722	0.0337516	-1.52216	-0.588779	0.0134495	-1.23614	0.0123828	0.647445	0.504031	-1.52657	-0.583959	0.01175	-1.22045	0.0108984	0.636547	0.505741	-5.55112e-17	0.0682293	-0.221712	6.0511	0.094296	1.49501	6.87698e-08	-0.146672	-0.27059	-1.71902	-0.0628282	0.0680888	-2.03277e-07	
0.9	0.276166	2.96196	0.689334	4.32376	0.246392	1.51184	-0.0318164	-1.51296	-0.598339	0.0170577	-1.26877	0.0154615	0.670557	0.499012	0.472784	-0.472307	0.186441	-1.66464	0.156754	1.19519	-0.295132	12.8746	6.55651	6.08805	-34.3323	2.55741	41.3656	-45.4486	-0.279637	-2.95693	-0.702537	-4.30049	-0.248824	-1.51286	0.032113	-1.51763	-0.593584	0.0152214	-1.25227	0.013908	0.658789	0.501766	-1.52216	-0.588779	0.0134495	-1.23614	0.0123828	0.647445	0.504031	-5.55112e-17	0.0158073	-0.240612	6.17898	0.0958029	1.49545	4.80974e-08	-0.146439	-0.26294	-1.72401	-0.0575373	0.0648968	-1.77919e-07	
0.91	0.267154	2.92887	0.647837	4.4765	0.238978	1.50789	-0.0301401	-1.50816	-0.603012	0.0189524	-1.28558	0.0170363	0.682725	0.495845	0.485182	-0.462651	0.19191	-1.69384	0.158144	1.23423	-0.333279	12.3978	9.65595	5.46873	-29.2063	1.39046	39.041	-38.1469	-0.269413	-2.93594	-0.657607	-4.44456	-0.240691	-1.50845	0.0304855	-1.51296	-0.598339	0.0170577	-1.26877	0.0154615	0.670557	0.499012	-1.51763	-0.593584	0.0152214	-1.25227	0.013908	0.658789	0.501766	5.55112e-17	-0.0416778	-0.260421	6.31055	0.09736	1.49596	3.43403e-08	-0.14998	-0.256751	-1.73447	-0.049758	0.0564248	-1.44024e-07	
0.92	0.258042	2.87636	0.60505	4.63512	0.231602	1.50294	-0.0284085	-1.50324	-0.607569	0.020898	-1.30265	0.0186231	0.695272	0.49234	0.497341	-0.449479	0.196591	-1.71709	0.158796	1.27095	-0.363827	12.1593	13.1726	4.68083	-23.2458	0.651926	36.7163	-30.5474	-0.259184	-2.90597	-0.612135	-4.59352	-0.232731	-1.50409	0.0288696	-1.50816	-0.603012	0.0189524	-1.28558	0.0170363	0.682725	0.495845	-1.51296	-0.598339	0.0170577	-1.26877	0.0154615	0.670557	0.499012	1.11022e-16	-0.104395	-0.28106	6.44549	0.0989615	1.49652	1.10904e-07	-0.149696	-0.24851	-1.73826	-0.044431	0.0540653	-1.18858e-07	
0.93	0.245685	2.8186	0.551722	4.79974	0.222835	1.49882	-0.0266614	-1.4982	-0.61198	0.0228867	-1.31993	0.020214	0.708174	0.488569	0.509262	-0.433743	0.200801	-1.73593	0.158921	1.30576	-0.386476	11.921	15.7356	4.20958	-18.8351	0.124797	34.8091	-22.6498	-0.252447	-2.83838	-0.575952	-4.76091	-0.226521	-1.49941	0.027129	-1.50324	-0.607569	0.020898	-1.30265	0.0186231	0.695272	0.49234	-1.50816	-0.603012	0.0189524	-1.28558	0.0170363	0.682725	0.495845	5.55112e-17	-0.172466	-0.302442	6.58346	0.100603	1.49712	1.56392e-07	-0.148822	-0.242394	-1.74785	-0.0370815	0.0474075	-9.3206e-08	
0.94	0.237857	2.75291	0.511723	4.96499	0.216392	1.49418	-0.0250175	-1.49305	-0.616217	0.0249122	-1.33737	0.0218009	0.721414	0.484611	0.52011	-0.415146	0.20401	-1.74963	0.158271	1.3386	-0.402302	10.848	18.5966	3.20934	-13.7091	-0.650063	32.8422	-15.825	-0.237273	-2.77623	-0.513679	-4.92719	-0.216661	-1.49518	0.0253669	-1.4982	-0.61198	0.0228867	-1.31993	0.020214	0.708174	0.488569	-1.50324	-0.607569	0.020898	-1.30265	0.0186231	0.695272	0.49234	0	-0.246012	-0.324482	6.72415	0.102278	1.49775	-1.31029e-08	-0.14685	-0.230461	-1.75156	-0.0327223	0.0458366	-7.28733e-08	
0.95	0.229402	2.67119	0.46868	5.13761	0.209906	1.48976	-0.0233635	-1.48779	-0.620254	0.0269672	-1.35492	0.023375	0.734971	0.480536	0.531077	-0.393927	0.206506	-1.75893	0.156613	1.36942	-0.410646	10.9673	21.2193	2.49594	-9.29832	-1.65774	30.8156	-8.34465	-0.229047	-2.6959	-0.471567	-5.09819	-0.210305	-1.49043	0.0237038	-1.49305	-0.616217	0.0249122	-1.33737	0.0218009	0.721414	0.484611	-1.4982	-0.61198	0.0228867	-1.31993	0.020214	0.708174	0.488569	-1.11022e-16	-0.325141	-0.347078	6.86726	0.10398	1.4984	1.048e-08	-0.144216	-0.222455	-1.75519	-0.0276601	0.0437584	-5.33889e-08	
0.96	0.220494	2.57891	0.423495	5.31403	0.203445	1.48539	-0.021729	-1.48242	-0.624066	0.029046	-1.37254	0.0249302	0.748828	0.476419	0.541449	-0.370324	0.208443	-1.76406	0.154311	1.39856	-0.411659	10.3712	23.6034	1.93715	-5.126	-2.30223	29.1467	-1.01328	-0.217058	-2.59889	-0.417336	-5.28028	-0.202413	-1.48651	0.0219586	-1.48779	-0.620254	0.0269672	-1.35492	0.023375	0.734971	0.480536	-1.49305	-0.616217	0.0249122	-1.33737	0.0218009	0.721414	0.484611	1.11022e-16	-0.409929	-0.370141	7.0125	0.105704	1.49905	7.63933e-09	-0.14425	-0.2144	-1.76508	-0.0201551	0.0373674	-2.59591e-08	
0.97	0.206743	2.47889	0.363811	5.49274	0.195159	1.48103	-0.0200609	-1.47695	-0.627629	0.0311409	-1.39019	0.0264605	0.762967	0.472328	0.551581	-0.344515	0.210144	-1.76525	0.151515	1.42616	-0.406086	10.1328	25.8088	1.7006	-1.19209	-2.79583	27.597	5.57303	-0.208558	-2.48811	-0.372543	-5.4641	-0.1963	-1.48206	0.0202914	-1.48242	-0.624066	0.029046	-1.37254	0.0249302	0.748828	0.476419	-1.48779	-0.620254	0.0269672	-1.35492	0.023375	0.734971	0.480536	-5.55112e-17	-0.500428	-0.393557	7.15957	0.107446	1.4997	-1.1608e-07	-0.141555	-0.206369	-1.77235	-0.0154066	0.0322709	-6.77291e-09	
0.98	0.197598	2.35939	0.316576	5.68099	0.188983	1.47747	-0.0184642	-1.47138	-0.630922	0.0332459	-1.40784	0.0279587	0.777372	0.468335	0.561476	-0.31662	0.210699	-1.76299	0.148095	1.45191	-0.393212	9.89437	27.895	0.555068	2.26498	-3.41982	25.7492	12.8746	-0.201365	-2.37562	-0.331247	-5.64909	-0.190848	-1.47844	0.0187412	-1.47695	-0.627629	0.0311409	-1.39019	0.0264605	0.762967	0.472328	-1.48242	-0.624066	0.029046	-1.37254	0.0249302	0.748828	0.476419	0	-0.596712	-0.417217	7.30822	0.109198	1.50033	-4.85264e-08	-0.137057	-0.199147	-1.77753	-0.0107859	0.0300781	8.87631e-09	
0.99	0.185662	2.22249	0.260585	5.87555	0.181928	1.47385	-0.0168102	-1.46571	-0.633925	0.0353551	-1.42544	0.0294193	0.792027	0.464501	0.570893	-0.286698	0.210922	-1.75726	0.144146	1.47629	-0.374705	9.41753	29.9215	0.223517	5.72205	-3.94881	24.3783	18.5072	-0.187698	-2.25887	-0.271282	-5.83193	-0.183197	-1.47458	0.0171917	-1.47138	-0.630922	0.0332459	-1.40784	0.0279587	0.777372	0.468335	-1.47695	-0.627629	0.0311409	-1.39019	0.0264605	0.762967	0.472328	1.11022e-16	-0.698793	-0.441014	7.45817	0.110955	1.50094	-2.31823e-08	-0.137183	-0.190169	-1.78503	-0.00539787	0.0245717	3.0092e-08	
1	0.176507	2.086	0.212675	6.06817	0.176177	1.47079	-0.0153164	-1.45995	-0.63662	0.0374607	-1.44296	0.0308356	0.806917	0.460887	0.580192	-0.255167	0.210118	-1.74832	0.139801	1.49918	-0.349998	9.29832	31.5309	-0.804663	8.9407	-4.34555	22.8882	24.7061	-0.17632	-2.11893	-0.216907	-6.02727	-0.176668	-1.47149	0.0156237	-1.46571	-0.633925	0.0353551	-1.42544	0.0294193	0.792027	0.464501	-1.47138	-0.630922	0.0332459	-1.40784	0.0279587	0.777372	0.468335	0	-0.8067	-0.464817	7.60917	0.112711	1.50151	1.74381e-08	-0.132575	-0.180905	-1.78989	-0.000792246	0.0233698	4.39446e-08	
1.01	0.165086	1.93112	0.15748	6.26714	0.170157	1.46781	-0.0137989	-1.4541	-0.638988	0.0395568	-1.46038	0.0322024	0.822027	0.457552	0.589132	-0.221848	0.209011	-1.73628	0.134286	1.52069	-0.31963	8.9407	33.319	-1.10641	12.0401	-5.51529	21.5173	30.3686	-0.16641	-1.95599	-0.165494	-6.22865	-0.170975	-1.46793	0.0140424	-1.45995	-0.63662	0.0374607	-1.44296	0.0308356	0.806917	0.460887	-1.46571	-0.633925	0.0353551	-1.42544	0.0294193	0.792027	0.464501	0	-0.920436	-0.488511	7.76097	0.114459	1.50203	-4.2843e-08	-0.130535	-0.173417	-1.79957	0.00454418	0.0169402	6.26627e-08	
1.02	0.154245	1.76295	0.103638	6.46915	0.164504	1.4652	-0.0123417	-1.44816	-0.641015	0.0416371	-1.47766	0.0335147	0.837344	0.454548	0.597715	-0.186861	0.207189	-1.72114	0.128541	1.54042	-0.284016	8.58307	34.9879	-1.82167	15.1396	-5.7444	19.7291	35.6137	-0.158959	-1.80072	-0.121439	-6.42646	-0.166485	-1.46561	0.0126802	-1.4541	-0.638988	0.0395568	-1.46038	0.0322024	0.822027	0.457552	-1.45995	-0.63662	0.0374607	-1.44296	0.0308356	0.806917	0.460887	1.11022e-16	-1.04	-0.511973	7.91333	0.116195	1.5025	-1.56385e-08	-0.126209	-0.166561	-1.80637	0.00854532	0.0141346	7.42349e-08	
1.03	0.141927	1.59174	0.0465978	6.67074	0.158495	1.46284	-0.010926	-1.44213	-0.642686	0.0436945	-1.49478	0.0347671	0.852853	0.451923	0.606418	-0.150681	0.2046	-1.7035	0.122651	1.55932	-0.244379	8.70228	36.18	-2.58908	17.643	-5.88969	18.8947	39.6371	-0.147217	-1.6308	-0.0655552	-6.62621	-0.160754	-1.46295	0.0112767	-1.44816	-0.641015	0.0416371	-1.47766	0.0335147	0.837344	0.454548	-1.4541	-0.638988	0.0395568	-1.46038	0.0322024	0.822027	0.457552	0	-1.16538	-0.535075	8.06602	0.117912	1.50292	-4.78432e-08	-0.123126	-0.157802	-1.81198	0.0123155	0.0117858	8.70416e-08	
1.04	0.133448	1.40546	-0.00101119	6.87827	0.154342	1.46159	-0.00964376	-1.43602	-0.643987	0.0457213	-1.51171	0.0359535	0.86854	0.449721	0.614762	-0.113189	0.201154	-1.68335	0.115842	1.5763	-0.199705	8.34465	37.4913	-3.44589	20.1464	-6.80983	16.9873	44.6737	-0.137612	-1.43484	-0.0142115	-6.84004	-0.155972	-1.46152	0.00986421	-1.44213	-0.642686	0.0436945	-1.49478	0.0347671	0.852853	0.451923	-1.44816	-0.641015	0.0416371	-1.47766	0.0335147	0.837344	0.454548	1.11022e-16	-1.29654	-0.557676	8.21881	0.119604	1.50326	4.48481e-08	-0.117058	-0.149822	-1.82079	0.0155408	0.00856682	9.61954e-08	
1.05	0.125877	1.20479	-0.046602	7.0876	0.150723	1.46005	-0.00838036	-1.42983	-0.644907	0.0477114	-1.52842	0.0370719	0.884393	0.447979	0.622869	-0.0743866	0.196971	-1.66059	0.108544	1.59216	-0.152349	8.10623	38.8026	-4.1835	22.769	-7.29784	15.8548	47.3559	-0.122503	-1.25828	0.0488512	-7.03682	-0.149924	-1.45966	0.00863096	-1.43602	-0.643987	0.0457213	-1.51171	0.0359535	0.86854	0.449721	-1.44213	-0.642686	0.0436945	-1.49478	0.0347671	0.852853	0.451923	-1.11022e-16	-1.43345	-0.57966	8.37146	0.121269	1.50354	4.28617e-08	-0.113087	-0.139383	-1.82633	0.0171276	0.00643517	1.03239e-07	
1.06	0.112034	1.00799	-0.106542	7.29078	0.145548	1.45852	-0.00716731	-1.42356	-0.645434	0.049658	-1.54488	0.0381159	0.900398	0.446731	0.631094	-0.0346899	0.192441	-1.63543	0.100676	1.607	-0.101745	8.22538	39.6967	-4.52995	25.1532	-7.86781	14.8416	50.6044	-0.115888	-1.04082	0.0924762	-7.25382	-0.146851	-1.45881	0.00737195	-1.42983	-0.644907	0.0477114	-1.52842	0.0370719	0.884393	0.447979	-1.43602	-0.643987	0.0457213	-1.51171	0.0359535	0.86854	0.449721	0	-1.57606	-0.600895	8.52378	0.122897	1.50373	-1.65554e-08	-0.106817	-0.132686	-1.83478	0.0199825	0.00356102	1.12626e-07	
1.07	0.101103	0.803177	-0.15841	7.49914	0.141497	1.45871	-0.00609472	-1.4172	-0.645558	0.0515527	-1.56109	0.0390805	0.916542	0.446006	0.639081	0.00566244	0.186913	-1.60861	0.0927932	1.62023	-0.0480711	7.98702	40.3523	-5.52833	26.8221	-7.88271	13.2322	53.674	-0.105346	-0.835802	0.143683	-7.45916	-0.142743	-1.45801	0.00625725	-1.42356	-0.645434	0.049658	-1.54488	0.0381159	0.900398	0.446731	-1.42983	-0.644907	0.0477114	-1.52842	0.0370719	0.884393	0.447979	0	-1.72431	-0.621242	8.67554	0.124486	1.50385	2.94305e-09	-0.103951	-0.125448	-1.84262	0.0229267	0.00076284	1.20489e-07	
1.08	0.0875886	0.578163	-0.216414	7.70737	0.137057	1.45767	-0.00495679	-1.41077	-0.645272	0.0533874	-1.57702	0.0399622	0.932812	0.445828	0.647187	0.0473261	0.180829	-1.57905	0.0841431	1.63227	0.00745058	8.10623	41.6636	-6.0834	29.5639	-8.65012	12.0401	55.5217	-0.0949482	-0.604438	0.195382	-7.67599	-0.139212	-1.45799	0.00511501	-1.4172	-0.645558	0.0515527	-1.56109	0.0390805	0.916542	0.446006	-1.42356	-0.645434	0.049658	-1.54488	0.0381159	0.900398	0.446731	0	-1.87815	-0.640567	8.82655	0.126031	1.50388	2.65113e-09	-0.0960365	-0.116535	-1.85012	0.0239112	0.000184565	1.2097e-07	
1.09	0.0839541	0.332649	-0.25123	7.92333	0.135618	1.45742	-0.00392774	-1.40425	-0.644566	0.0551549	-1.59264	0.0407564	0.949195	0.446213	0.655055	0.089705	0.173304	-1.54781	0.0753403	1.643	0.064373	7.86781	42.3789	-7.52509	31.2328	-8.80285	10.7288	56.9224	-0.0815755	-0.390028	0.250888	-7.87827	-0.134983	-1.45793	0.0041503	-1.41077	-0.645272	0.0533874	-1.57702	0.0399622	0.932812	0.445828	-1.4172	-0.645558	0.0515527	-1.56109	0.0390805	0.916542	0.446006	-1.11022e-16	-2.0375	-0.658745	8.97659	0.127528	1.50381	-5.31118e-08	-0.0942503	-0.109333	-1.85772	0.0260491	-0.00283052	1.29052e-07	
1.1	0.0698468	0.10434	-0.307355	8.1267	0.131692	1.45756	-0.00300812	-1.39766	-0.643436	0.0568471	-1.60794	0.0414581	0.965678	0.447175	0.663042	0.132322	0.165597	-1.51467	0.0660829	1.65236	0.122398	7.98702	42.6173	-7.70763	33.1402	-9.25735	9.35793	58.0251	-0.0699229	-0.156182	0.302242	-8.0847	-0.131925	-1.45775	0.00319987	-1.40425	-0.644566	0.0551549	-1.59264	0.0407564	0.949195	0.446213	-1.41077	-0.645272	0.0533874	-1.57702	0.0399622	0.932812	0.445828	0	-2.20228	-0.675649	9.12547	0.128972	1.50366	-5.66645e-08	-0.087449	-0.100868	-1.86365	0.0262707	-0.00357259	1.30344e-07	
1.11	0.0553658	-0.14981	-0.364041	8.34054	0.127948	1.45837	-0.00203242	-1.39098	-0.641876	0.0584551	-1.62289	0.0420653	0.982246	0.448722	0.671387	0.175536	0.156973	-1.4801	0.0563152	1.66053	0.180989	8.34465	43.2134	-8.62405	34.5707	-9.76771	8.16584	58.5914	-0.0602495	0.10388	0.34885	-8.30074	-0.129157	-1.45836	0.00222269	-1.39766	-0.643436	0.0568471	-1.60794	0.0414581	0.965678	0.447175	-1.40425	-0.644566	0.0551549	-1.59264	0.0407564	0.949195	0.446213	0	-2.3724	-0.691151	9.273	0.130362	1.50342	-4.67847e-09	-0.0831154	-0.0932728	-1.87323	0.027656	-0.00619463	1.33991e-07	
1.12	0.0522062	-0.399453	-0.393407	8.54481	0.127691	1.45916	-0.00134352	-1.38422	-0.639881	0.0599702	-1.6375	0.0425723	0.998888	0.450856	0.679135	0.218987	0.146978	-1.44362	0.0460893	1.66708	0.23973	7.7486	43.4518	-9.99494	36.478	-10.2259	6.55651	58.7404	-0.0495885	0.363162	0.395789	-8.51182	-0.126778	-1.45906	0.00134373	-1.39098	-0.641876	0.0584551	-1.62289	0.0420653	0.982246	0.448722	-1.39766	-0.643436	0.0568471	-1.60794	0.0414581	0.965678	0.447175	0	-2.54775	-0.705125	9.41899	0.131693	1.50309	-3.2484e-08	-0.0749055	-0.0848677	-1.8787	0.0277709	-0.00500496	1.32542e-07	
1.13	0.0312334	-0.664368	-0.460103	8.75394	0.122918	1.46043	-0.000451227	-1.37739	-0.637449	0.0613838	-1.65172	0.0429755	1.01559	0.453577	0.687838	0.262737	0.136878	-1.40584	0.0356734	1.67251	0.298411	8.70228	43.7498	-10.0993	37.7893	-10.4159	5.42402	58.6808	-0.038979	0.614207	0.439699	-8.71236	-0.12478	-1.45988	0.000642241	-1.38422	-0.639881	0.0599702	-1.6375	0.0425723	0.998888	0.450856	-1.39098	-0.641876	0.0584551	-1.62289	0.0420653	0.982246	0.448722	2.22045e-16	-2.72825	-0.717457	9.56327	0.132963	1.50266	-4.79345e-08	-0.0707134	-0.0777464	-1.88692	0.0279477	-0.00726524	1.33797e-07	
1.14	0.0324022	-0.95319	-0.479094	8.96629	0.123881	1.46143	0.000252919	-1.37046	-0.634579	0.0626846	-1.66557	0.0432718	1.03234	0.456881	0.696182	0.306904	0.1247	-1.36638	0.0248626	1.67644	0.356376	8.34465	44.167	-12.178	39.4583	-10.8108	3.93391	57.9655	-0.030368	0.89144	0.478906	-8.92064	-0.123316	-1.46071	-0.000130715	-1.37739	-0.637449	0.0613838	-1.65172	0.0429755	1.01559	0.453577	-1.38422	-0.639881	0.0599702	-1.6375	0.0425723	0.998888	0.450856	0	-2.91378	-0.728014	9.70565	0.134173	1.50214	-1.31204e-07	-0.0641556	-0.0706086	-1.89404	0.0278657	-0.00748523	1.30438e-07	
1.15	0.0219951	-1.24147	-0.520162	9.17562	0.12238	1.46301	0.000975316	-1.36345	-0.631268	0.0638642	-1.67901	0.0434575	1.04912	0.460759	0.705004	0.350833	0.112168	-1.32585	0.0134855	1.67918	0.413269	8.82149	43.9286	-12.5319	40.5312	-11.377	2.74181	56.8926	-0.0242262	1.17424	0.511171	-9.12767	-0.12282	-1.46234	-0.0007731	-1.37046	-0.634579	0.0626846	-1.66557	0.0432718	1.03234	0.456881	-1.37739	-0.637449	0.0613838	-1.65172	0.0429755	1.01559	0.453577	1.11022e-16	-3.10421	-0.736696	9.84598	0.13532	1.50153	-1.29071e-08	-0.0571564	-0.0637143	-1.89943	0.0272254	-0.00722054	1.27411e-07	
1.16	0.0132877	-1.53263	-0.555198	9.37624	0.121501	1.46379	0.00162334	-1.35635	-0.627519	0.0649125	-1.69203	0.0435288	1.06592	0.465197	0.714064	0.394762	0.098519	-1.28365	0.00177324	1.68049	0.468791	9.05991	43.9286	-13.6495	42.2001	-11.7123	1.3113	55.5217	-0.0167832	1.47574	0.545017	-9.33996	-0.12207	-1.46421	-0.00148123	-1.36345	-0.631268	0.0638642	-1.67901	0.0434575	1.04912	0.460759	-1.37046	-0.634579	0.0626846	-1.66557	0.0432718	1.03234	0.456881	0	-3.29942	-0.7434	9.98408	0.136403	1.50083	-8.28834e-09	-0.0500825	-0.0566936	-1.91089	0.026456	-0.0087747	1.2563e-07	
1.17	0.00401266	-1.83001	-0.588951	9.57858	0.120574	1.4658	0.00219975	-1.34916	-0.623334	0.065818	-1.70463	0.0434821	1.08272	0.470179	0.723481	0.438213	0.0837967	-1.24073	-0.00999495	1.68014	0.522196	9.41753	43.4518	-14.7223	42.9152	-11.7682	-0.357628	53.4058	-0.00269617	1.7609	0.588045	-9.53305	-0.120207	-1.46514	-0.00206286	-1.35635	-0.627519	0.0649125	-1.69203	0.0435288	1.06592	0.465197	-1.36345	-0.631268	0.0638642	-1.67901	0.0434575	1.04912	0.460759	1.11022e-16	-3.49924	-0.748014	10.1198	0.137421	1.50004	-9.78832e-08	-0.0444451	-0.0478487	-1.91234	0.0255205	-0.00753328	1.19478e-07	
1.18	-0.0092343	-2.13438	-0.627944	9.77664	0.119122	1.46742	0.00278539	-1.34187	-0.618715	0.0665698	-1.7168	0.0433146	1.09951	0.475686	0.733614	0.481367	0.0680834	-1.19662	-0.0224188	1.67847	0.573635	10.1328	43.1538	-15.7133	44.1074	-12.4238	-1.66893	51.4388	0.0014543	2.07931	0.610871	-9.74173	-0.120368	-1.46745	-0.00265957	-1.34916	-0.623334	0.065818	-1.70463	0.0434821	1.08272	0.470179	-1.35635	-0.627519	0.0649125	-1.69203	0.0435288	1.06592	0.465197	0	-3.70357	-0.750446	10.253	0.138375	1.49917	-1.73481e-08	-0.0377713	-0.0416807	-1.9252	0.0247987	-0.00822495	1.16535e-07	
1.19	-0.0140902	-2.43385	-0.647175	9.96295	0.119568	1.46851	0.00319327	-1.33448	-0.613666	0.0671556	-1.72852	0.0430231	1.11628	0.481699	0.743985	0.523925	0.0507981	-1.15132	-0.0348985	1.67525	0.623077	10.3712	42.5577	-17.2854	45.2995	-12.4797	-3.21865	49.4421	0.0110429	2.3822	0.640163	-9.93054	-0.119773	-1.46836	-0.00315792	-1.34187	-0.618715	0.0665698	-1.7168	0.0433146	1.09951	0.475686	-1.34916	-0.623334	0.065818	-1.70463	0.0434821	1.08272	0.470179	-4.44089e-16	-3.91221	-0.750599	10.3835	0.139267	1.49821	-4.85655e-08	-0.0309421	-0.0346786	-1.92841	0.0236099	-0.00861134	1.12658e-07	
1.2	-0.0221223	-2.77024	-0.672014	10.1645	0.119323	1.47046	0.00378116	-1.32697	-0.608194	0.0675641	-1.73978	0.042605	1.13301	0.488191	0.755191	0.566185	0.0324324	-1.10555	-0.047747	1.6706	0.670046	11.2057	42.2597	-18.3657	45.7764	-12.8485	-4.64916	46.9684	0.0236649	2.70409	0.673228	-10.1278	-0.118654	-1.47065	-0.00368756	-1.33448	-0.613666	0.0671556	-1.72852	0.0430231	1.11628	0.481699	-1.34187	-0.618715	0.0665698	-1.7168	0.0433146	1.09951	0.475686	-2.22045e-16	-4.12501	-0.748398	10.5112	0.140096	1.49718	-3.58631e-08	-0.0266928	-0.0259109	-1.93911	0.0223438	-0.0084829	1.07994e-07	
1.21	-0.0274653	-3.1167	-0.689263	10.3689	0.119678	1.47321	0.00433981	-1.31936	-0.602306	0.067782	-1.75059	0.0420568	1.14968	0.495135	0.766993	0.607491	0.012666	-1.05953	-0.0607111	1.66476	0.713944	11.8017	41.306	-19.7664	46.0148	-12.964	-5.84126	43.8988	0.0290011	3.0251	0.689341	-10.3135	-0.119316	-1.47177	-0.0041175	-1.32697	-0.608194	0.0675641	-1.73978	0.042605	1.13301	0.488191	-1.33448	-0.613666	0.0671556	-1.72852	0.0430231	1.11628	0.481699	-1.11022e-16	-4.3418	-0.743763	10.636	0.140864	1.49607	-5.10831e-08	-0.0190756	-0.0202785	-1.94761	0.0215457	-0.00788429	1.0318e-07	
1.22	-0.0430229	-3.43715	-0.719655	10.5465	0.118425	1.4744	0.0047617	-1.31162	-0.596009	0.0677962	-1.76092	0.041377	1.16629	0.502507	0.779629	0.647783	-0.00797957	-1.01209	-0.0741221	1.65701	0.755906	12.6362	40.2927	-20.6456	47.4453	-13.411	-7.7486	41.9617	0.033794	3.36968	0.702694	-10.5109	-0.1198	-1.4744	-0.00460774	-1.31936	-0.602306	0.067782	-1.75059	0.0420568	1.14968	0.495135	-1.32697	-0.608194	0.0675641	-1.73978	0.042605	1.13301	0.488191	1.11022e-16	-4.56237	-0.736626	10.7578	0.141573	1.4949	-4.52481e-08	-0.0107741	-0.0118007	-1.95017	0.0195289	-0.00581252	9.49603e-08	
1.23	-0.0448708	-3.78484	-0.723739	10.7338	0.119656	1.47623	0.0051951	-1.30375	-0.589314	0.0675926	-1.77078	0.0405629	1.18281	0.510277	0.79298	0.687182	-0.0306591	-0.964522	-0.0876114	1.64795	0.793993	13.3514	39.3987	-22.6796	47.5646	-13.4893	-9.05991	38.0874	0.048858	3.70988	0.73053	-10.693	-0.118711	-1.47555	-0.0051166	-1.31162	-0.596009	0.0677962	-1.76092	0.041377	1.16629	0.502507	-1.31936	-0.602306	0.067782	-1.75059	0.0420568	1.14968	0.495135	1.11022e-16	-4.78654	-0.726926	10.8763	0.142226	1.49365	-7.17982e-08	-0.00535726	-0.00328144	-1.9614	0.0180273	-0.00770339	8.9606e-08	
1.24	-0.0567341	-4.12283	-0.74111	10.9054	0.119223	1.47703	0.00560892	-1.29575	-0.582231	0.067156	-1.78016	0.0396128	1.19923	0.518413	0.807166	0.725388	-0.0542328	-0.916123	-0.101298	1.63722	0.82922	14.1859	38.2066	-23.5736	48.399	-13.6867	-10.7288	35.2263	0.0495349	4.06284	0.729973	-10.8782	-0.119878	-1.47778	-0.00551009	-1.30375	-0.589314	0.0675926	-1.77078	0.0405629	1.18281	0.510277	-1.31162	-0.596009	0.0677962	-1.76092	0.041377	1.16629	0.502507	0	-5.01408	-0.714604	10.9917	0.142824	1.49235	-6.3861e-09	0.00175225	0.00183745	-1.96941	0.0173357	-0.00712256	8.34361e-08	
1.25	-0.059458	-4.49079	-0.740839	11.0933	0.120205	1.47987	0.00604291	-1.28759	-0.574772	0.0664714	-1.78906	0.0385243	1.21554	0.526886	0.822663	0.762343	-0.0799447	-0.868201	-0.114955	1.62482	0.861406	15.4972	36.9549	-25.7119	47.9221	-13.6569	-12.3978	32.1865	0.0585434	4.42556	0.741089	-11.0603	-0.120101	-1.47923	-0.00602426	-1.29575	-0.582231	0.067156	-1.78016	0.0396128	1.19923	0.518413	-1.30375	-0.589314	0.0675926	-1.77078	0.0405629	1.18281	0.510277	-1.11022e-16	-5.24479	-0.699621	11.1037	0.143369	1.49099	4.44483e-08	0.0075987	0.0102782	-1.97332	0.01516	-0.00620272	7.55247e-08	
1.26	-0.0672028	-4.84576	-0.744587	11.26	0.120594	1.48052	0.00646009	-1.27927	-0.566951	0.0655238	-1.79747	0.0372968	1.23171	0.535663	0.839591	0.797927	-0.107184	-0.819445	-0.129156	1.61123	0.890493	16.9277	35.584	-27.2393	48.7566	-14.2008	-13.5899	29.0871	0.0631306	4.78396	0.740486	-11.2342	-0.120891	-1.48098	-0.00640894	-1.28759	-0.574772	0.0664714	-1.78906	0.0385243	1.21554	0.526886	-1.29575	-0.582231	0.067156	-1.78016	0.0396128	1.19923	0.518413	0	-5.4784	-0.681954	11.2122	0.143865	1.48957	2.64173e-08	0.0152861	0.0170477	-1.98476	0.0134814	-0.0065816	6.76464e-08	
1.27	-0.0684041	-5.21851	-0.734667	11.4323	0.121859	1.48215	0.00687691	-1.27078	-0.558782	0.0642953	-1.8054	0.0359283	1.24774	0.544713	0.857353	0.832021	-0.136197	-0.770926	-0.14304	1.59585	0.916362	17.7622	34.0939	-29.0126	48.5182	-13.8842	-15.378	25.8684	0.0660409	5.1537	0.734023	-11.4039	-0.121937	-1.48209	-0.00683723	-1.27927	-0.566951	0.0655238	-1.79747	0.0372968	1.23171	0.535663	-1.28759	-0.574772	0.0664714	-1.78906	0.0385243	1.21554	0.526886	-2.22045e-16	-5.71467	-0.661565	11.3173	0.144312	1.48811	-4.4398e-09	0.0222884	0.0244413	-1.98598	0.0118019	-0.00544029	6.16311e-08	
1.28	-0.0802955	-5.59221	-0.738408	11.5974	0.121722	1.48321	0.0073561	-1.2621	-0.550282	0.0627672	-1.81284	0.0344184	1.26361	0.554006	0.876784	0.864446	-0.166588	-0.722408	-0.157475	1.57928	0.939369	19.4311	32.4249	-30.3909	48.5182	-14.4355	-16.5701	23.0074	0.0788088	5.52472	0.739819	-11.5711	-0.121562	-1.4837	-0.00728779	-1.27078	-0.558782	0.0642953	-1.8054	0.0359283	1.24774	0.544713	-1.27927	-0.566951	0.0655238	-1.79747	0.0372968	1.23171	0.535663	0	-5.95334	-0.638431	11.4188	0.144716	1.48661	4.14266e-08	0.0274773	0.0325855	-2.00044	0.0105757	-0.00686814	5.65567e-08	
1.29	-0.0887096	-5.9788	-0.732902	11.7649	0.121925	1.48499	0.00784001	-1.25322	-0.541467	0.0609216	-1.8198	0.0327663	1.2793	0.56351	0.897884	0.895142	-0.199154	-0.674248	-0.171602	1.56093	0.959098	21.1	30.6964	-32.5665	48.1606	-14.1263	-18.3582	19.7291	0.0839235	5.89787	0.729214	-11.7277	-0.122321	-1.48409	-0.00772451	-1.2621	-0.550282	0.0627672	-1.81284	0.0344184	1.26361	0.554006	-1.27078	-0.558782	0.0642953	-1.8054	0.0359283	1.24774	0.544713	1.11022e-16	-6.19413	-0.612554	11.5167	0.145078	1.48507	1.62588e-09	0.0336263	0.0398314	-2.00611	0.00936244	-0.0068361	5.12598e-08	
1.3	-0.089308	-6.3542	-0.71064	11.9151	0.123467	1.4853	0.00823611	-1.24412	-0.532356	0.0587395	-1.82628	0.0309732	1.2948	0.573194	0.920415	0.923872	-0.233944	-0.625968	-0.185963	1.54114	0.97537	22.5306	28.7294	-34.7905	48.2797	-14.361	-19.7887	16.2721	0.0888302	6.282	0.714903	-11.8885	-0.123086	-1.48558	-0.00816885	-1.25322	-0.541467	0.0609216	-1.8198	0.0327663	1.2793	0.56351	-1.2621	-0.550282	0.0627672	-1.81284	0.0344184	1.26361	0.554006	-1.11022e-16	-6.43672	-0.583944	11.611	0.145401	1.48349	1.11327e-08	0.0405845	0.0469628	-2.01643	0.00802933	-0.00773018	4.48042e-08	
1.31	-0.0932245	-6.7444	-0.690235	12.0706	0.124226	1.4867	0.00868711	-1.23478	-0.522968	0.0561976	-1.83228	0.0290378	1.3101	0.583028	0.944972	0.950634	-0.27081	-0.578403	-0.199838	1.51968	0.989139	24.5571	26.7625	-36.8655	47.5645	-13.8748	-21.4577	13.7687	0.0899632	6.67499	0.691162	-12.0467	-0.124303	-1.48716	-0.00861091	-1.24412	-0.532356	0.0587395	-1.82628	0.0309732	1.2948	0.573194	-1.25322	-0.541467	0.0609216	-1.8198	0.0327663	1.2793	0.56351	-1.11022e-16	-6.68082	-0.552592	11.7016	0.145689	1.48189	1.04897e-08	0.0478259	0.0549265	-2.02202	0.00588519	-0.00626586	3.55416e-08	
1.32	-0.091564	-7.14174	-0.657846	12.2211	0.125935	1.48748	0.00916624	-1.22519	-0.513324	0.0532759	-1.8378	0.0269618	1.32517	0.592983	0.971556	0.97543	-0.310138	-0.531197	-0.214085	1.49691	1.00017	26.5837	24.7955	-39.3279	47.2069	-14.2474	-22.769	11.0269	0.0978723	7.0632	0.673683	-12.1922	-0.124792	-1.48732	-0.00910939	-1.23478	-0.522968	0.0561976	-1.83228	0.0290378	1.3101	0.583028	-1.24412	-0.532356	0.0587395	-1.82628	0.0309732	1.2948	0.573194	0	-6.92607	-0.518539	11.7886	0.145943	1.48027	2.60458e-08	0.0536249	0.0621421	-2.02884	0.00500282	-0.00657064	3.23142e-08	
1.33	-0.0980398	-7.53763	-0.633636	12.3689	0.126348	1.48891	0.00964538	-1.21531	-0.503446	0.0499505	-1.84286	0.0247466	1.34001	0.603031	1.00017	0.997782	-0.351433	-0.484943	-0.227747	1.47271	1.00821	28.6103	22.3517	-41.2948	46.2532	-13.6625	-24.1995	8.04663	0.106489	7.44946	0.652979	-12.3364	-0.124999	-1.48858	-0.00954309	-1.22519	-0.513324	0.0532759	-1.8378	0.0269618	1.32517	0.592983	-1.23478	-0.522968	0.0561976	-1.83228	0.0290378	1.3101	0.583028	-1.11022e-16	-7.17211	-0.481811	11.8718	0.146167	1.47862	9.29623e-10	0.0581988	0.0696624	-2.03651	0.00415873	-0.0071056	3.04819e-08	
1.34	-0.11092	-7.93088	-0.614638	12.5068	0.126044	1.48951	0.0101575	-1.20514	-0.493355	0.0461971	-1.84746	0.0223935	1.3546	0.613144	1.0314	1.01787	-0.395134	-0.439167	-0.241488	1.44708	1.0134	31.2328	20.0868	-43.7014	45.7764	-13.7407	-25.63	5.1856	0.108694	7.85162	0.619243	-12.4773	-0.126021	-1.4889	-0.0100783	-1.21531	-0.503446	0.0499505	-1.84286	0.0247466	1.34001	0.603031	-1.22519	-0.513324	0.0532759	-1.8378	0.0269618	1.32517	0.592983	1.11022e-16	-7.41857	-0.442452	11.9514	0.146363	1.47697	3.46332e-08	0.0671864	0.0784539	-2.04251	0.00222189	-0.00493901	2.03285e-08	
1.35	-0.110866	-8.33627	-0.573019	12.6454	0.127316	1.49018	0.0107008	-1.19464	-0.483077	0.0419896	-1.8516	0.019904	1.36893	0.623295	1.06502	1.03566	-0.441942	-0.394344	-0.254869	1.42038	1.01632	33.617	17.792	-46.8083	44.8227	-13.3813	-26.7029	2.92063	0.10911	8.24752	0.57894	-12.6133	-0.12741	-1.48967	-0.0105497	-1.20514	-0.493355	0.0461971	-1.84746	0.0223935	1.3546	0.613144	-1.21531	-0.503446	0.0499505	-1.84286	0.0247466	1.34001	0.603031	1.11022e-16	-7.66505	-0.400513	12.0273	0.146533	1.4753	3.92328e-08	0.0732945	0.0842372	-2.05243	0.00162914	-0.00689981	1.7302e-08	
1.36	-0.109035	-8.73418	-0.52498	12.7737	0.128935	1.49025	0.011218	-1.1838	-0.472635	0.0373011	-1.8553	0.0172818	1.38298	0.633463	1.10126	1.05086	-0.491548	-0.350356	-0.268284	1.39236	1.01662	36.2396	15.1992	-49.606	43.9882	-13.4148	-28.0142	0.298023	0.121567	8.64173	0.551918	-12.7427	-0.127179	-1.49019	-0.0110658	-1.19464	-0.483077	0.0419896	-1.8516	0.019904	1.36893	0.623295	-1.20514	-0.493355	0.0461971	-1.84746	0.0223935	1.3546	0.613144	1.11022e-16	-7.91111	-0.356057	12.0995	0.14668	1.47363	3.35226e-08	0.0772187	0.0933328	-2.05668	0.000339311	-0.00745849	1.37724e-08	
1.37	-0.123969	-9.13939	-0.496821	12.9037	0.128259	1.49113	0.0118058	-1.17257	-0.462055	0.0321047	-1.85857	0.0145299	1.39674	0.643621	1.14024	1.06353	-0.54336	-0.30756	-0.28077	1.36268	1.01471	38.9814	12.666	-51.8113	42.7961	-12.4862	-29.6831	-1.90735	0.118638	9.05616	0.499514	-12.8761	-0.128798	-1.49059	-0.0116888	-1.1838	-0.472635	0.0373011	-1.8553	0.0172818	1.38298	0.633463	-1.19464	-0.483077	0.0419896	-1.8516	0.019904	1.36893	0.623295	-5.55112e-17	-8.15629	-0.309168	12.1682	0.146806	1.47196	5.31987e-08	0.0852592	0.100332	-2.06521	-0.000132468	-0.00680487	9.42092e-09	
1.38	-0.12437	-9.53912	-0.444402	13.0251	0.129672	1.4913	0.0123618	-1.16095	-0.451363	0.0263698	-1.86141	0.0116514	1.4102	0.653748	1.18184	1.07342	-0.598494	-0.265956	-0.293486	1.33228	1.01054	41.604	9.89437	-55.1343	41.604	-12.7154	-30.3984	-4.17233	0.118622	9.4528	0.447252	-12.9978	-0.130096	-1.49111	-0.0121973	-1.17257	-0.462055	0.0321047	-1.85857	0.0145299	1.39674	0.643621	-1.1838	-0.472635	0.0373011	-1.8553	0.0172818	1.38298	0.633463	-1.11022e-16	-8.40009	-0.259923	12.2333	0.146914	1.47029	-6.86902e-09	0.0912099	0.107052	-2.07536	-0.00126516	-0.00692643	4.81861e-09	
1.39	-0.124265	-9.94851	-0.387672	13.1514	0.130829	1.49264	0.0129432	-1.14888	-0.440587	0.0200649	-1.86385	0.00865049	1.42335	0.663821	1.2269	1.0806	-0.657054	-0.225902	-0.305358	1.30045	1.0044	45.0611	7.18236	-58.5597	40.0543	-11.8725	-31.8289	-6.13928	0.133178	9.85783	0.411372	-13.1174	-0.129643	-1.49117	-0.0128469	-1.16095	-0.451363	0.0263698	-1.86141	0.0116514	1.4102	0.653748	-1.17257	-0.462055	0.0321047	-1.85857	0.0145299	1.39674	0.643621	0	-8.642	-0.208409	12.2948	0.147004	1.46863	-7.36168e-08	0.0961453	0.11686	-2.08247	-0.00202355	-0.00720431	3.11649e-09	
1.4	-0.130105	-10.3358	-0.335258	13.2541	0.131463	1.49159	0.013521	-1.13635	-0.429754	0.0131597	-1.86589	0.00553304	1.43617	0.673823	1.27518	1.08501	-0.71861	-0.186443	-0.31699	1.26743	0.99659	48.2796	4.41074	-61.5567	39.4583	-11.6317	-33.021	-7.80827	0.127985	10.2576	0.344719	-13.2329	-0.131417	-1.49161	-0.0134103	-1.14888	-0.440587	0.0200649	-1.86385	0.00865049	1.42335	0.663821	-1.16095	-0.451363	0.0263698	-1.86141	0.0116514	1.4102	0.653748	5.55112e-17	-8.88144	-0.154741	12.353	0.14708	1.46697	2.59073e-08	0.10314	0.122979	-2.09079	-0.00287213	-0.00713881	-4.11865e-11	
1.41	-0.130953	-10.7447	-0.272659	13.3759	0.132494	1.49321	0.0141534	-1.12332	-0.418893	0.00562093	-1.86755	0.00230368	1.44866	0.683732	1.32644	1.08644	-0.783456	-0.149488	-0.327674	1.23382	0.986397	51.26	1.43051	-64.8461	36.9549	-10.6841	-33.6169	-10.1924	0.144668	10.6606	0.304028	-13.3461	-0.130948	-1.49177	-0.014096	-1.13635	-0.429754	0.0131597	-1.86589	0.00553304	1.43617	0.673823	-1.14888	-0.440587	0.0200649	-1.86385	0.00865049	1.42335	0.663821	0	-9.11782	-0.0990277	12.4077	0.147144	1.46533	3.94549e-08	0.107375	0.133104	-2.09638	-0.0034728	-0.00711454	-2.83807e-09	
1.42	-0.143171	-11.1349	-0.22165	13.4761	0.132532	1.49247	0.0148193	-1.10975	-0.408034	-0.00258494	-1.86884	-0.00103193	1.46081	0.693534	1.38152	1.0851	-0.851523	-0.113249	-0.338186	1.19901	0.974953	55.0747	-1.3411	-68.0669	36.2396	-10.5117	-34.8091	-11.4441	0.136981	11.0498	0.227217	-13.449	-0.132944	-1.49173	-0.0146688	-1.12332	-0.418893	0.00562093	-1.86755	0.00230368	1.44866	0.683732	-1.13635	-0.429754	0.0131597	-1.86589	0.00553304	1.43617	0.673823	0	-9.35048	-0.0413925	12.4591	0.147195	1.46371	4.8019e-08	0.116103	0.139517	-2.10159	-0.00492458	-0.00753203	-6.72058e-09	
1.43	-0.152412	-11.5238	-0.163142	13.5788	0.132729	1.49292	0.0154498	-1.09562	-0.397204	-0.0114917	-1.86979	-0.00446693	1.47261	0.703212	1.43993	1.08063	-0.92308	-0.0790358	-0.347667	1.16313	0.96184	58.4126	-4.47035	-71.557	34.2131	-9.48104	-35.882	-13.113	0.144858	11.4523	0.167628	-13.5622	-0.133277	-1.49307	-0.0153444	-1.10975	-0.408034	-0.00258494	-1.86884	-0.00103193	1.46081	0.693534	-1.12332	-0.418893	0.00562093	-1.86755	0.00230368	1.44866	0.683732	-4.16334e-17	-9.57872	0.0180326	12.5073	0.147238	1.4621	1.23929e-07	0.119776	0.146925	-2.11033	-0.00499539	-0.00727172	-8.29078e-09	
1.44	-0.150888	-11.9198	-0.0873475	13.6843	0.134221	1.49351	0.0161639	-1.08088	-0.386436	-0.0211323	-1.8704	-0.00799446	1.48404	0.712748	1.50156	1.07327	-0.998253	-0.04673	-0.356817	1.127	0.94682	61.6312	-7.36117	-75.1726	32.3057	-9.14979	-36.1204	-15.0204	0.151641	11.8309	0.103463	-13.6552	-0.133946	-1.49242	-0.016003	-1.09562	-0.397204	-0.0114917	-1.86979	-0.00446693	1.47261	0.703212	-1.10975	-0.408034	-0.00258494	-1.86884	-0.00103193	1.46081	0.693534	1.38778e-17	-9.80181	0.0791015	12.5524	0.147271	1.46052	2.32111e-07	0.124274	0.155185	-2.11473	-0.00568882	-0.00775359	-9.78995e-09	
1.45	-0.152936	-12.2922	-0.013392	13.7729	0.135326	1.49275	0.0168472	-1.06551	-0.375759	-0.0315414	-1.87069	-0.0116078	1.49511	0.722129	1.56641	1.06275	-1.07649	-0.0158548	-0.365056	1.09005	0.930726	64.8499	-10.5202	-78.2349	30.8752	-8.23939	-36.9549	-16.0933	0.161942	12.2257	0.0403247	-13.7617	-0.134152	-1.49368	-0.0167268	-1.08088	-0.386436	-0.0211323	-1.8704	-0.00799446	1.48404	0.712748	-1.09562	-0.397204	-0.0114917	-1.86979	-0.00446693	1.47261	0.703212	-3.81639e-17	-10.0189	0.141674	12.5944	0.147297	1.45896	1.72604e-07	0.13155	0.164718	-2.12731	-0.00659244	-0.00803204	-1.29636e-08	
1.46	-0.165579	-12.6695	0.0501929	13.8693	0.135373	1.49352	0.0175513	-1.04948	-0.365204	-0.0427497	-1.87069	-0.0152987	1.5058	0.731342	1.6346	1.04916	-1.15762	0.0127554	-0.372305	1.05214	0.913382	68.1877	-13.5899	-81.1312	28.6102	-7.24849	-37.9086	-17.345	0.159241	12.5912	-0.0419865	-13.8487	-0.135722	-1.49328	-0.0173891	-1.06551	-0.375759	-0.0315414	-1.87069	-0.0116078	1.49511	0.722129	-1.08088	-0.386436	-0.0211323	-1.8704	-0.00799446	1.48404	0.712748	-1.38778e-17	-10.2292	0.205585	12.6334	0.147317	1.45743	1.40316e-07	0.137223	0.171862	-2.1337	-0.00683578	-0.00774839	-1.47987e-08	
1.47	-0.163067	-13.0339	0.135549	13.9584	0.136975	1.49366	0.0182669	-1.03274	-0.354802	-0.0547886	-1.87042	-0.0190588	1.51611	0.740375	1.70577	1.03244	-1.24221	0.0394583	-0.379015	1.01411	0.895023	71.1679	-16.7191	-84.5865	26.7029	-6.71017	-38.0278	-18.3582	0.170104	12.9633	-0.110145	-13.9413	-0.135988	-1.49363	-0.018137	-1.04948	-0.365204	-0.0427497	-1.87069	-0.0152987	1.5058	0.731342	-1.06551	-0.375759	-0.0315414	-1.87069	-0.0116078	1.49511	0.722129	-8.32667e-17	-10.4318	0.270679	12.6697	0.147332	1.45593	1.42689e-07	0.143229	0.180887	-2.13936	-0.00732997	-0.00735854	-1.73324e-08	
1.48	-0.171914	-13.392	0.209328	14.0483	0.137307	1.49449	0.0189878	-1.01528	-0.344585	-0.0676859	-1.86988	-0.022879	1.52604	0.749218	1.77991	1.01259	-1.32928	0.0640154	-0.384327	0.975251	0.875115	74.1482	-19.8483	-87.0749	24.5571	-5.31226	-38.8623	-19.908	0.17437	13.3208	-0.189061	-14.0301	-0.136987	-1.49416	-0.0188539	-1.03274	-0.354802	-0.0547886	-1.87042	-0.0190588	1.51611	0.740375	-1.04948	-0.365204	-0.0427497	-1.87069	-0.0152987	1.5058	0.731342	2.77556e-17	-10.6257	0.336789	12.7031	0.147343	1.45446	1.09528e-07	0.147399	0.188705	-2.15028	-0.00797682	-0.00728662	-1.9806e-08	
1.49	-0.179753	-13.7261	0.286238	14.1252	0.137999	1.49427	0.0196831	-0.997061	-0.334583	-0.0814657	-1.86912	-0.0267507	1.53557	0.757858	1.85621	0.989586	-1.41845	0.0867844	-0.3892	0.935912	0.85485	76.2939	-23.0075	-89.1685	22.769	-4.87268	-39.3391	-20.2656	0.18842	13.6651	-0.258187	-14.1139	-0.137075	-1.49465	-0.0195637	-1.01528	-0.344585	-0.0676859	-1.86988	-0.022879	1.52604	0.749218	-1.03274	-0.354802	-0.0547886	-1.87042	-0.0190588	1.51611	0.740375	0	-10.8098	0.403747	12.734	0.147352	1.45302	1.55565e-07	0.152828	0.196818	-2.15264	-0.0082484	-0.00732992	-1.612e-08	
1.5	-0.188999	-14.0626	0.364089	14.2094	0.138626	1.49498	0.0204465	-0.978071	-0.324827	-0.0961479	-1.86814	-0.0306656	1.54472	0.766286	1.93429	0.963628	-1.50928	0.107169	-0.393137	0.896335	0.832975	78.0821	-25.9578	-90.83	20.3848	-3.93763	-39.5775	-21.8749	0.19056	13.9961	-0.34416	-14.1936	-0.138241	-1.49486	-0.0203005	-0.997061	-0.334583	-0.0814657	-1.86912	-0.0267507	1.53557	0.757858	-1.01528	-0.344585	-0.0676859	-1.86988	-0.022879	1.52604	0.749218	-5.55112e-17	-10.9831	0.471384	12.7623	0.147358	1.45162	1.51354e-07	0.159042	0.205593	-2.16546	-0.00881974	-0.00754674	-2.0906e-08	
1.51	-0.19836	-14.3702	0.443169	14.2808	0.139257	1.49462	0.0211877	-0.958291	-0.315349	-0.111747	-1.86696	-0.0346142	1.55346	0.774495	2.01386	0.934452	-1.60141	0.125527	-0.396155	0.856757	0.810802	79.5723	-29.1765	-92.1339	18.3582	-3.01749	-39.5775	-22.1729	0.203326	14.3163	-0.419171	-14.271	-0.138599	-1.49509	-0.021059	-0.978071	-0.324827	-0.0961479	-1.86814	-0.0306656	1.54472	0.766286	-0.997061	-0.334583	-0.0814657	-1.86912	-0.0267507	1.53557	0.757858	5.55112e-17	-11.1445	0.539535	12.7881	0.147362	1.45026	6.67675e-08	0.164763	0.214074	-2.16819	-0.00954816	-0.00648763	-2.52463e-08	
1.52	-0.21348	-14.6697	0.517299	14.3563	0.139525	1.49522	0.0219269	-0.937714	-0.306178	-0.128267	-1.86562	-0.0385884	1.56181	0.782476	2.09379	0.902295	-1.69359	0.141501	-0.398409	0.816584	0.787556	79.9298	-32.1567	-92.1786	15.974	-2.2538	-40.1735	-23.2458	0.207957	14.6261	-0.50608	-14.3557	-0.139617	-1.49695	-0.0217775	-0.958291	-0.315349	-0.111747	-1.86696	-0.0346142	1.55346	0.774495	-0.978071	-0.324827	-0.0961479	-1.86814	-0.0306656	1.54472	0.766286	1.11022e-16	-11.2927	0.608031	12.8117	0.147365	1.44893	-1.11111e-07	0.171064	0.221259	-2.17809	-0.0102821	-0.00636804	-3.05992e-08	
1.53	-0.226254	-14.9611	0.596373	14.435	0.139981	1.49621	0.0227254	-0.916339	-0.297345	-0.14571	-1.86413	-0.042579	1.56976	0.790223	2.17336	0.867277	-1.78532	0.155091	-0.399642	0.776648	0.763953	79.5722	-35.0177	-91.7315	13.5899	-1.23307	-39.9351	-23.6034	0.213733	14.9025	-0.592292	-14.4173	-0.140673	-1.49581	-0.0225639	-0.937714	-0.306178	-0.128267	-1.86562	-0.0385884	1.56181	0.782476	-0.958291	-0.315349	-0.111747	-1.86696	-0.0346142	1.55346	0.774495	1.11022e-16	-11.4267	0.67673	12.8331	0.147368	1.44764	-2.4312e-07	0.175672	0.228147	-2.18303	-0.0102936	-0.0062853	-2.9337e-08	
1.54	-0.224123	-15.2221	0.693967	14.5045	0.141612	1.49688	0.0234729	-0.894175	-0.288879	-0.164063	-1.86251	-0.0465787	1.5773	0.797729	2.25133	0.829309	-1.87573	0.166655	-0.400208	0.736117	0.739753	77.9629	-37.9682	-90.4053	11.5633	-0.566244	-40.5312	-24.1995	0.226461	15.1818	-0.672671	-14.4988	-0.14116	-1.49761	-0.0233434	-0.916339	-0.297345	-0.14571	-1.86413	-0.042579	1.56976	0.790223	-0.937714	-0.306178	-0.128267	-1.86562	-0.0385884	1.56181	0.782476	-2.22045e-16	-11.5453	0.745482	12.8523	0.147371	1.44639	-4.435e-07	0.179101	0.236841	-2.19146	-0.0106168	-0.00526625	-3.17495e-08	
1.55	-0.237676	-15.4676	0.774263	14.5766	0.142068	1.49812	0.0242238	-0.871243	-0.280809	-0.183302	-1.86079	-0.0505806	1.58444	0.804994	2.32702	0.78848	-1.96302	0.175714	-0.400063	0.695586	0.715554	75.6979	-40.8292	-87.291	9.05991	0.145286	-40.5312	-24.1995	0.240606	15.4225	-0.751555	-14.5646	-0.141618	-1.49804	-0.0240798	-0.894175	-0.288879	-0.164063	-1.86251	-0.0465787	1.5773	0.797729	-0.916339	-0.297345	-0.14571	-1.86413	-0.042579	1.56976	0.790223	1.11022e-16	-11.6472	0.814164	12.8696	0.147375	1.44518	-7.44446e-07	0.185265	0.246299	-2.19896	-0.0110918	-0.00540254	-3.35484e-08	
1.56	-0.258007	-15.679	0.846814	14.6336	0.142166	1.49738	0.0250207	-0.847572	-0.273161	-0.203394	-1.859	-0.054579	1.59117	0.812012	2.39915	0.744969	-2.04612	0.182986	-0.399481	0.655293	0.690997	72.1216	-43.5114	-83.1038	7.27177	0.581145	-40.2927	-24.5571	0.249208	15.6515	-0.838665	-14.6325	-0.142544	-1.49867	-0.024889	-0.871243	-0.280809	-0.183302	-1.86079	-0.0505806	1.58444	0.804994	-0.894175	-0.288879	-0.164063	-1.86251	-0.0465787	1.5773	0.797729	0	-11.7313	0.882666	12.885	0.147379	1.44402	-1.29586e-06	0.194213	0.253347	-2.20802	-0.0110438	-0.00414392	-3.57793e-08	
1.57	-0.273667	-15.8898	0.927403	14.7113	0.142614	1.49972	0.0258045	-0.823207	-0.265963	-0.224288	-1.85714	-0.0585683	1.5975	0.818785	2.46614	0.698805	-2.12388	0.187159	-0.398427	0.614882	0.666082	66.9956	-46.1638	-77.7543	4.17233	1.05426	-40.4119	-24.9147	0.268211	15.8444	-0.913572	-14.6915	-0.142662	-1.49877	-0.0256395	-0.847572	-0.273161	-0.203394	-1.859	-0.054579	1.59117	0.812012	-0.871243	-0.280809	-0.183302	-1.86079	-0.0505806	1.58444	0.804994	0	-11.7968	0.950908	12.8986	0.147384	1.44289	-1.68106e-06	0.200472	0.263594	-2.2152	-0.0114245	-0.00276986	-4.14112e-08	
1.58	-0.284517	-16.0594	1.01331	14.7733	0.143492	1.50036	0.0265946	-0.798208	-0.259241	-0.245922	-1.85525	-0.0625465	1.60343	0.825312	2.52652	0.650108	-2.19464	0.189543	-0.397176	0.574589	0.641823	60.3793	-48.697	-70.7657	2.38419	1.2517	-40.2927	-24.2591	0.283642	16.0318	-0.994874	-14.7649	-0.143228	-1.50089	-0.0264135	-0.823207	-0.265963	-0.224288	-1.85714	-0.0585683	1.5975	0.818785	-0.847572	-0.273161	-0.203394	-1.859	-0.054579	1.59117	0.812012	2.22045e-16	-11.8425	1.01883	12.9105	0.147391	1.44181	-2.3295e-06	0.203549	0.269773	-2.22179	-0.0114	-0.00230905	-4.13555e-08	
1.59	-0.304086	-16.208	1.09019	14.8349	0.143826	1.50105	0.0274024	-0.772644	-0.253018	-0.268217	-1.85335	-0.0665112	1.60895	0.831598	2.57927	0.599146	-2.25687	0.1899	-0.395961	0.533819	0.617862	52.7501	-50.9619	-62.2272	0.357628	1.21444	-40.7696	-23.961	0.305853	16.1755	-1.06774	-14.8189	-0.143302	-1.50057	-0.0272108	-0.798208	-0.259241	-0.245922	-1.85525	-0.0625465	1.60343	0.825312	-0.823207	-0.265963	-0.224288	-1.85714	-0.0585683	1.5975	0.818785	4.44089e-16	-11.8678	1.08642	12.9207	0.147401	1.44077	-2.98025e-06	0.208368	0.27683	-2.23045	-0.0109063	-0.00313992	-3.75574e-08	
1.6	-0.332844	-16.3181	1.15622	14.886	0.143591	1.50065	0.0281905	-0.746606	-0.247319	-0.291079	-1.85146	-0.0704639	1.61406	0.837649	2.6226	0.545755	-2.30864	0.188231	-0.394873	0.493169	0.594556	43.3326	-53.3909	-51.7666	-1.66893	1.08778	-40.6504	-23.3054	0.325771	16.2971	-1.14438	-14.8741	-0.143753	-1.50042	-0.0280465	-0.772644	-0.253018	-0.268217	-1.85335	-0.0665112	1.60895	0.831598	-0.798208	-0.259241	-0.245922	-1.85525	-0.0625465	1.60343	0.825312	2.22045e-16	-11.8722	1.15367	12.9295	0.147412	1.43977	-3.90762e-06	0.213368	0.284086	-2.23549	-0.0106436	-0.00246232	-3.7654e-08	
1.61	-0.357782	-16.4211	1.22939	14.9518	0.143628	1.50221	0.0290098	-0.720191	-0.242164	-0.314397	-1.8496	-0.0744064	1.61877	0.843474	2.65509	0.490367	-2.34896	0.184059	-0.393957	0.452399	0.572622	32.4845	-55.3876	-40.3225	-4.17233	0.916421	-40.7696	-21.9345	0.358878	16.403	-1.20767	-14.9375	-0.143156	-1.5016	-0.0288552	-0.746606	-0.247319	-0.291079	-1.85146	-0.0704639	1.61406	0.837649	-0.772644	-0.253018	-0.268217	-1.85335	-0.0665112	1.60895	0.831598	-2.22045e-16	-11.8552	1.22063	12.9367	0.147426	1.4388	-4.8366e-06	0.215219	0.29177	-2.24578	-0.00987427	-0.00225555	-3.77574e-08	
1.62	-0.390933	-16.4886	1.29339	15.0067	0.143285	1.50228	0.0298576	-0.693519	-0.237575	-0.338046	-1.84779	-0.0783429	1.62307	0.849083	2.67529	0.432983	-2.37581	0.178218	-0.393741	0.41163	0.551581	20.206	-57.3844	-26.8519	-5.84126	0.216067	-40.7696	-21.0404	0.377129	16.4768	-1.28876	-14.9966	-0.143762	-1.50251	-0.0296836	-0.720191	-0.242164	-0.314397	-1.8496	-0.0744064	1.61877	0.843474	-0.746606	-0.247319	-0.291079	-1.85146	-0.0704639	1.61406	0.837649	0	-11.8168	1.28739	12.9426	0.147444	1.43787	-5.8279e-06	0.221563	0.300158	-2.25214	-0.00982462	-0.00183046	-3.75773e-08	
1.63	-0.410403	-16.5239	1.37391	15.0593	0.143703	1.50272	0.0306744	-0.666717	-0.23357	-0.361887	-1.84605	-0.0822802	1.62696	0.854491	2.68191	0.373661	-2.38851	0.170469	-0.393935	0.370264	0.53215	6.61612	-59.3215	-12.6958	-7.7486	-0.193715	-41.3656	-19.4311	0.408392	16.5254	-1.35618	-15.0547	-0.143547	-1.50325	-0.0305203	-0.693519	-0.237575	-0.338046	-1.84779	-0.0783429	1.62307	0.849083	-0.720191	-0.242164	-0.314397	-1.8496	-0.0744064	1.61877	0.843474	-2.22045e-16	-11.7573	1.35404	12.947	0.147466	1.43698	-6.98958e-06	0.22863	0.306812	-2.26022	-0.00866433	-0.000789726	-3.61179e-08	
1.64	-0.457836	-16.5474	1.4251	15.1177	0.142499	1.50337	0.0315244	-0.639928	-0.230167	-0.385766	-1.8444	-0.0862272	1.63044	0.859714	2.67416	0.312656	-2.38487	0.160694	-0.395253	0.328898	0.514686	-7.7486	-61.0053	3.63588	-9.77516	-1.31875	-41.3656	-17.4642	0.448424	16.5486	-1.41505	-15.1097	-0.142783	-1.50358	-0.031369	-0.666717	-0.23357	-0.361887	-1.84605	-0.0822802	1.62696	0.854491	-0.693519	-0.237575	-0.338046	-1.84779	-0.0783429	1.62307	0.849083	2.22045e-16	-11.6773	1.42075	12.9502	0.147491	1.43612	-8.25674e-06	0.235046	0.317034	-2.26934	-0.00851443	0.00111153	-4.31842e-08	
1.65	-0.490928	-16.5349	1.4934	15.166	0.142367	1.50287	0.0324162	-0.613302	-0.227384	-0.40952	-1.84285	-0.0901931	1.6335	0.864771	2.65062	0.250071	-2.36472	0.149488	-0.397742	0.287414	0.49895	-23.5438	-62.5849	20.1464	-11.2057	-2.48849	-41.4848	-15.7357	0.479666	16.5399	-1.48501	-15.1585	-0.142695	-1.50333	-0.0322333	-0.639928	-0.230167	-0.385766	-1.8444	-0.0862272	1.63044	0.859714	-0.666717	-0.23357	-0.361887	-1.84605	-0.0822802	1.62696	0.854491	0	-11.5775	1.48767	12.952	0.147521	1.43529	-9.631e-06	0.238449	0.322432	-2.27204	-0.00682775	-0.000231022	-3.33847e-08	
1.66	-0.507402	-16.3489	1.56461	15.1541	0.142364	1.5023	0.0321751	-0.586998	-0.225233	-0.432979	-1.84143	-0.0941892	1.63614	0.869681	2.61188	0.186443	-2.32813	0.136375	-0.401281	0.245452	0.485003	-38.743	-63.628	36.5973	-13.113	-3.53903	-41.9617	-13.9475	0.506085	16.4075	-1.55042	-15.1641	-0.142378	-1.50232	-0.0323843	-0.613302	-0.227384	-0.40952	-1.84285	-0.0901931	1.6335	0.864771	-0.639928	-0.230167	-0.385766	-1.8444	-0.0862272	1.63044	0.859714	0	-11.4593	1.55501	12.9526	0.147556	1.43448	-1.0909e-05	0.23872	0.323422	-2.27304	-0.00584468	0.00174437	-3.52959e-08	
1.67	-0.499982	-15.8999	1.63278	15.0253	0.142459	1.49737	0.0303426	-0.561148	-0.223714	-0.455996	-1.84014	-0.0982262	1.63837	0.874464	2.56151	0.124142	-2.27854	0.123024	-0.405736	0.20504	0.473082	-50.3659	-62.3017	49.5911	-13.3514	-4.45545	-40.4119	-11.9209	0.504411	15.9981	-1.61684	-15.052	-0.142279	-1.49804	-0.0307741	-0.586998	-0.225233	-0.432979	-1.84143	-0.0941892	1.63614	0.869681	-0.613302	-0.227384	-0.40952	-1.84285	-0.0901931	1.6335	0.864771	-4.44089e-16	-11.3241	1.62298	12.9519	0.147599	1.43369	-1.22052e-05	0.227483	0.31062	-2.25986	-0.00559594	0.0030292	-4.2941e-08	
1.68	-0.477874	-15.3109	1.69878	14.8363	0.142683	1.49046	0.0276465	-0.535851	-0.2228	-0.478463	-1.83898	-0.102312	1.64021	0.879137	2.50298	0.0652522	-2.21968	0.109911	-0.411123	0.167608	0.46283	-58.5315	-58.8894	58.8596	-13.113	-5.38677	-37.4317	-10.252	0.483709	15.4351	-1.68497	-14.8763	-0.142595	-1.49185	-0.0282255	-0.561148	-0.223714	-0.455996	-1.84014	-0.0982262	1.63837	0.874464	-0.586998	-0.225233	-0.432979	-1.84143	-0.0941892	1.63614	0.869681	4.44089e-16	-11.174	1.69173	12.95	0.147649	1.43292	-1.32289e-05	0.209782	0.284987	-2.23505	-0.00457759	0.00350532	-4.18705e-08	
1.69	-0.456433	-14.673	1.75483	14.6311	0.142244	1.48393	0.0245577	-0.511166	-0.222449	-0.50031	-1.83795	-0.106454	1.6417	0.883717	2.43992	0.0109226	-2.15515	0.0972748	-0.416853	0.133514	0.454187	-63.0617	-54.3296	64.522	-12.6362	-5.7295	-34.0938	-8.64267	0.448019	14.8019	-1.75872	-14.6734	-0.143207	-1.48533	-0.0252265	-0.535851	-0.2228	-0.478463	-1.83898	-0.102312	1.64021	0.879137	-0.561148	-0.223714	-0.455996	-1.84014	-0.0982262	1.63837	0.874464	0	-11.0108	1.76136	12.947	0.147705	1.43216	-1.40959e-05	0.186379	0.253748	-2.20756	-0.00331987	0.00300984	-3.57283e-08	
1.7	-0.409508	-14.0215	1.83504	14.4216	0.143268	1.47743	0.0214653	-0.487125	-0.222615	-0.521496	-1.83704	-0.110656	1.64286	0.888215	2.37462	-0.0382513	-2.08843	0.0858307	-0.423118	0.103116	0.44632	-65.2969	-49.1738	66.7274	-11.4441	-6.26594	-30.3984	-7.86781	0.417592	14.1493	-1.82043	-14.4614	-0.143123	-1.47849	-0.0220834	-0.511166	-0.222449	-0.50031	-1.83795	-0.106454	1.6417	0.883717	-0.535851	-0.2228	-0.478463	-1.83898	-0.102312	1.64021	0.879137	2.22045e-16	-10.8366	1.83194	12.943	0.147768	1.43142	-1.48251e-05	0.163025	0.225344	-2.17797	-0.00289	0.00352185	-3.67896e-08	
1.71	-0.368771	-13.3819	1.90621	14.2156	0.143732	1.4706	0.0184787	-0.463741	-0.223245	-0.542006	-1.83624	-0.114921	1.64374	0.892639	2.30899	-0.0825524	-2.0206	0.0755787	-0.429392	0.0765324	0.439227	-65.6247	-44.3011	67.8301	-10.252	-6.27339	-26.5837	-7.09295	0.381475	13.5065	-1.88647	-14.2533	-0.143361	-1.4715	-0.0190619	-0.487125	-0.222615	-0.521496	-1.83704	-0.110656	1.64286	0.888215	-0.511166	-0.222449	-0.50031	-1.83795	-0.106454	1.6417	0.883717	-2.22045e-16	-10.6531	1.90352	12.9381	0.147836	1.43069	-1.55156e-05	0.141989	0.196134	-2.15157	-0.00252567	0.00309578	-3.59755e-08	
1.72	-0.333659	-12.776	1.97236	14.0234	0.143905	1.46406	0.0157171	-0.441006	-0.224292	-0.56184	-1.83553	-0.119249	1.64438	0.896997	2.24456	-0.12207	-1.95342	0.066638	-0.435777	0.0531673	0.432909	-64.4326	-39.5179	67.1746	-8.9407	-6.38515	-23.365	-6.31809	0.351319	12.8914	-1.94611	-14.0544	-0.143174	-1.46434	-0.0162431	-0.463741	-0.223245	-0.542006	-1.83624	-0.114921	1.64374	0.892639	-0.487125	-0.222615	-0.521496	-1.83704	-0.110656	1.64286	0.888215	6.66134e-16	-10.4619	1.9761	12.9322	0.147909	1.42997	-1.61959e-05	0.119023	0.169775	-2.12011	-0.00222304	0.00243458	-2.95547e-08	
1.73	-0.302179	-12.2102	2.0373	13.8492	0.1439	1.45811	0.0132259	-0.418907	-0.225709	-0.58101	-1.83491	-0.12364	1.64479	0.901292	2.18198	-0.157207	-1.8878	0.0588894	-0.441968	0.0327826	0.427008	-62.5849	-35.1369	65.6247	-7.74861	-6.19143	-20.3848	-5.90086	0.316058	12.3233	-2.01575	-13.8842	-0.143347	-1.45949	-0.0136728	-0.441006	-0.224292	-0.56184	-1.83553	-0.119249	1.64438	0.896997	-0.463741	-0.223245	-0.542006	-1.83624	-0.114921	1.64374	0.892639	4.44089e-16	-10.2644	2.04967	12.9256	0.147986	1.42927	-1.67508e-05	0.101507	0.14487	-2.09999	-0.00201741	0.00345945	-3.44969e-08	
1.74	-0.270894	-11.6856	2.1058	13.694	0.14405	1.45283	0.0110282	-0.397421	-0.227456	-0.599537	-1.83436	-0.128093	1.64502	0.90553	2.12184	-0.18844	-1.8245	0.0522137	-0.448093	0.0151396	0.421345	-60.1411	-31.2328	63.3001	-6.67572	-6.12438	-17.643	-5.66244	0.281661	11.7935	-2.08764	-13.7285	-0.143711	-1.4543	-0.0114509	-0.418907	-0.225709	-0.58101	-1.83491	-0.12364	1.64479	0.901292	-0.441006	-0.224292	-0.56184	-1.83553	-0.119249	1.64438	0.896997	0	-10.0618	2.12422	12.9182	0.148068	1.42857	-1.72014e-05	0.0855187	0.123563	-2.07777	-0.00165889	0.00337525	-3.58077e-08	
1.75	-0.246344	-11.2077	2.17197	13.5602	0.143968	1.44833	0.00913291	-0.376521	-0.229495	-0.617447	-1.83387	-0.132606	1.64509	0.909713	2.06429	-0.216022	-1.76364	0.0466108	-0.453934	-0.000357628	0.415921	-57.5483	-27.582	60.8563	-5.60284	-5.84126	-15.4972	-5.42402	0.251605	11.3105	-2.15997	-13.5972	-0.143926	-1.45064	-0.00948687	-0.397421	-0.227456	-0.599537	-1.83436	-0.128093	1.64502	0.90553	-0.418907	-0.225709	-0.58101	-1.83491	-0.12364	1.64479	0.901292	-4.44089e-16	-9.85506	2.19971	12.9101	0.148154	1.42788	-1.76208e-05	0.0736953	0.105399	-2.06112	-0.002089	0.0030917	-3.36642e-08	
1.76	-0.219313	-10.7712	2.24649	13.4514	0.144197	1.44549	0.00750044	-0.356181	-0.231793	-0.634764	-1.83344	-0.137176	1.64501	0.913845	2.00963	-0.240698	-1.70577	0.0414848	-0.459611	-0.0134706	0.411093	-54.6575	-24.6763	57.8761	-5.126	-5.67734	-13.113	-4.82798	0.220109	10.8487	-2.23524	-13.4661	-0.144352	-1.44553	-0.00779118	-0.376521	-0.229495	-0.617447	-1.83387	-0.132606	1.64509	0.909713	-0.397421	-0.227456	-0.599537	-1.83436	-0.128093	1.64502	0.90553	4.44089e-16	-9.64508	2.27611	12.9013	0.148242	1.4272	-1.79514e-05	0.0584982	0.0868718	-2.04436	-0.00111572	0.00291969	-3.08369e-08	
1.77	-0.180902	-10.351	2.33544	13.3412	0.145256	1.44125	0.00614517	-0.336373	-0.234323	-0.651518	-1.83304	-0.141801	1.64481	0.917926	1.95751	-0.262618	-1.65081	0.0379086	-0.464901	-0.0252724	0.405729	-52.1244	-21.9196	54.9555	-3.57627	-5.28991	-11.8017	-5.36442	0.201794	10.4421	-2.30369	-13.3695	-0.144207	-1.44285	-0.00636126	-0.356181	-0.231793	-0.634764	-1.83344	-0.137176	1.64501	0.913845	-0.376521	-0.229495	-0.617447	-1.83387	-0.132606	1.64509	0.909713	4.44089e-16	-9.43255	2.35337	12.892	0.148334	1.42653	-1.82614e-05	0.0470406	0.0746966	-2.03206	-0.00118312	0.00236856	-2.74665e-08	
1.78	-0.163987	-9.97224	2.40571	13.2518	0.145206	1.43787	0.00498955	-0.317071	-0.23706	-0.667732	-1.83268	-0.146479	1.6445	0.921959	1.90818	-0.282347	-1.59806	0.0346899	-0.470087	-0.0352859	0.401318	-49.3228	-19.7291	52.7501	-3.21865	-5.1856	-10.0136	-4.41074	0.169806	10.0499	-2.38939	-13.2741	-0.144886	-1.43935	-0.00517145	-0.336373	-0.234323	-0.651518	-1.83304	-0.141801	1.64481	0.917926	-0.356181	-0.231793	-0.634764	-1.83344	-0.137176	1.64501	0.913845	-4.44089e-16	-9.21809	2.43146	12.882	0.148429	1.42586	-1.86368e-05	0.0401324	0.0624759	-2.01944	-0.00109577	0.00320192	-3.21787e-08	
1.79	-0.14791	-9.62804	2.48109	13.1854	0.145271	1.43649	0.00400113	-0.29825	-0.239982	-0.683435	-1.83235	-0.151208	1.64409	0.925949	1.86118	-0.300124	-1.54775	0.0317097	-0.475123	-0.0443459	0.397086	-46.9983	-17.7771	50.3063	-2.98023	-5.03659	-9.0599	-4.23193	0.148812	9.68764	-2.46672	-13.1897	-0.145389	-1.43569	-0.0041956	-0.317071	-0.23706	-0.667732	-1.83268	-0.146479	1.6445	0.921959	-0.336373	-0.234323	-0.651518	-1.83304	-0.141801	1.64481	0.917926	0	-9.0022	2.51034	12.8714	0.148526	1.42521	-1.88756e-05	0.0351818	0.0517526	-2.01024	-0.000527695	0.000932999	-1.69151e-08	
1.8	-0.121899	-9.28552	2.56729	13.108	0.146068	1.43283	0.00321989	-0.279887	-0.243073	-0.698646	-1.83204	-0.155985	1.64361	0.929898	1.8163	-0.316188	-1.49989	0.0300407	-0.479832	-0.0523329	0.393331	-44.8823	-16.0634	47.8625	-1.66893	-4.70877	-7.98702	-3.75509	0.129393	9.35649	-2.54804	-13.1271	-0.145731	-1.43407	-0.00335652	-0.29825	-0.239982	-0.683435	-1.83235	-0.151208	1.64409	0.925949	-0.317071	-0.23706	-0.667732	-1.83268	-0.146479	1.6445	0.921959	1.33227e-15	-8.78532	2.58997	12.8603	0.148627	1.42456	-1.91354e-05	0.0288867	0.0423509	-2.00001	-0.000520577	0.00267615	-2.67482e-08	
1.81	-0.115359	-8.97887	2.63765	13.0518	0.145863	1.43055	0.0025722	-0.26196	-0.246317	-0.71339	-1.83176	-0.160809	1.64304	0.933808	1.77354	-0.330821	-1.4537	0.0283718	-0.484437	-0.0593662	0.389278	-42.7663	-14.6329	46.1936	-1.66893	-4.60446	-7.03335	-4.05312	0.116343	9.04162	-2.62444	-13.0682	-0.145874	-1.43192	-0.00265798	-0.279887	-0.243073	-0.698646	-1.83204	-0.155985	1.64361	0.929898	-0.29825	-0.239982	-0.683435	-1.83235	-0.151208	1.64409	0.925949	-4.44089e-16	-8.56784	2.67031	12.8486	0.148729	1.42391	-1.93435e-05	0.0244965	0.0356514	-1.99589	-0.000276372	0.00137099	-1.92105e-08	
1.82	-0.0985923	-8.68522	2.72281	13.0043	0.146296	1.42911	0.00204025	-0.244451	-0.2497	-0.727684	-1.83148	-0.165676	1.64241	0.937683	1.73262	-0.344247	-1.40977	0.0270605	-0.488669	-0.0659227	0.38588	-40.9186	-13.4259	43.9286	-1.3113	-4.23193	-6.55651	-3.39746	0.100174	8.73977	-2.70686	-13.0102	-0.146312	-1.42905	-0.00213797	-0.26196	-0.246317	-0.71339	-1.83176	-0.160809	1.64304	0.933808	-0.279887	-0.243073	-0.698646	-1.83204	-0.155985	1.64361	0.929898	0	-8.35006	2.75132	12.8364	0.148834	1.42328	-1.94495e-05	0.0189245	0.031731	-1.99014	-0.000623561	-8.99588e-05	-1.20566e-08	
1.83	-0.0881957	-8.40108	2.80187	12.9548	0.146556	1.42657	0.00162321	-0.227344	-0.253212	-0.741546	-1.83121	-0.170586	1.64172	0.941528	1.69328	-0.356615	-1.36727	0.0263453	-0.49293	-0.071764	0.38296	-39.3391	-12.368	42.4981	-0.715256	-4.26173	-5.84126	-2.92063	0.092584	8.45706	-2.78307	-12.9651	-0.146348	-1.42721	-0.00167536	-0.244451	-0.2497	-0.727684	-1.83148	-0.165676	1.64241	0.937683	-0.26196	-0.246317	-0.71339	-1.83176	-0.160809	1.64304	0.933808	-4.44089e-16	-8.1323	2.83297	12.8237	0.148941	1.42265	-1.96492e-05	0.0150673	0.0271012	-1.98341	-0.000720814	0.000738623	-1.78759e-08	
1.84	-0.0770282	-8.1346	2.88625	12.9215	0.146847	1.42588	0.00125828	-0.210621	-0.256843	-0.754992	-1.83096	-0.175537	1.64097	0.945346	1.65535	-0.368208	-1.32632	0.0253916	-0.496909	-0.0771284	0.380456	-37.9235	-11.5931	40.9484	-0.953674	-3.97861	-5.36442	-2.5034	0.0755238	8.18022	-2.87169	-12.9201	-0.147094	-1.4251	-0.00133427	-0.227344	-0.253212	-0.741546	-1.83121	-0.170586	1.64172	0.941528	-0.244451	-0.2497	-0.727684	-1.83148	-0.165676	1.64241	0.937683	-8.88178e-16	-7.91476	2.91523	12.8104	0.149051	1.42202	-1.96763e-05	0.0144476	0.0201362	-1.98017	0.000198023	0.000965768	-1.62037e-08	
1.85	-0.0714739	-7.87401	2.96488	12.8845	0.146691	1.42428	0.00095414	-0.194269	-0.260585	-0.768037	-1.8307	-0.180526	1.64017	0.949139	1.61886	-0.378996	-1.28669	0.0250339	-0.500336	-0.0823736	0.378549	-36.4929	-10.7884	39.6371	-0.357628	-3.4273	-5.2452	-1.90735	0.0702376	7.92301	-2.95113	-12.8897	-0.146878	-1.42443	-0.0010105	-0.210621	-0.256843	-0.754992	-1.83096	-0.175537	1.64097	0.945346	-0.227344	-0.253212	-0.741546	-1.83121	-0.170586	1.64172	0.941528	-8.88178e-16	-7.6977	2.99806	12.7967	0.149163	1.42139	-1.96688e-05	0.00999164	0.0173649	-1.97643	3.57371e-05	0.000419384	-1.3749e-08	
1.86	-0.061728	-7.6195	3.04985	12.8487	0.147198	1.42241	0.000751119	-0.178276	-0.26443	-0.780693	-1.83045	-0.185552	1.63932	0.952914	1.58349	-0.389069	-1.24836	0.0249147	-0.50427	-0.0870228	0.376821	-35.3754	-10.0732	38.3257	-0.119209	-3.93391	-4.64916	-1.72853	0.0605557	7.66949	-3.0365	-12.8552	-0.147286	-1.42274	-0.000806042	-0.194269	-0.260585	-0.768037	-1.8307	-0.180526	1.64017	0.949139	-0.210621	-0.256843	-0.754992	-1.83096	-0.175537	1.64097	0.945346	-1.77636e-15	-7.48128	3.08144	12.7824	0.149277	1.42078	-1.96659e-05	0.00878601	0.0129921	-1.9775	0.00129373	-0.000597832	-5.11258e-09	
