0.87	-0.57925	0.221273	-2.2315	3.83155	-0.259347	1.45976	-0.00482826	-1.58876	-0.533067	0.000321741	-1.07068	0.000316654	0.537606	0.292825	0.281453	0.13715	0.0370771	0.249624	0.0369182	-0.112474	2.64382	281.453	137.15	37.0771	249.624	36.9182	-112.474	2643.82	0.126048	-0.260275	0.547981	-4.71533	-0.100393	-1.71477	0.0267603	0	0	0	0	0	0	0	0	0	0	0	0	0	0	0	0.417005	-0.087386	4.73605	0.0856042	1.52714	4.88566e-07	-0.0384889	0.113956	-1.90408	-0.182035	0.158762	-9.55321e-07	
0.88	-0.36798	0.282203	-1.48505	4.12508	-0.117828	1.52624	-0.0109834	-1.58617	-0.532035	0.000525581	-1.06887	0.000516199	0.53683	0.318023	0.241637	0.0785589	0.00860234	0.130534	0.00844145	-0.0519752	2.42275	-39.8159	-58.5914	-28.4748	-119.09	-28.4767	60.4987	-221.073	0.404653	-0.274526	1.61468	-4.07647	0.142354	-1.51535	0.00991533	-1.58876	-0.533067	0.000321741	-1.07068	0.000316654	0.537606	0.292825	0	0	0	0	0	0	0	0	0.412996	-0.087783	4.7235	0.0845004	1.52342	6.22259e-07	-0.169227	0.29554	-1.74865	-0.10799	0.0833978	-4.51853e-07	
0.89	-0.195977	0.399386	-0.877904	4.25652	-0.00361307	1.56854	-0.0167057	-1.58391	-0.531486	0.000502106	-1.06804	0.000493756	0.536556	0.341136	0.21565	0.0376105	-0.0101332	0.0468492	-0.00959786	-0.00935793	2.22325	-25.9876	-40.9484	-18.7355	-83.6849	-18.0393	42.6173	-199.497	0.227297	-0.370377	0.988329	-4.24079	0.0243697	-1.56135	0.0155866	-1.58617	-0.532035	0.000525581	-1.06887	0.000516199	0.53683	0.318023	-1.58876	-0.533067	0.000321741	-1.07068	0.000316654	0.537606	0.292825	5.55112e-17	0.410731	-0.0866638	4.71694	0.0835969	1.51997	5.76912e-07	-0.120146	0.17201	-1.80328	-0.109989	0.091647	-4.84375e-07	
0.9	-0.0619473	0.546792	-0.405409	4.28623	0.0848408	1.59423	-0.0217	-1.58184	-0.531284	0.000341645	-1.06794	0.00033507	0.536653	0.362356	0.200748	0.00703335	-0.0199898	-0.0171661	-0.0197623	0.0241995	2.04167	-14.9012	-30.5772	-9.85665	-64.0154	-10.1644	33.5574	-181.586	0.0872994	-0.52107	0.49484	-4.28317	-0.0681721	-1.59003	0.0207586	-1.58391	-0.531486	0.000502106	-1.06804	0.000493756	0.536556	0.341136	-1.58617	-0.532035	0.000525581	-1.06887	0.000516199	0.53683	0.318023	2.77556e-17	0.409551	-0.0846736	4.71485	0.0828523	1.51676	5.18376e-07	-0.0908392	0.0712147	-1.83629	-0.110911	0.0939744	-5.18958e-07	
0.91	0.0433066	0.693956	-0.0344792	4.26122	0.153567	1.60865	-0.0259256	-1.57988	-0.531353	0.000118196	-1.06841	0.000113495	0.537058	0.381837	0.194669	-0.0177026	-0.0232244	-0.0715256	-0.0233472	0.0537038	1.87352	-6.07967	-24.7359	-3.2346	-54.3594	-3.58496	29.5043	-168.145	-0.0249396	-0.674818	0.0992608	-4.2633	-0.141572	-1.60631	0.0252166	-1.58184	-0.531284	0.000341645	-1.06794	0.00033507	0.536653	0.362356	-1.58391	-0.531486	0.000502106	-1.06804	0.000493756	0.536556	0.341136	-2.77556e-17	0.408957	-0.082342	4.71652	0.0822424	1.51379	5.12455e-07	-0.0707942	-0.0110942	-1.84953	-0.112785	0.0959061	-5.50804e-07	
0.92	0.129099	0.853776	0.267731	4.19721	0.208608	1.61576	-0.0296249	-1.57793	-0.531652	-0.000111452	-1.06941	-0.000114266	0.537753	0.399702	0.195384	-0.0398755	-0.0218536	-0.122428	-0.0216062	0.0825524	1.71652	0.715256	-22.1729	1.37081	-50.9024	1.74109	28.8486	-156.999	-0.112867	-0.829457	-0.210437	-4.20736	-0.198236	-1.61486	0.0289805	-1.57988	-0.531353	0.000118196	-1.06841	0.000113495	0.537058	0.381837	-1.58184	-0.531284	0.000341645	-1.06794	0.00033507	0.536653	0.362356	8.32667e-17	0.408573	-0.0800753	4.72169	0.0817524	1.51105	4.31017e-07	-0.0586732	-0.07731	-1.85156	-0.112632	0.0976137	-5.65587e-07	
0.93	0.193654	1.00515	0.494678	4.12037	0.249325	1.61786	-0.0325857	-1.57595	-0.532168	-0.000300519	-1.07091	-0.000300545	0.538742	0.416048	0.201225	-0.061214	-0.0159296	-0.173807	-0.0159385	0.112712	1.56882	5.84126	-21.3385	5.92406	-51.3792	5.66767	30.16	-147.7	-0.179973	-0.966779	-0.446758	-4.14054	-0.240698	-1.61754	0.0319293	-1.57793	-0.531652	-0.000111452	-1.06941	-0.000114266	0.537753	0.399702	-1.57988	-0.531353	0.000118196	-1.06841	0.000113495	0.537058	0.381837	0	0.408096	-0.0782116	4.73042	0.0813741	1.50852	4.05025e-07	-0.0494604	-0.128539	-1.84524	-0.114172	0.100144	-5.82281e-07	
0.94	0.243109	1.11923	0.66851	4.05406	0.279807	1.61605	-0.0347529	-1.57388	-0.532896	-0.00041332	-1.07294	-0.000411999	0.540045	0.430958	0.21112	-0.0823736	-0.00687991	-0.227571	-0.00717238	0.145137	1.42819	9.89437	-21.1596	9.04966	-53.7634	8.7661	32.4249	-140.637	-0.235901	-1.10396	-0.643262	-4.0636	-0.27536	-1.61673	0.0344477	-1.57595	-0.532168	-0.000300519	-1.07091	-0.000300545	0.538742	0.416048	-1.57793	-0.531652	-0.000111452	-1.06941	-0.000114266	0.537753	0.399702	0	0.407293	-0.0770082	4.74291	0.0810995	1.5062	3.7026e-07	-0.0441367	-0.172844	-1.83529	-0.114148	0.101597	-5.8651e-07	
0.95	0.282227	1.24239	0.805446	3.98471	0.303006	1.61286	-0.0365248	-1.5717	-0.533841	-0.000423455	-1.07553	-0.000421239	0.541687	0.444501	0.223994	-0.104547	0.00425152	-0.284791	0.00398897	0.180185	1.29467	12.8746	-22.1729	11.1314	-57.2205	11.1613	35.0475	-133.514	-0.273143	-1.22909	-0.773603	-3.99336	-0.297422	-1.61396	0.0362274	-1.57388	-0.532896	-0.00041332	-1.07294	-0.000411999	0.540045	0.430958	-1.57595	-0.532168	-0.000300519	-1.07091	-0.000300545	0.538742	0.416048	0	0.405981	-0.0766616	4.75942	0.0809257	1.50408	3.69194e-07	-0.0433252	-0.204029	-1.8266	-0.11327	0.100652	-5.84949e-07	
0.96	0.312257	1.35029	0.910196	3.92742	0.319874	1.60835	-0.0377732	-1.56938	-0.535012	-0.000312048	-1.07871	-0.000309671	0.543693	0.45674	0.239134	-0.127435	0.0169867	-0.345349	0.0170672	0.217795	1.1667	15.1396	-22.8882	12.7352	-60.5583	13.0783	37.6105	-127.971	-0.305568	-1.3295	-0.886774	-3.93725	-0.316161	-1.60909	0.0375325	-1.5717	-0.533841	-0.000423455	-1.07553	-0.000421239	0.541687	0.444501	-1.57388	-0.532896	-0.00041332	-1.07294	-0.000411999	0.540045	0.430958	0	0.403982	-0.0773156	4.78024	0.0808503	1.50216	3.37737e-07	-0.0401924	-0.230595	-1.81694	-0.112631	0.099691	-5.80836e-07	
0.97	0.331776	1.45266	0.977146	3.87856	0.329882	1.60277	-0.0385667	-1.5669	-0.536415	-6.25231e-05	-1.0825	-6.29776e-05	0.546088	0.46773	0.255704	-0.1508	0.0314985	-0.408411	0.0310006	0.257671	1.0446	16.5701	-23.365	14.5118	-63.0617	13.9334	39.8755	-122.1	-0.328979	-1.43089	-0.967655	-3.88858	-0.328669	-1.60404	0.0384462	-1.56938	-0.535012	-0.000312048	-1.07871	-0.000309671	0.543693	0.45674	-1.5717	-0.533841	-0.000423455	-1.07553	-0.000421239	0.541687	0.444501	-8.32667e-17	0.401153	-0.0791014	4.80562	0.0808693	1.50042	2.84496e-07	-0.0406612	-0.251577	-1.80799	-0.109887	0.0989381	-5.64811e-07	
0.98	0.343704	1.54264	1.01705	3.84626	0.334713	1.59724	-0.0389257	-1.56424	-0.538054	0.000335628	-1.08695	0.000327666	0.548892	0.477524	0.273347	-0.174582	0.0469529	-0.473976	0.0459817	0.299275	0.927091	17.643	-23.7822	15.4543	-65.5651	14.9811	41.604	-117.511	-0.341805	-1.5281	-1.01079	-3.84975	-0.334078	-1.59817	0.0388926	-1.5669	-0.536415	-6.25231e-05	-1.0825	-6.29776e-05	0.546088	0.46773	-1.56938	-0.535012	-0.000312048	-1.07871	-0.000309671	0.543693	0.45674	-2.77556e-17	0.397344	-0.0821111	4.83578	0.08098	1.49887	3.0601e-07	-0.0421425	-0.264044	-1.79952	-0.108257	0.0973711	-5.50234e-07	
0.99	0.356122	1.62804	1.05823	3.82492	0.339605	1.59134	-0.039078	-1.56141	-0.53993	0.000885751	-1.09205	0.000866489	0.552122	0.486171	0.292182	-0.198305	0.0619504	-0.540733	0.0607958	0.342488	0.814557	18.8351	-23.7226	14.9975	-66.7572	14.8141	43.2133	-112.534	-0.355824	-1.60511	-1.05769	-3.83078	-0.340141	-1.59235	0.0390761	-1.56424	-0.538054	0.000335628	-1.08695	0.000327666	0.548892	0.477524	-1.5669	-0.536415	-6.25231e-05	-1.0825	-6.29776e-05	0.546088	0.46773	0	0.392395	-0.0863903	4.87089	0.081182	1.4975	3.34024e-07	-0.0418609	-0.276657	-1.79225	-0.105305	0.0966532	-5.31083e-07	
1	0.362278	1.70503	1.07669	3.81707	0.340472	1.58533	-0.0389003	-1.55839	-0.54204	0.00159209	-1.09783	0.00155533	0.555789	0.493723	0.310898	-0.221491	0.0776314	-0.607848	0.075723	0.386596	0.707447	18.7159	-23.1862	15.6811	-67.1148	14.9272	44.1074	-107.11	-0.360888	-1.69161	-1.07229	-3.81677	-0.340358	-1.58657	0.0389707	-1.56141	-0.53993	0.000885751	-1.09205	0.000866489	0.552122	0.486171	-1.56424	-0.538054	0.000335628	-1.08695	0.000327666	0.548892	0.477524	0	0.386175	-0.0919942	4.91104	0.0814718	1.4963	2.57624e-07	-0.0454808	-0.283905	-1.78909	-0.102254	0.092245	-5.07689e-07	
1.01	0.362638	1.76714	1.07413	3.82682	0.33773	1.57947	-0.0383831	-1.55517	-0.544377	0.00245565	-1.10428	0.00239279	0.559899	0.500233	0.329852	-0.243783	0.0936689	-0.674725	0.090325	0.43112	0.605851	18.9542	-22.2921	16.0375	-66.8764	14.602	44.5247	-101.596	-0.366104	-1.7533	-1.08713	-3.82415	-0.340454	-1.58064	0.038568	-1.55839	-0.54204	0.00159209	-1.09783	0.00155533	0.555789	0.493723	-1.56141	-0.53993	0.000885751	-1.09205	0.000866489	0.552122	0.486171	-2.77556e-17	0.378504	-0.0989586	4.95629	0.0818462	1.49526	2.82192e-07	-0.0452708	-0.288955	-1.78571	-0.09906	0.089569	-4.85371e-07	
1.02	0.365243	1.8417	1.07892	3.83773	0.336024	1.57356	-0.0378559	-1.55177	-0.546932	0.00347437	-1.11138	0.00337592	0.564455	0.50575	0.348806	-0.264883	0.108654	-0.739932	0.104687	0.475705	0.508606	18.9543	-21.1001	14.9847	-65.2075	14.3624	44.5843	-97.245	-0.364865	-1.81578	-1.07853	-3.83978	-0.336525	-1.57453	0.0379096	-1.55517	-0.544377	0.00245565	-1.10428	0.00239279	0.559899	0.500233	-1.55839	-0.54204	0.00159209	-1.09783	0.00155533	0.555789	0.493723	-5.55112e-17	0.369223	-0.107301	5.00663	0.0823033	1.49438	2.55231e-07	-0.0473817	-0.28969	-1.78228	-0.096173	0.0871931	-4.61586e-07	
1.03	0.362625	1.8856	1.06476	3.87297	0.33116	1.56774	-0.0369453	-1.54818	-0.549689	0.00464476	-1.11913	0.00449831	0.569454	0.510329	0.367761	-0.284195	0.12371	-0.803471	0.118508	0.519753	0.416934	18.9543	-19.3119	15.0562	-63.5386	13.8201	44.0479	-91.672	-0.362637	-1.87955	-1.06579	-3.86461	-0.331878	-1.56908	0.0371453	-1.55177	-0.546932	0.00347437	-1.11138	0.00337592	0.564455	0.50575	-1.55517	-0.544377	0.00245565	-1.10428	0.00239279	0.559899	0.500233	-5.55112e-17	0.358153	-0.117029	5.06201	0.0828392	1.49364	2.69641e-07	-0.0496412	-0.289821	-1.78151	-0.0918664	0.0841737	-4.32622e-07	
1.04	0.359801	1.94571	1.0489	3.9083	0.326265	1.56239	-0.0360603	-1.5444	-0.55263	0.00596181	-1.12751	0.00575405	0.574891	0.514025	0.386119	-0.301957	0.138212	-0.864506	0.131183	0.563323	0.331521	18.3582	-17.7622	14.5026	-61.0352	12.6758	43.571	-85.4135	-0.359831	-1.91873	-1.05033	-3.90916	-0.326895	-1.56357	0.0361355	-1.54818	-0.549689	0.00464476	-1.11913	0.00449831	0.569454	0.510329	-1.55177	-0.546932	0.00347437	-1.11138	0.00337592	0.564455	0.50575	5.55112e-17	0.345104	-0.128141	5.12234	0.083452	1.49305	2.26249e-07	-0.048569	-0.287207	-1.77896	-0.0891788	0.0834936	-4.0878e-07	
1.05	0.356511	1.99396	1.03077	3.95631	0.320987	1.55706	-0.0350197	-1.54043	-0.555737	0.00742078	-1.13647	0.00713428	0.580759	0.516896	0.404596	-0.317574	0.151835	-0.922561	0.143163	0.606	0.25183	18.4774	-15.6164	13.6224	-58.0549	11.9801	42.6769	-79.6914	-0.355738	-1.99924	-1.02962	-3.9383	-0.321109	-1.55816	0.035301	-1.5444	-0.55263	0.00596181	-1.12751	0.00575405	0.574891	0.514025	-1.54818	-0.549689	0.00464476	-1.11913	0.00449831	0.569454	0.510329	0	0.329898	-0.140637	5.18748	0.0841366	1.49259	2.11467e-07	-0.0542029	-0.287394	-1.77968	-0.0839458	0.077891	-3.78708e-07	
1.06	0.348902	2.03711	0.996936	4.01062	0.313164	1.5513	-0.033833	-1.53629	-0.558987	0.00901491	-1.146	0.00863051	0.587047	0.519002	0.422955	-0.330687	0.165179	-0.976682	0.154427	0.647366	0.177979	18.3582	-13.113	13.3445	-54.121	11.2639	41.3656	-73.8502	-0.350157	-2.02653	-1.00282	-4.00046	-0.314583	-1.55245	0.034055	-1.54043	-0.555737	0.00742078	-1.13647	0.00713428	0.580759	0.516896	-1.5444	-0.55263	0.00596181	-1.12751	0.00575405	0.574891	0.514025	5.55112e-17	0.31233	-0.1545	5.25728	0.0848904	1.49225	2.0455e-07	-0.0547089	-0.283221	-1.78195	-0.0803176	0.0742938	-3.51612e-07	
1.07	0.341164	2.089	0.962027	4.06887	0.305385	1.54643	-0.0326632	-1.53196	-0.562357	0.0107379	-1.15605	0.0102328	0.593744	0.520405	0.440359	-0.341892	0.177828	-1.0277	0.164729	0.687718	0.110507	17.4046	-11.2057	12.6483	-51.0216	10.3014	40.3523	-67.4725	-0.343424	-2.0668	-0.971363	-4.06237	-0.307364	-1.5472	0.0328368	-1.53629	-0.558987	0.00901491	-1.146	0.00863051	0.587047	0.519002	-1.54043	-0.555737	0.00742078	-1.13647	0.00713428	0.580759	0.516896	-5.55112e-17	0.292211	-0.169716	5.33156	0.0857087	1.49203	2.12577e-07	-0.057991	-0.279869	-1.78701	-0.0746917	0.068126	-3.19775e-07	
1.08	0.3341	2.09249	0.928227	4.15302	0.297994	1.54054	-0.0311767	-1.52746	-0.565822	0.0125824	-1.16659	0.0119311	0.600835	0.521167	0.457764	-0.349939	0.18944	-1.07455	0.174084	0.726581	0.049293	17.4046	-8.04663	11.6127	-46.8493	9.35514	38.8622	-61.214	-0.335353	-2.10417	-0.934522	-4.12901	-0.299517	-1.54177	0.0315683	-1.53196	-0.562357	0.0107379	-1.15605	0.0102328	0.593744	0.520405	-1.53629	-0.558987	0.00901491	-1.146	0.00863051	0.587047	0.519002	0	0.26935	-0.186255	5.41013	0.0865881	1.49191	1.9151e-07	-0.0585403	-0.273427	-1.78497	-0.0711461	0.0678819	-2.94975e-07	
1.09	0.324068	2.13205	0.883749	4.22351	0.289342	1.53529	-0.0298947	-1.5228	-0.569358	0.0145407	-1.17757	0.0137157	0.608307	0.521356	0.474215	-0.355959	0.200819	-1.11723	0.181919	0.764012	-0.00482798	16.4509	-6.02007	11.3789	-42.6769	7.83521	37.4317	-54.121	-0.325346	-2.1289	-0.890252	-4.20707	-0.29069	-1.53653	0.0301772	-1.52746	-0.565822	0.0125824	-1.16659	0.0119311	0.600835	0.521167	-1.53196	-0.562357	0.0107379	-1.15605	0.0102328	0.593744	0.520405	0	0.243565	-0.204088	5.49278	0.0875249	1.49188	1.80612e-07	-0.0614917	-0.26702	-1.78874	-0.066668	0.0629693	-2.67135e-07	
1.1	0.316132	2.14725	0.845435	4.30933	0.281837	1.53005	-0.0285008	-1.51796	-0.572938	0.0166048	-1.18896	0.0155754	0.616145	0.521037	0.490308	-0.359297	0.211017	-1.15597	0.188943	0.799775	-0.0529885	16.0933	-3.33786	10.198	-38.743	7.02403	35.7628	-48.1605	-0.316332	-2.15677	-0.848923	-4.28667	-0.282445	-1.53132	0.0288196	-1.5228	-0.569358	0.0145407	-1.17757	0.0137157	0.608307	0.521356	-1.52746	-0.565822	0.0125824	-1.16659	0.0119311	0.600835	0.521167	-1.11022e-16	0.214663	-0.223168	5.57929	0.0885152	1.49193	8.55007e-08	-0.063263	-0.261375	-1.78913	-0.0615723	0.0606335	-2.3729e-07	
1.11	0.305784	2.14256	0.797844	4.40908	0.273098	1.52503	-0.0269597	-1.51297	-0.576538	0.0187671	-1.20072	0.0175002	0.624334	0.520279	0.506043	-0.360131	0.220684	-1.19102	0.195116	0.834107	-0.0935197	15.7357	-0.834465	9.66713	-35.0475	6.17281	34.3323	-40.5312	-0.310359	-2.14534	-0.81589	-4.38785	-0.276141	-1.52598	0.0273124	-1.51796	-0.572938	0.0166048	-1.18896	0.0155754	0.616145	0.521037	-1.5228	-0.569358	0.0145407	-1.17757	0.0137157	0.608307	0.521356	-5.55112e-17	0.18247	-0.243455	5.66944	0.0895553	1.49205	1.03062e-07	-0.0649872	-0.257297	-1.79783	-0.0536907	0.0541505	-2.03853e-07	
1.12	0.295906	2.1569	0.751813	4.49763	0.264764	1.51936	-0.0255785	-1.50783	-0.580133	0.0210211	-1.2128	0.0194815	0.632857	0.519154	0.521421	-0.358522	0.22937	-1.2213	0.200361	0.867069	-0.127316	15.378	1.60933	8.68551	-30.2792	5.24521	32.9614	-33.7958	-0.298959	-2.14707	-0.764345	-4.48453	-0.26702	-1.52082	0.0258323	-1.51297	-0.576538	0.0187671	-1.20072	0.0175002	0.624334	0.520279	-1.51796	-0.572938	0.0166048	-1.18896	0.0155754	0.616145	0.521037	1.11022e-16	0.146823	-0.264907	5.76301	0.0906415	1.49223	1.6518e-07	-0.0654389	-0.24874	-1.79989	-0.0507006	0.0508935	-1.81751e-07	
1.13	0.286693	2.15576	0.706767	4.597	0.257084	1.51424	-0.0241744	-1.50254	-0.583699	0.0233586	-1.22516	0.0215065	0.641701	0.517729	0.535846	-0.354588	0.237374	-1.248	0.204388	0.898361	-0.15384	14.4243	3.93391	8.00379	-26.7029	4.02704	31.2924	-26.5241	-0.289667	-2.14576	-0.719005	-4.58331	-0.259315	-1.51549	0.0244108	-1.50783	-0.580133	0.0210211	-1.2128	0.0194815	0.632857	0.519154	-1.51297	-0.576538	0.0187671	-1.20072	0.0175002	0.624334	0.520279	-5.55112e-17	0.107571	-0.28746	5.85978	0.0917677	1.49246	1.1727e-07	-0.0671268	-0.242375	-1.80209	-0.0458759	0.0480306	-1.56405e-07	
1.14	0.278606	2.13116	0.663863	4.70877	0.250143	1.50885	-0.0226759	-1.4971	-0.587212	0.0257715	-1.23778	0.0235674	0.650851	0.516075	0.549912	-0.34821	0.244495	-1.27101	0.207264	0.928402	-0.173748	14.0667	6.3777	7.12089	-23.0073	2.87592	30.0407	-19.9079	-0.28083	-2.13478	-0.674454	-4.68836	-0.251791	-1.51024	0.0229686	-1.50254	-0.583699	0.0233586	-1.22516	0.0215065	0.641701	0.517729	-1.50783	-0.580133	0.0210211	-1.2128	0.0194815	0.632857	0.519154	-1.11022e-16	0.0645538	-0.311048	5.95954	0.0929329	1.49272	1.12366e-07	-0.0699822	-0.237083	-1.80962	-0.0389525	0.0406854	-1.24427e-07	
1.15	0.268684	2.1011	0.614096	4.82674	0.242399	1.50436	-0.0211849	-1.49153	-0.59065	0.0282543	-1.2506	0.0256535	0.660292	0.514261	0.563502	-0.339866	0.251044	-1.2908	0.209393	0.956893	-0.186265	13.5899	8.34465	6.54908	-19.7887	2.129	28.491	-12.517	-0.269941	-2.10444	-0.621667	-4.80286	-0.243535	-1.5048	0.0214461	-1.4971	-0.587212	0.0257715	-1.23778	0.0235674	0.650851	0.516075	-1.50254	-0.583699	0.0233586	-1.22516	0.0215065	0.641701	0.517729	1.11022e-16	0.017645	-0.335615	6.06207	0.0941295	1.49301	3.93946e-08	-0.0706123	-0.22935	-1.8098	-0.0341383	0.0389923	-9.98558e-08	
1.16	0.256843	2.06496	0.55743	4.94515	0.233902	1.49929	-0.019694	-1.48582	-0.593991	0.0307982	-1.26359	0.0277565	0.67001	0.512357	0.576735	-0.329196	0.257062	-1.30653	0.210635	0.983953	-0.192285	13.2322	10.6692	6.01819	-15.7356	1.24238	27.0605	-6.02007	-0.259595	-2.07391	-0.57025	-4.91935	-0.235635	-1.50002	0.0199978	-1.49153	-0.59065	0.0282543	-1.2506	0.0256535	0.660292	0.514261	-1.4971	-0.587212	0.0257715	-1.23778	0.0235674	0.650851	0.516075	0	-0.0332816	-0.361077	6.16716	0.0953562	1.49332	1.51814e-08	-0.0726067	-0.223019	-1.81843	-0.028245	0.0318505	-7.40966e-08	
1.17	0.245442	2.01319	0.500994	5.07196	0.225777	1.49445	-0.0181808	-1.47998	-0.597216	0.033398	-1.27673	0.0298668	0.679991	0.510429	0.589609	-0.316501	0.262253	-1.31905	0.21104	1.00964	-0.192225	12.8746	12.6958	5.19121	-12.517	0.404194	25.6897	0.0596046	-0.248598	-2.02807	-0.515366	-5.04431	-0.227775	-1.49548	0.018521	-1.48582	-0.593991	0.0307982	-1.26359	0.0277565	0.67001	0.512357	-1.49153	-0.59065	0.0282543	-1.2506	0.0256535	0.660292	0.514261	1.66533e-16	-0.0883267	-0.387369	6.2746	0.096606	1.49363	4.98276e-08	-0.0730164	-0.215071	-1.82365	-0.0232419	0.0276807	-5.16489e-08	
1.18	0.236158	1.96726	0.4513	5.19435	0.218789	1.48979	-0.0168273	-1.47402	-0.600303	0.0360436	-1.28997	0.0319772	0.690222	0.50854	0.60153	-0.302017	0.266556	-1.32811	0.211079	1.03396	-0.185311	11.9209	14.4839	4.30271	-9.05991	0.0391155	24.3187	6.91414	-0.237804	-1.97683	-0.460532	-5.17047	-0.220173	-1.49084	0.0170913	-1.47998	-0.597216	0.033398	-1.27673	0.0298668	0.679991	0.510429	-1.48582	-0.593991	0.0307982	-1.26359	0.0277565	0.67001	0.512357	5.55112e-17	-0.147607	-0.41438	6.38421	0.0978793	1.49393	7.22313e-08	-0.0740954	-0.208233	-1.83028	-0.018033	0.0215698	-2.83679e-08	
1.19	0.224318	1.91122	0.392487	5.32317	0.211138	1.4857	-0.0154678	-1.46794	-0.603235	0.0387317	-1.30329	0.0340783	0.70069	0.506754	0.613451	-0.285864	0.270415	-1.33443	0.209551	1.05703	-0.172257	11.9209	16.1529	3.8594	-6.31809	-1.52737	23.067	13.0534	-0.225881	-1.92227	-0.401743	-5.29619	-0.212329	-1.48601	0.0157074	-1.47402	-0.600303	0.0360436	-1.28997	0.0319772	0.690222	0.50854	-1.47998	-0.597216	0.033398	-1.27673	0.0298668	0.679991	0.510429	-1.11022e-16	-0.211188	-0.44205	6.49576	0.0991671	1.49422	4.29772e-08	-0.0754166	-0.200636	-1.83399	-0.0129465	0.0190116	-8.61739e-09	
1.2	0.211302	1.84428	0.329428	5.4551	0.20312	1.48133	-0.0140986	-1.46174	-0.605995	0.0414532	-1.31665	0.0361621	0.711383	0.505129	0.624895	-0.267923	0.273705	-1.33765	0.207491	1.07902	-0.153303	11.4441	17.941	3.28943	-3.21865	-2.06009	21.9941	18.9543	-0.216469	-1.8405	-0.348597	-5.43557	-0.205803	-1.48161	0.0142875	-1.46794	-0.603235	0.0387317	-1.30329	0.0340783	0.70069	0.506754	-1.47402	-0.600303	0.0360436	-1.28997	0.0319772	0.690222	0.50854	0	-0.279163	-0.470265	6.6091	0.100467	1.49448	2.32883e-08	-0.072857	-0.193126	-1.83566	-0.00910742	0.0172231	8.53836e-09	
1.21	0.20427	1.74594	0.282135	5.6001	0.197777	1.47679	-0.0127074	-1.45543	-0.608567	0.0442022	-1.33003	0.0382214	0.722288	0.503723	0.635624	-0.248075	0.275809	-1.338	0.204816	1.09971	-0.129402	10.7288	19.8484	2.10479	-0.357628	-2.67476	20.6828	23.9015	-0.201001	-1.77472	-0.278193	-5.56795	-0.196922	-1.47801	0.0129768	-1.46174	-0.605995	0.0414532	-1.31665	0.0361621	0.711383	0.505129	-1.46794	-0.603235	0.0387317	-1.30329	0.0340783	0.70069	0.506754	-1.11022e-16	-0.351578	-0.498933	6.72402	0.101775	1.4947	1.07888e-09	-0.0758934	-0.184872	-1.84228	-0.00442867	0.0113995	2.89912e-08	
1.22	0.192356	1.65665	0.22036	5.74459	0.190946	1.47375	-0.0114159	-1.44902	-0.610936	0.0469716	-1.34341	0.0402482	0.733394	0.502587	0.646233	-0.227332	0.277705	-1.33646	0.200868	1.11938	-0.0997782	10.6096	20.7424	1.89617	1.54972	-3.94881	19.6695	29.6235	-0.194075	-1.67506	-0.230921	-5.71544	-0.191854	-1.47438	0.0116595	-1.45543	-0.608567	0.0442022	-1.33003	0.0382214	0.722288	0.503723	-1.46174	-0.605995	0.0414532	-1.31665	0.0361621	0.711383	0.505129	1.11022e-16	-0.42849	-0.527947	6.84035	0.103087	1.49488	-4.15487e-08	-0.0736082	-0.178578	-1.84792	-0.000186538	0.00792238	4.51364e-08	
1.23	0.178877	1.57035	0.154784	5.88243	0.183523	1.47048	-0.0102386	-1.4425	-0.613087	0.049755	-1.35675	0.0422367	0.744688	0.501771	0.656605	-0.20504	0.278909	-1.33169	0.196829	1.13738	-0.0658035	10.3712	22.2921	1.20327	4.76837	-4.03821	18.0006	33.9746	-0.181838	-1.59205	-0.16913	-5.85237	-0.184993	-1.47104	0.0104912	-1.44902	-0.610936	0.0469716	-1.34341	0.0402482	0.733394	0.502587	-1.45543	-0.608567	0.0442022	-1.33003	0.0382214	0.722288	0.503723	0	-0.509945	-0.557202	6.95792	0.104398	1.49501	6.40453e-09	-0.0732762	-0.171072	-1.85098	0.00256154	0.00560021	5.93193e-08	
1.24	0.166557	1.45858	0.0908122	6.03114	0.176843	1.46695	-0.00898277	-1.43588	-0.615008	0.0525456	-1.37003	0.0441803	0.756159	0.50132	0.666141	-0.181377	0.279542	-1.32477	0.192091	1.15484	-0.0276566	9.53674	23.663	0.633299	6.91414	-4.73857	17.4642	38.147	-0.171707	-1.48594	-0.111792	-5.99964	-0.179212	-1.46789	0.00929841	-1.4425	-0.613087	0.049755	-1.35675	0.0422367	0.744688	0.501771	-1.44902	-0.610936	0.0469716	-1.34341	0.0402482	0.733394	0.502587	-1.11022e-16	-0.59596	-0.586587	7.07654	0.105706	1.49509	-2.96682e-08	-0.0732292	-0.165005	-1.85883	0.00718163	-0.000129504	7.52865e-08	
1.25	0.158899	1.32563	0.0384969	6.19141	0.172157	1.46454	-0.00777767	-1.42916	-0.616686	0.0553372	-1.38323	0.0460712	0.767797	0.501275	0.675917	-0.156581	0.278879	-1.31607	0.186682	1.17093	0.0147223	9.77516	24.7955	-0.663102	8.70228	-5.40912	16.0933	42.3789	-0.161349	-1.3496	-0.0512161	-6.15978	-0.173547	-1.46472	0.00800843	-1.43588	-0.615008	0.0525456	-1.37003	0.0441803	0.756159	0.50132	-1.4425	-0.613087	0.049755	-1.35675	0.0422367	0.744688	0.501771	0	-0.686567	-0.615991	7.19607	0.107004	1.49509	-7.85224e-08	-0.0703065	-0.156736	-1.86394	0.0100645	-0.00284613	8.66013e-08	
1.26	0.147783	1.21989	-0.0209429	6.33279	0.166846	1.46183	-0.00682037	-1.42236	-0.618112	0.0581225	-1.39633	0.0479042	0.779589	0.50167	0.684857	-0.130951	0.277985	-1.30463	0.180423	1.18595	0.0604391	8.9407	25.63	-0.89407	11.4441	-6.25849	15.0204	45.7168	-0.148839	-1.23476	0.0128583	-6.3091	-0.167248	-1.46262	0.00694384	-1.42916	-0.616686	0.0553372	-1.38323	0.0460712	0.767797	0.501275	-1.43588	-0.615008	0.0525456	-1.37003	0.0441803	0.756159	0.50132	0	-0.781762	-0.645295	7.31633	0.10829	1.49503	-6.44084e-08	-0.0676691	-0.148213	-1.8668	0.0122944	-0.00288351	9.3386e-08	
1.27	0.138372	1.07845	-0.0783832	6.49146	0.16212	1.45967	-0.005757	-1.41546	-0.619275	0.0608945	-1.40931	0.0496737	0.791526	0.502537	0.69356	-0.104129	0.276309	-1.29151	0.173789	1.19978	0.108957	8.70228	26.8221	-1.67638	13.113	-6.63474	13.8283	48.5182	-0.138714	-1.11185	0.0706335	-6.45656	-0.162474	-1.45993	0.00597467	-1.42236	-0.618112	0.0581225	-1.39633	0.0479042	0.779589	0.50167	-1.42916	-0.616686	0.0553372	-1.38323	0.0460712	0.767797	0.501275	0	-0.881551	-0.674379	7.43717	0.109562	1.49489	-7.47298e-08	-0.0654895	-0.141171	-1.86958	0.0137543	-0.00454528	1.0079e-07	
1.28	0.125295	0.944713	-0.144395	6.64493	0.156478	1.45797	-0.0047985	-1.40848	-0.620167	0.0636473	-1.42214	0.0513736	0.803595	0.503904	0.702023	-0.0767112	0.274204	-1.27661	0.166599	1.21272	0.159919	8.46386	27.4181	-2.10479	14.9012	-7.18981	12.9342	50.962	-0.125642	-0.961973	0.138338	-6.62167	-0.156586	-1.4588	0.00489072	-1.41546	-0.619275	0.0608945	-1.40931	0.0496737	0.791526	0.502537	-1.42236	-0.618112	0.0581225	-1.39633	0.0479042	0.779589	0.50167	1.11022e-16	-0.985914	-0.703128	7.55843	0.110814	1.49467	-7.8243e-08	-0.0646033	-0.132907	-1.87593	0.0167997	-0.0065266	1.1055e-07	
1.29	0.114696	0.790525	-0.204815	6.80595	0.15188	1.45659	-0.0038542	-1.40141	-0.620778	0.066374	-1.43482	0.0529994	0.815787	0.505792	0.710487	-0.0483394	0.271127	-1.25992	0.158876	1.22434	0.212669	8.46386	28.3718	-3.07709	16.6893	-7.72253	11.6229	52.7501	-0.111902	-0.827423	0.20504	-6.77208	-0.150809	-1.45706	0.00400186	-1.40848	-0.620167	0.0636473	-1.42214	0.0513736	0.803595	0.503904	-1.41546	-0.619275	0.0608945	-1.40931	0.0496737	0.791526	0.502537	0	-1.09484	-0.731426	7.67995	0.112045	1.49437	-1.01063e-07	-0.0639869	-0.125334	-1.88203	0.0188296	-0.010127	1.19752e-07	
1.3	0.100999	0.629572	-0.273028	6.96981	0.146437	1.45591	-0.00293374	-1.39426	-0.621102	0.0690666	-1.44732	0.0545458	0.82809	0.508217	0.718474	-0.0194311	0.267677	-1.2418	0.150889	1.23495	0.267088	7.98702	28.9082	-3.44962	18.1197	-7.98701	10.6096	54.4191	-0.102772	-0.669708	0.2611	-6.93302	-0.147147	-1.45599	0.00314685	-1.40141	-0.620778	0.066374	-1.43482	0.0529994	0.815787	0.505792	-1.40848	-0.620167	0.0636473	-1.42214	0.0513736	0.803595	0.503904	0	-1.20829	-0.759141	7.8016	0.113253	1.49398	-5.55641e-08	-0.060251	-0.11763	-1.88561	0.0192274	-0.0104223	1.22368e-07	
1.31	0.0906576	0.469108	-0.33117	7.12673	0.142613	1.45453	-0.00214762	-1.38703	-0.621134	0.0717185	-1.45963	0.0560068	0.840495	0.511192	0.726342	0.0101328	0.263192	-1.22166	0.142217	1.24472	0.322521	7.86781	29.5639	-4.48525	20.1464	-8.67248	9.77516	55.4323	-0.0942448	-0.493324	0.316635	-7.1013	-0.143822	-1.45522	0.00227131	-1.39426	-0.621102	0.0690666	-1.44732	0.0545458	0.82809	0.508217	-1.40141	-0.620778	0.066374	-1.43482	0.0529994	0.815787	0.505792	-1.11022e-16	-1.32623	-0.786155	7.92322	0.114433	1.49351	-5.64614e-08	-0.0565521	-0.110903	-1.89139	0.0205135	-0.011794	1.26346e-07	
1.32	0.0776765	0.293754	-0.396341	7.29086	0.138095	1.45408	-0.00135115	-1.37973	-0.620867	0.074323	-1.47173	0.0573792	0.852989	0.514725	0.73421	0.0401735	0.258155	-1.20032	0.133082	1.25319	0.37843	7.86781	30.0407	-5.03659	21.3385	-9.13441	8.46386	55.9092	-0.0831967	-0.314167	0.377598	-7.26623	-0.139716	-1.45427	0.00143656	-1.38703	-0.621134	0.0717185	-1.45963	0.0560068	0.840495	0.511192	-1.39426	-0.621102	0.0690666	-1.44732	0.0545458	0.82809	0.508217	0	-1.44861	-0.812353	8.04467	0.115585	1.49294	-1.03869e-07	-0.0524871	-0.102658	-1.89624	0.0213523	-0.0124527	1.28798e-07	
1.33	0.0742449	0.105995	-0.437656	7.45759	0.137053	1.45374	-0.000681958	-1.37235	-0.620298	0.0768716	-1.48361	0.0586581	0.865564	0.518819	0.741124	0.0705719	0.251964	-1.17767	0.123486	1.26082	0.434756	6.91414	30.3984	-6.19143	22.6498	-9.59636	7.62928	56.3264	-0.0746778	-0.142097	0.43022	-7.42538	-0.137091	-1.45384	0.000794944	-1.37973	-0.620867	0.074323	-1.47173	0.0573792	0.852989	0.514725	-1.38703	-0.621134	0.0717185	-1.45963	0.0560068	0.840495	0.511192	2.22045e-16	-1.57538	-0.837606	8.16582	0.116708	1.49228	-8.68218e-08	-0.0503813	-0.0968263	-1.90094	0.0216242	-0.013585	1.29215e-07	
1.34	0.058337	-0.086406	-0.508722	7.62384	0.132006	1.45366	6.52112e-05	-1.36489	-0.619422	0.0793578	-1.49526	0.0598395	0.878206	0.523472	0.749111	0.101387	0.245534	-1.15359	0.113595	1.26714	0.490725	7.98702	30.8156	-6.42987	24.0803	-9.89065	6.31809	55.9688	-0.0607805	0.0495069	0.496668	-7.59337	-0.132709	-1.45404	6.10477e-05	-1.37235	-0.620298	0.0768716	-1.48361	0.0586581	0.865564	0.518819	-1.37973	-0.620867	0.074323	-1.47173	0.0573792	0.852989	0.514725	0	-1.70648	-0.861802	8.28653	0.117799	1.49154	-6.36396e-08	-0.0474673	-0.0880839	-1.90776	0.0217455	-0.0151243	1.30405e-07	
1.35	0.0489103	-0.276926	-0.562015	7.78646	0.129619	1.45399	0.000619692	-1.35736	-0.618239	0.0817749	-1.50666	0.060919	0.890907	0.528682	0.755906	0.132143	0.23824	-1.12844	0.103168	1.27244	0.545561	6.79493	30.756	-7.29412	25.1532	-10.4271	5.30481	54.8363	-0.0552568	0.253085	0.542463	-7.76181	-0.131338	-1.45406	-0.000556534	-1.36489	-0.619422	0.0793578	-1.49526	0.0598395	0.878206	0.523472	-1.37235	-0.620298	0.0768716	-1.48361	0.0586581	0.865564	0.518819	-5.55112e-16	-1.84182	-0.884834	8.40666	0.118856	1.4907	-1.21688e-07	-0.0437212	-0.0824719	-1.91397	0.0225604	-0.0160064	1.29521e-07	
1.36	0.0371526	-0.486736	-0.621082	7.95337	0.126517	1.45419	0.00122742	-1.34977	-0.616746	0.0841133	-1.5178	0.061894	0.903654	0.534436	0.763059	0.163376	0.230268	-1.10185	0.0923984	1.27637	0.599921	7.15256	31.2328	-7.97212	26.5837	-10.7698	3.93391	54.3594	-0.0408118	0.454262	0.607347	-7.92716	-0.127246	-1.45456	-0.00116939	-1.35736	-0.618239	0.0817749	-1.50666	0.060919	0.890907	0.528682	-1.36489	-0.619422	0.0793578	-1.49526	0.0598395	0.878206	0.523472	-1.11022e-16	-1.98133	-0.906573	8.52609	0.119883	1.48977	-3.74513e-08	-0.0387058	-0.072666	-1.91746	0.0216127	-0.0144943	1.27114e-07	
1.37	0.026392	-0.693539	-0.675254	8.1171	0.124004	1.45473	0.00173969	-1.3421	-0.614941	0.0863667	-1.52867	0.0627611	0.916437	0.540722	0.769973	0.194311	0.221431	-1.07455	0.0814795	1.27965	0.652134	6.91414	30.9348	-8.83639	27.2989	-10.9188	3.27826	52.2136	-0.027814	0.655827	0.666589	-8.08711	-0.124051	-1.4548	-0.0016758	-1.34977	-0.616746	0.0841133	-1.5178	0.061894	0.903654	0.534436	-1.35736	-0.618239	0.0817749	-1.50666	0.060919	0.890907	0.528682	2.22045e-16	-2.12493	-0.92692	8.64469	0.120877	1.48876	-3.36317e-08	-0.0351667	-0.063266	-1.92033	0.0195496	-0.0131256	1.20487e-07	
1.38	0.017141	-0.913762	-0.725255	8.28423	0.121991	1.45569	0.0022227	-1.33436	-0.612827	0.0885266	-1.53926	0.063516	0.929245	0.547527	0.777245	0.225306	0.211567	-1.0463	0.070259	1.28156	0.703156	7.27177	30.9944	-9.86457	28.2526	-11.2206	1.90735	51.0216	-0.0195938	0.877441	0.714948	-8.2539	-0.122445	-1.45526	-0.00218073	-1.3421	-0.614941	0.0863667	-1.52867	0.0627611	0.916437	0.540722	-1.34977	-0.616746	0.0841133	-1.5178	0.061894	0.903654	0.534436	1.11022e-16	-2.27251	-0.945766	8.76234	0.121838	1.48766	-6.11027e-09	-0.0322623	-0.0569234	-1.92459	0.0192407	-0.012356	1.18133e-07	
1.39	0.00748661	-1.14079	-0.774663	8.44916	0.120071	1.45629	0.00268406	-1.32655	-0.610403	0.0905854	-1.54956	0.0641563	0.942067	0.55483	0.784278	0.25624	0.201054	-1.01697	0.058718	1.28245	0.752211	7.03335	30.9348	-10.5128	29.3255	-11.541	0.89407	49.0546	-0.00818645	1.10955	0.769341	-8.42581	-0.119815	-1.45665	-0.00270114	-1.33436	-0.612827	0.0885266	-1.53926	0.063516	0.929245	0.547527	-1.3421	-0.614941	0.0863667	-1.52867	0.0627611	0.916437	0.540722	3.33067e-16	-2.42396	-0.963012	8.87891	0.122766	1.48648	-2.46139e-08	-0.0270608	-0.0476221	-1.93143	0.01797	-0.0119632	1.13229e-07	
1.4	-6.57708e-05	-1.38123	-0.818451	8.61834	0.118674	1.45732	0.00314297	-1.31866	-0.607671	0.0925338	-1.55957	0.064679	0.954892	0.562607	0.79143	0.286937	0.189558	-0.987053	0.0471547	1.28221	0.798345	7.15256	30.6964	-11.4962	29.9216	-11.5633	-0.238419	46.134	0.00244309	1.33193	0.81843	-8.58468	-0.118039	-1.45711	-0.0030837	-1.32655	-0.610403	0.0905854	-1.54956	0.0641563	0.942067	0.55483	-1.33436	-0.612827	0.0885266	-1.53926	0.063516	0.929245	0.547527	1.11022e-16	-2.57919	-0.978549	8.9943	0.123663	1.48521	-7.08676e-08	-0.0241588	-0.0410673	-1.937	0.0177341	-0.0130118	1.11473e-07	
1.41	-0.00851434	-1.61501	-0.861094	8.77964	0.117547	1.45831	0.00348355	-1.31071	-0.604635	0.0943647	-1.56927	0.0650822	0.967709	0.570836	0.798464	0.317156	0.177391	-0.956297	0.0349283	1.28084	0.842273	7.03335	30.2195	-12.1668	30.756	-12.2264	-1.37091	43.9286	0.00701194	1.57403	0.853926	-8.75027	-0.117736	-1.45798	-0.00346477	-1.31866	-0.607671	0.0925338	-1.55957	0.064679	0.954892	0.562607	-1.32655	-0.610403	0.0905854	-1.54956	0.0641563	0.942067	0.55483	-3.33067e-16	-2.73806	-0.992297	9.10839	0.12453	1.48388	-5.74261e-10	-0.0184644	-0.0343034	-1.94129	0.0159606	-0.011388	1.05094e-07	
1.42	-0.0199048	-1.85375	-0.907797	8.93868	0.11569	1.45917	0.00382124	-1.30268	-0.601298	0.0960686	-1.57866	0.0653634	0.980505	0.57949	0.805974	0.347018	0.164412	-0.924826	0.0225827	1.2784	0.883877	7.51019	29.8619	-12.9789	31.4713	-12.3456	-2.44379	41.604	0.0215053	1.80261	0.906525	-8.90559	-0.115035	-1.45896	-0.00377194	-1.31071	-0.604635	0.0943647	-1.56927	0.0650822	0.967709	0.570836	-1.31866	-0.607671	0.0925338	-1.55957	0.064679	0.954892	0.562607	-3.33067e-16	-2.90045	-1.00416	9.22107	0.125368	1.48247	6.64817e-09	-0.017426	-0.0266763	-1.94659	0.0149515	-0.0117147	9.96484e-08	
1.43	-0.0296127	-2.11176	-0.950292	9.10356	0.114356	1.4601	0.00421316	-1.29458	-0.597664	0.0976375	-1.58773	0.0655201	0.993271	0.58854	0.813365	0.376523	0.150673	-0.892878	0.00994652	1.27488	0.922263	7.39098	29.5043	-13.7389	31.9481	-12.6362	-3.51667	38.3854	0.0274406	2.06472	0.942048	-9.0744	-0.114559	-1.46021	-0.00416421	-1.30268	-0.601298	0.0960686	-1.57866	0.0653634	0.980505	0.57949	-1.31071	-0.604635	0.0943647	-1.56927	0.0650822	0.967709	0.570836	3.33067e-16	-3.06622	-1.01406	9.33225	0.126177	1.48099	-4.0722e-08	-0.0121242	-0.0186363	-1.95198	0.0133305	-0.0108035	9.53792e-08	
1.44	-0.0351514	-2.37406	-0.98152	9.26742	0.113915	1.46142	0.00453758	-1.28641	-0.59374	0.0990618	-1.59649	0.0655506	1.006	0.597955	0.821352	0.405371	0.135556	-0.860572	-0.00252575	1.27006	0.957131	7.98702	28.8486	-15.1172	32.3057	-12.4723	-4.82798	34.8687	0.0349616	2.32	0.97731	-9.23435	-0.113938	-1.46101	-0.0044848	-1.29458	-0.597664	0.0976375	-1.58773	0.0655201	0.993271	0.58854	-1.30268	-0.601298	0.0960686	-1.57866	0.0653634	0.980505	0.57949	2.22045e-16	-3.23523	-1.02192	9.44182	0.12696	1.47946	-6.5126e-08	-0.00808855	-0.011769	-1.9561	0.0118191	-0.0101316	8.84165e-08	
1.45	-0.0422004	-2.6268	-1.01199	9.42068	0.113546	1.46228	0.00476205	-1.27815	-0.589531	0.100333	-1.60491	0.0654544	1.01867	0.607705	0.829101	0.433385	0.119865	-0.82767	-0.0154451	1.26421	0.989199	7.7486	28.0142	-15.6909	32.9018	-12.9193	-5.84126	32.0673	0.0419172	2.59278	1.01029	-9.40125	-0.113108	-1.46269	-0.00483336	-1.28641	-0.59374	0.0990618	-1.59649	0.0655506	1.006	0.597955	-1.29458	-0.597664	0.0976375	-1.58773	0.0655201	0.993271	0.58854	0	-3.40733	-1.02768	9.54969	0.127718	1.47786	-6.47652e-08	-0.00278289	-0.0036538	-1.96209	0.0102752	-0.00797911	8.22278e-08	
1.46	-0.0575326	-2.89825	-1.05789	9.58024	0.11104	1.46336	0.00511971	-1.26981	-0.585045	0.101443	-1.61301	0.0652301	1.03127	0.617756	0.837564	0.460863	0.103615	-0.79453	-0.0283048	1.25718	1.01775	8.46386	27.4777	-16.2497	33.1402	-12.8597	-7.03335	28.5507	0.0492782	2.84935	1.03927	-9.55081	-0.112673	-1.46299	-0.00506559	-1.27815	-0.589531	0.100333	-1.60491	0.0654544	1.01867	0.607705	-1.28641	-0.59374	0.0990618	-1.59649	0.0655506	1.006	0.597955	2.22045e-16	-3.58235	-1.03126	9.65576	0.128454	1.47621	-4.93776e-08	0.00111898	0.00412749	-1.96531	0.00765552	-0.00767351	7.52676e-08	
1.47	-0.0588193	-3.1786	-1.07374	9.73916	0.111979	1.46413	0.00542077	-1.26139	-0.58029	0.10238	-1.62077	0.0648747	1.0438	0.628074	0.846028	0.487447	0.0858083	-0.76127	-0.0414923	1.24943	1.0429	8.46386	26.5837	-17.8069	33.2594	-13.1875	-7.74848	25.1532	0.055167	3.12621	1.06454	-9.70953	-0.112488	-1.46407	-0.00536176	-1.26981	-0.585045	0.101443	-1.61301	0.0652301	1.03127	0.617756	-1.27815	-0.589531	0.100333	-1.60491	0.0654544	1.01867	0.607705	0	-3.76014	-1.03261	9.75996	0.129167	1.47452	-1.4008e-07	0.00590059	0.0117676	-1.96894	0.00613183	-0.00486684	6.86743e-08	
1.48	-0.063648	-3.46043	-1.09348	9.89502	0.111875	1.46518	0.00569965	-1.25288	-0.575273	0.103137	-1.6282	0.0643901	1.05625	0.638626	0.855446	0.513136	0.066936	-0.727773	-0.0544339	1.24013	1.0646	9.41753	25.6896	-18.8723	33.4978	-12.9417	-9.29832	21.6961	0.068297	3.39809	1.09997	-9.86284	-0.110702	-1.46539	-0.00561978	-1.26139	-0.58029	0.10238	-1.62077	0.0648747	1.0438	0.628074	-1.26981	-0.585045	0.101443	-1.61301	0.0652301	1.03127	0.617756	0	-3.94051	-1.03169	9.86221	0.129861	1.47278	-4.48427e-08	0.00875919	0.0202016	-1.97672	0.0044226	-0.00544508	6.20977e-08	
1.49	-0.0748812	-3.74846	-1.12286	10.0506	0.110512	1.46624	0.00602342	-1.24427	-0.570006	0.103703	-1.63529	0.0637743	1.06859	0.649379	0.864863	0.537813	0.0477284	-0.694275	-0.0674203	1.22988	1.08331	9.41753	24.6763	-19.2076	33.4978	-12.9864	-10.252	18.7159	0.0726704	3.68755	1.11701	-10.0194	-0.110812	-1.46637	-0.0059229	-1.25288	-0.575273	0.103137	-1.6282	0.0643901	1.05625	0.638626	-1.26139	-0.58029	0.10238	-1.62077	0.0648747	1.0438	0.628074	0	-4.12327	-1.02844	9.96242	0.130537	1.47101	-7.78618e-08	0.0122898	0.0266491	-1.9852	0.00396322	-0.00594505	5.73897e-08	
1.5	-0.0750445	-4.03955	-1.12833	10.202	0.111621	1.46702	0.00627773	-1.23557	-0.564498	0.104067	-1.64205	0.0630272	1.08083	0.660299	0.874758	0.561416	0.0269413	-0.660658	-0.0806302	1.21844	1.09869	9.89437	23.6034	-20.7871	33.617	-13.2099	-11.4441	15.378	0.0835039	3.96924	1.14205	-10.1662	-0.10971	-1.46678	-0.00619744	-1.24427	-0.570006	0.103703	-1.63529	0.0637743	1.06859	0.649379	-1.25288	-0.575273	0.103137	-1.6282	0.0643901	1.05625	0.638626	-2.22045e-16	-4.30824	-1.02284	10.0605	0.131196	1.46921	-2.88409e-08	0.01558	0.0352203	-1.98518	0.001565	-0.003061	4.9699e-08	
1.51	-0.0896116	-4.31077	-1.15501	10.3383	0.109871	1.46727	0.006468	-1.22676	-0.558761	0.104221	-1.64847	0.062149	1.09294	0.671353	0.885606	0.583649	0.00564009	-0.626922	-0.0937581	1.20592	1.11037	10.848	22.2325	-21.3012	33.7362	-13.1279	-12.517	11.6825	0.0861972	4.26567	1.15	-10.3164	-0.110242	-1.46736	-0.00648761	-1.23557	-0.564498	0.104067	-1.64205	0.0630272	1.08083	0.660299	-1.24427	-0.570006	0.103703	-1.63529	0.0637743	1.06859	0.649379	0	-4.49521	-1.01486	10.1565	0.131839	1.46738	-5.69016e-08	0.0204863	0.0416584	-1.99552	0.000596196	-0.00289488	4.46987e-08	
1.52	-0.0913127	-4.62239	-1.15876	10.4925	0.110565	1.46805	0.00683052	-1.21784	-0.552805	0.104154	-1.65456	0.0611396	1.10493	0.682508	0.89705	0.605047	-0.0172257	-0.593662	-0.107024	1.19245	1.1192	11.4441	21.3981	-22.8658	33.2594	-13.2658	-13.4706	8.82149	0.0937361	4.56186	1.1634	-10.463	-0.109775	-1.46781	-0.00679639	-1.22676	-0.558761	0.104221	-1.64847	0.062149	1.09294	0.671353	-1.23557	-0.564498	0.104067	-1.64205	0.0630272	1.08083	0.660299	4.44089e-16	-4.68398	-1.00448	10.2502	0.132468	1.46554	-1.22504e-07	0.0259194	0.050462	-1.99447	-0.00143174	-0.00050618	3.84522e-08	
1.53	-0.0957352	-4.93439	-1.16384	10.6425	0.110425	1.46878	0.00719047	-1.20881	-0.546644	0.103854	-1.66031	0.0600006	1.11677	0.69373	0.908732	0.625134	-0.0408292	-0.560522	-0.119526	1.17767	1.12432	11.6825	20.0868	-23.6034	33.1402	-12.5021	-14.782	5.126	0.103266	4.8521	1.17615	-10.6018	-0.108968	-1.46819	-0.00703743	-1.21784	-0.552805	0.104154	-1.65456	0.0611396	1.10493	0.682508	-1.22676	-0.558761	0.104221	-1.64847	0.062149	1.09294	0.671353	0	-4.87434	-0.991679	10.3416	0.133085	1.46368	-6.48184e-08	0.0270522	0.0586614	-2.00465	-0.00240876	-0.00280679	3.2812e-08	
1.54	-0.104185	-5.22251	-1.17047	10.7738	0.110162	1.46847	0.00742237	-1.19965	-0.540291	0.103313	-1.66573	0.0587322	1.12847	0.704991	0.921488	0.643611	-0.0654906	-0.527382	-0.132862	1.16205	1.12706	12.7554	18.4774	-24.6614	33.1402	-13.3365	-15.6164	2.74181	0.108618	5.15798	1.17948	-10.7441	-0.109027	-1.46832	-0.00736759	-1.20881	-0.546644	0.103854	-1.66031	0.0600006	1.11677	0.69373	-1.21784	-0.552805	0.104154	-1.65456	0.0611396	1.10493	0.682508	1.11022e-16	-5.06604	-0.976467	10.4307	0.13369	1.46181	-2.94832e-08	0.0326367	0.0660675	-2.01013	-0.00404244	3.38376e-05	2.5871e-08	
1.55	-0.112312	-5.52821	-1.17444	10.9121	0.109653	1.46864	0.0077497	-1.19037	-0.53376	0.102519	-1.67083	0.0573349	1.14	0.716261	0.934839	0.660777	-0.0911578	-0.494838	-0.145547	1.14536	1.12647	13.3514	17.1661	-25.6672	32.5442	-12.6846	-16.6893	-0.596046	0.113092	5.46313	1.1777	-10.8819	-0.109287	-1.46826	-0.00769035	-1.19965	-0.540291	0.103313	-1.66573	0.0587322	1.12847	0.704991	-1.20881	-0.546644	0.103854	-1.66031	0.0600006	1.11677	0.69373	0	-5.25886	-0.958835	10.5175	0.134284	1.45994	-2.83958e-08	0.036064	0.0737434	-2.01052	-0.00539968	0.000320595	2.1485e-08	
1.56	-0.119728	-5.8439	-1.17442	11.0526	0.109233	1.46896	0.0081338	-1.18094	-0.527065	0.10146	-1.6756	0.0558118	1.15136	0.727511	0.949144	0.676513	-0.11804	-0.46289	-0.158053	1.12784	1.12349	14.3051	15.7356	-26.8817	31.9481	-12.5058	-17.5238	-2.98023	0.127652	5.76903	1.18967	-11.0189	-0.107626	-1.46868	-0.00802496	-1.19037	-0.53376	0.102519	-1.67083	0.0573349	1.14	0.716261	-1.19965	-0.540291	0.103313	-1.66573	0.0587322	1.12847	0.704991	2.22045e-16	-5.45254	-0.938804	10.6018	0.134868	1.45807	-3.97367e-08	0.0368358	0.0823508	-2.02354	-0.00604681	-0.00134271	1.92502e-08	
1.57	-0.122486	-6.14354	-1.16164	11.1788	0.109901	1.46847	0.00841861	-1.17136	-0.520222	0.100126	-1.68006	0.0541633	1.16253	0.738712	0.964045	0.69052	-0.146151	-0.43118	-0.170581	1.10924	1.11735	14.9012	14.0071	-28.111	31.7097	-12.5282	-18.5966	-6.13928	0.127032	6.08151	1.17274	-11.1546	-0.108666	-1.46901	-0.00834733	-1.18094	-0.527065	0.10146	-1.6756	0.0558118	1.15136	0.727511	-1.19037	-0.53376	0.102519	-1.67083	0.0573349	1.14	0.716261	-2.22045e-16	-5.64684	-0.916381	10.6837	0.135442	1.45621	-7.80416e-08	0.0410806	0.0877262	-2.02113	-0.00719868	-0.000365576	1.5138e-08	
1.58	-0.129134	-6.45858	-1.15311	11.3097	0.109571	1.46819	0.00880698	-1.16163	-0.513246	0.0985043	-1.6842	0.0523919	1.17352	0.749843	0.980139	0.703156	-0.175357	-0.400066	-0.182532	1.08957	1.109	16.0933	12.6362	-29.2063	31.1136	-11.9507	-19.6695	-8.34465	0.129896	6.40011	1.15899	-11.2878	-0.109331	-1.46872	-0.00874221	-1.17136	-0.520222	0.100126	-1.68006	0.0541633	1.16253	0.738712	-1.18094	-0.527065	0.10146	-1.6756	0.0558118	1.15136	0.727511	2.22045e-16	-5.84149	-0.891594	10.7631	0.136008	1.45436	-4.72698e-09	0.0467117	0.0961921	-2.02908	-0.00836084	0.000691674	9.96353e-09	
1.59	-0.135211	-6.7683	-1.1398	11.4335	0.109617	1.46742	0.00918234	-1.15174	-0.506152	0.0965854	-1.68803	0.0504994	1.1843	0.76088	0.997186	0.714064	-0.205733	-0.369549	-0.194635	1.06919	1.09881	17.0469	10.9076	-30.376	30.5176	-12.1035	-20.3848	-10.1924	0.13398	6.71213	1.14316	-11.4122	-0.109574	-1.46768	-0.00914266	-1.16163	-0.513246	0.0985043	-1.6842	0.0523919	1.17352	0.749843	-1.17136	-0.520222	0.100126	-1.68006	0.0541633	1.16253	0.738712	-1.11022e-16	-6.03621	-0.864483	10.84	0.136564	1.45252	-1.33414e-07	0.0489784	0.102229	-2.03921	-0.00823891	-0.000194292	7.53394e-09	
1.6	-0.143121	-7.09616	-1.1273	11.567	0.109217	1.46759	0.00965637	-1.14167	-0.498959	0.0943568	-1.69156	0.0484887	1.19488	0.771798	1.01519	0.723362	-0.237137	-0.340104	-0.206258	1.04785	1.08618	18.0007	9.29832	-31.4042	29.4447	-11.6229	-21.3385	-12.6362	0.141956	7.03029	1.13078	-11.5401	-0.109319	-1.46737	-0.00957392	-1.15174	-0.506152	0.0965854	-1.68803	0.0504994	1.1843	0.76088	-1.16163	-0.513246	0.0985043	-1.6842	0.0523919	1.17352	0.749843	-2.22045e-16	-6.23072	-0.835082	10.9144	0.137112	1.45071	-1.09169e-07	0.051717	0.111338	-2.04168	-0.0096864	-0.000143857	4.13536e-09	
1.61	-0.147527	-7.40904	-1.10462	11.6847	0.109582	1.46639	0.0100778	-1.13142	-0.491683	0.0918072	-1.6948	0.046363	1.20523	0.782581	1.0339	0.730902	-0.269704	-0.310898	-0.217739	1.02556	1.07145	18.7159	7.53999	-32.5665	29.2062	-11.4813	-22.2921	-14.7223	0.148593	7.34418	1.11235	-11.6613	-0.109178	-1.46689	-0.00996651	-1.14167	-0.498959	0.0943568	-1.69156	0.0484887	1.19488	0.771798	-1.15174	-0.506152	0.0965854	-1.68803	0.0504994	1.1843	0.76088	1.11022e-16	-6.42471	-0.803439	10.9863	0.137652	1.44891	-3.80378e-08	0.0554583	0.118666	-2.0419	-0.0100778	0.00168913	4.63078e-10	
1.62	-0.151075	-7.73095	-1.07792	11.8087	0.110089	1.46626	0.0105333	-1.12097	-0.484341	0.0889246	-1.69776	0.0441241	1.21536	0.793208	1.05381	0.736564	-0.303537	-0.283003	-0.228923	1.00243	1.05518	19.908	5.66244	-33.8331	27.895	-11.1833	-23.1266	-16.2721	0.152839	7.65466	1.08658	-11.7757	-0.10957	-1.46563	-0.010389	-1.13142	-0.491683	0.0918072	-1.6948	0.046363	1.20523	0.782581	-1.14167	-0.498959	0.0943568	-1.69156	0.0484887	1.19488	0.771798	2.22045e-16	-6.61789	-0.769602	11.0556	0.138183	1.44714	-7.71255e-08	0.056708	0.12539	-2.05065	-0.010425	0.000193952	2.33632e-10	
1.63	-0.158261	-8.04376	-1.05293	11.9226	0.109901	1.46528	0.010985	-1.11031	-0.476953	0.0856988	-1.70043	0.041777	1.22526	0.803663	1.07491	0.740409	-0.338502	-0.255704	-0.239454	0.978589	1.03742	21.1	3.8445	-34.9655	27.2989	-10.5314	-23.8419	-17.7622	0.157586	7.98165	1.0594	-11.8999	-0.109817	-1.4654	-0.0109001	-1.12097	-0.484341	0.0889246	-1.69776	0.0441241	1.21536	0.793208	-1.13142	-0.491683	0.0918072	-1.6948	0.046363	1.20523	0.782581	-1.11022e-16	-6.80992	-0.733641	11.1224	0.138706	1.4454	-7.33191e-09	0.0633792	0.132801	-2.05401	-0.01055	0.00230169	-2.59861e-09	
1.64	-0.165309	-8.35052	-1.0242	12.0273	0.109985	1.46327	0.0114549	-1.09944	-0.469535	0.0821182	-1.70284	0.0393239	1.23491	0.813932	1.09684	0.742465	-0.374429	-0.229001	-0.249945	0.954032	1.01805	21.9345	2.05636	-35.9267	26.7029	-10.4904	-24.5571	-19.3715	0.168241	8.29517	1.0372	-12.0097	-0.10926	-1.46382	-0.0113923	-1.11031	-0.476953	0.0856988	-1.70043	0.041777	1.22526	0.803663	-1.12097	-0.484341	0.0889246	-1.69776	0.0441241	1.21536	0.793208	1.11022e-16	-7.00046	-0.695616	11.1867	0.139219	1.44369	-5.10792e-08	0.0663798	0.143316	-2.05836	-0.0124877	0.00202792	-7.48115e-09	
1.65	-0.175247	-8.6706	-0.997421	12.1405	0.10962	1.46224	0.012002	-1.08835	-0.462108	0.078172	-1.70499	0.0367692	1.24431	0.824002	1.11973	0.742644	-0.411242	-0.203729	-0.259914	0.928879	0.997662	22.8882	0.178814	-36.8133	25.2724	-9.96889	-25.1532	-20.3848	0.169654	8.61202	0.99787	-12.1211	-0.110225	-1.46266	-0.0119131	-1.09944	-0.469535	0.0821182	-1.70284	0.0393239	1.23491	0.813932	-1.11031	-0.476953	0.0856988	-1.70043	0.041777	1.22526	0.803663	-2.22045e-16	-7.18918	-0.6556	11.2484	0.139723	1.44202	-6.21336e-08	0.0694241	0.149595	-2.06363	-0.0122919	0.0016825	-6.36896e-09	
1.66	-0.178531	-8.99448	-0.957569	12.2546	0.110201	1.46167	0.0125621	-1.07702	-0.454689	0.0738499	-1.7069	0.0341174	1.25346	0.833862	1.14357	0.740945	-0.449359	-0.179529	-0.269387	0.902653	0.976205	23.8419	-1.69873	-38.1172	24.1995	-9.47341	-26.226	-21.4577	0.171189	8.9353	0.956011	-12.2359	-0.110994	-1.46221	-0.0124624	-1.08835	-0.462108	0.078172	-1.70499	0.0367692	1.24431	0.824002	-1.09944	-0.469535	0.0821182	-1.70284	0.0393239	1.23491	0.813932	1.11022e-16	-7.37572	-0.613668	11.3076	0.140219	1.44038	1.043e-07	0.0734901	0.157438	-2.07214	-0.0121482	0.00253992	-7.42646e-09	
1.67	-0.178135	-9.30858	-0.90885	12.3607	0.111411	1.46047	0.0131257	-1.06545	-0.447299	0.0691425	-1.70856	0.0313714	1.26234	0.843502	1.16837	0.73719	-0.488616	-0.156403	-0.27848	0.876188	0.954091	24.7955	-3.75509	-39.2571	23.1266	-9.09343	-26.4645	-22.1133	0.185746	9.23672	0.929672	-12.3328	-0.110308	-1.46	-0.0129815	-1.07702	-0.454689	0.0738499	-1.7069	0.0341174	1.25346	0.833862	-1.08835	-0.462108	0.078172	-1.70499	0.0367692	1.24431	0.824002	0	-7.55968	-0.569907	11.3643	0.140704	1.43878	-1.34327e-09	0.075231	0.165455	-2.07523	-0.0126552	0.00174579	-8.93265e-09	
1.68	-0.18945	-9.60911	-0.874064	12.4552	0.111131	1.45836	0.0136629	-1.05363	-0.439957	0.0640404	-1.71	0.0285373	1.27095	0.852915	1.194	0.731498	-0.528209	-0.133991	-0.287304	0.848889	0.930846	25.63	-5.69224	-39.5924	22.4113	-8.82334	-27.2989	-23.2458	0.192589	9.55555	0.889428	-12.4426	-0.110332	-1.45951	-0.0135638	-1.06545	-0.447299	0.0691425	-1.70856	0.0313714	1.26234	0.843502	-1.07702	-0.454689	0.0738499	-1.7069	0.0341174	1.25346	0.833862	-1.11022e-16	-7.74069	-0.5244	11.4185	0.14118	1.43721	5.3078e-08	0.0775556	0.173125	-2.07964	-0.0120293	0.00160368	-7.7528e-09	
1.69	-0.19844	-9.91928	-0.833377	12.557	0.111252	1.45723	0.0142533	-1.04154	-0.432683	0.0585365	-1.71123	0.025618	1.27929	0.862094	1.22058	0.723839	-0.568781	-0.11313	-0.295751	0.820994	0.907242	26.5837	-7.6592	-40.5721	20.8616	-8.44711	-27.895	-23.6034	0.201557	9.8622	0.849034	-12.5398	-0.110469	-1.45754	-0.0141675	-1.05363	-0.439957	0.0640404	-1.71	0.0285373	1.27095	0.852915	-1.06545	-0.447299	0.0691425	-1.70856	0.0313714	1.26234	0.843502	1.11022e-16	-7.91834	-0.477243	11.4702	0.141643	1.43569	-5.77553e-08	0.0814668	0.183012	-2.08303	-0.0129631	0.000475073	-9.24604e-09	
1.7	-0.203448	-10.2265	-0.783949	12.6557	0.111774	1.45591	0.0148748	-1.02919	-0.425496	0.0526228	-1.71225	0.0226204	1.28734	0.871034	1.24753	0.714183	-0.60999	-0.0934601	-0.303227	0.792742	0.883281	26.9413	-9.65595	-41.2092	19.6695	-7.47666	-28.2526	-23.9611	0.203417	10.1661	0.795484	-12.6379	-0.11153	-1.45651	-0.0147369	-1.04154	-0.432683	0.0585365	-1.71123	0.025618	1.27929	0.862094	-1.05363	-0.439957	0.0640404	-1.71	0.0285373	1.27095	0.852915	0	-8.09222	-0.428525	11.5194	0.142098	1.43421	7.93488e-08	0.0856967	0.187872	-2.08516	-0.0125888	0.0031022	-1.09684e-08	
1.71	-0.211442	-10.5226	-0.735933	12.7471	0.112108	1.45424	0.0154704	-1.01656	-0.418416	0.0462945	-1.71308	0.0195468	1.29511	0.879731	1.2753	0.7025	-0.651758	-0.0748634	-0.310574	0.763774	0.858903	27.7756	-11.6825	-41.768	18.5966	-7.34627	-28.9679	-24.3783	0.209948	10.4664	0.745952	-12.7321	-0.111966	-1.45492	-0.0153595	-1.02919	-0.425496	0.0526228	-1.71225	0.0226204	1.28734	0.871034	-1.04154	-0.432683	0.0585365	-1.71123	0.025618	1.27929	0.862094	0	-8.26188	-0.378347	11.5662	0.14254	1.43277	5.82668e-08	0.0868223	0.195399	-2.09429	-0.0116035	0.000944651	-7.92956e-09	
1.72	-0.220474	-10.8202	-0.686867	12.8387	0.112335	1.45251	0.0161271	-1.00365	-0.411464	0.039548	-1.71373	0.0164047	1.30259	0.888184	1.3032	0.688881	-0.693645	-0.0575781	-0.317266	0.734568	0.834107	27.895	-13.6197	-41.8872	17.2854	-6.69247	-29.2063	-24.7955	0.224434	10.7643	0.705092	-12.8225	-0.111462	-1.45301	-0.0159988	-1.01656	-0.418416	0.0462945	-1.71308	0.0195468	1.29511	0.879731	-1.02919	-0.425496	0.0526228	-1.71225	0.0226204	1.28734	0.871034	0	-8.4269	-0.326813	11.6106	0.142971	1.43137	7.86029e-08	0.089778	0.205573	-2.09859	-0.0116778	0.00170917	-9.27967e-09	
1.73	-0.232235	-11.1099	-0.638954	12.9271	0.112195	1.45098	0.0167574	-0.990465	-0.40466	0.0323798	-1.71422	0.0131983	1.30977	0.896391	1.33145	0.673205	-0.735674	-0.041604	-0.323311	0.704765	0.809789	28.2526	-15.676	-42.0287	15.974	-6.04522	-29.8023	-24.3187	0.231839	11.0478	0.651416	-12.9062	-0.112018	-1.45095	-0.0166141	-1.00365	-0.411464	0.039548	-1.71373	0.0164047	1.30259	0.888184	-1.01656	-0.418416	0.0462945	-1.71308	0.0195468	1.29511	0.879731	1.11022e-16	-8.58681	-0.274015	11.6526	0.143391	1.43001	1.76153e-07	0.0926132	0.212947	-2.10707	-0.011051	0.00047148	-9.00463e-09	
1.74	-0.239112	-11.3963	-0.581827	13.0139	0.112834	1.44938	0.0174279	-0.976995	-0.398024	0.0247915	-1.71455	0.00993221	1.31665	0.904351	1.3597	0.655562	-0.777805	-0.0269413	-0.329028	0.674605	0.784934	28.2526	-17.643	-42.1312	14.6627	-5.71644	-30.16	-24.8551	0.236315	11.3431	0.591546	-12.9975	-0.112986	-1.44952	-0.0173265	-0.990465	-0.40466	0.0323798	-1.71422	0.0131983	1.30977	0.896391	-1.00365	-0.411464	0.039548	-1.71373	0.0164047	1.30259	0.888184	0	-8.74114	-0.220066	11.6922	0.143798	1.42869	1.43864e-07	0.0953337	0.220921	-2.10447	-0.0120068	0.00187341	-8.89807e-09	
1.75	-0.247692	-11.6716	-0.524772	13.0934	0.113457	1.44721	0.0180973	-0.963244	-0.391575	0.0167847	-1.71475	0.00661184	1.32323	0.912065	1.38748	0.635982	-0.819335	-0.0133514	-0.334443	0.643969	0.760198	27.7758	-19.5801	-41.5295	13.5899	-5.41472	-30.6368	-24.7359	0.244859	11.6126	0.534769	-13.076	-0.113422	-1.44779	-0.0179215	-0.976995	-0.398024	0.0247915	-1.71455	0.00993221	1.31665	0.904351	-0.990465	-0.40466	0.0323798	-1.71422	0.0131983	1.30977	0.896391	-1.11022e-16	-8.88942	-0.165063	11.7295	0.144193	1.42742	1.7927e-07	0.0994723	0.228129	-2.11297	-0.0116184	0.000984314	-1.194e-08	
1.76	-0.26375	-11.9538	-0.47579	13.1845	0.113074	1.4468	0.0187741	-0.949217	-0.385333	0.00836489	-1.71482	0.00324264	1.3295	0.919537	1.41513	0.614315	-0.860252	-0.00178814	-0.339105	0.613093	0.736296	27.6566	-21.6662	-40.9176	11.5633	-4.66242	-30.8751	-23.9015	0.255968	11.8873	0.479432	-13.1581	-0.11361	-1.44605	-0.0186136	-0.963244	-0.391575	0.0167847	-1.71475	0.00661184	1.32323	0.912065	-0.976995	-0.398024	0.0247915	-1.71455	0.00993221	1.31665	0.904351	2.77556e-17	-9.03117	-0.109112	11.7646	0.144575	1.42618	1.85203e-07	0.100785	0.236034	-2.11785	-0.0110901	-0.000106172	-7.00969e-09	
1.77	-0.276263	-12.2132	-0.41974	13.2603	0.113265	1.44495	0.0194357	-0.934918	-0.379318	-0.000459841	-1.71477	-0.000171233	1.33545	0.926767	1.44172	0.590712	-0.900185	0.0089407	-0.343323	0.581861	0.711918	26.5837	-23.6034	-39.933	10.7288	-4.21807	-31.2328	-24.3783	0.263747	12.1534	0.417512	-13.2373	-0.114496	-1.44441	-0.0193061	-0.949217	-0.385333	0.00836489	-1.71482	0.00324264	1.3295	0.919537	-0.963244	-0.391575	0.0167847	-1.71475	0.00661184	1.32323	0.912065	0	-9.1659	-0.0523145	11.7973	0.144944	1.42499	8.49166e-08	0.103405	0.241715	-2.12375	-0.00969201	-0.000803139	-7.18385e-09	
1.78	-0.273066	-12.4818	-0.34037	13.3465	0.115227	1.44459	0.0201681	-0.920359	-0.373549	-0.00967945	-1.71463	-0.0036236	1.3411	0.933758	1.46717	0.56529	-0.939463	0.0180006	-0.346813	0.550032	0.688434	25.4512	-25.4214	-39.2778	9.05991	-3.49003	-31.8289	-23.4842	0.276061	12.4188	0.359605	-13.3205	-0.114522	-1.44363	-0.0199959	-0.934918	-0.379318	-0.000459841	-1.71477	-0.000171233	1.33545	0.926767	-0.949217	-0.385333	0.00836489	-1.71482	0.00324264	1.3295	0.919537	4.16334e-17	-9.29315	0.00523794	11.8278	0.145302	1.42384	2.4001e-07	0.108112	0.250444	-2.12876	-0.0100213	0.000749204	-8.68093e-09	
1.79	-0.296026	-12.7159	-0.294684	13.4087	0.114269	1.44168	0.0208052	-0.905551	-0.368045	-0.0192781	-1.7144	-0.00711105	1.34642	0.940516	1.49155	0.538021	-0.976363	0.0265837	-0.350107	0.517964	0.665545	24.3783	-27.2691	-36.8999	8.58307	-3.29384	-32.0673	-22.8882	0.292681	12.6676	0.305684	-13.3966	-0.114359	-1.44236	-0.0206658	-0.920359	-0.373549	-0.00967945	-1.71463	-0.0036236	1.3411	0.933758	-0.934918	-0.379318	-0.000459841	-1.71477	-0.000171233	1.33545	0.926767	-6.93889e-18	-9.4124	0.0634424	11.8561	0.145645	1.42273	1.99698e-07	0.110031	0.25886	-2.13584	-0.00976268	7.21554e-05	-8.20436e-09	
1.8	-0.299611	-12.9549	-0.221175	13.4826	0.115723	1.44044	0.0215236	-0.890512	-0.362825	-0.0292384	-1.7141	-0.0106283	1.35143	0.947043	1.51378	0.508785	-1.01176	0.0331402	-0.353027	0.485897	0.642538	22.2325	-29.2361	-35.3921	6.55651	-2.92015	-32.0673	-23.0074	0.298524	12.9072	0.235528	-13.4685	-0.115499	-1.4408	-0.0213748	-0.905551	-0.368045	-0.0192781	-1.7144	-0.00711105	1.34642	0.940516	-0.920359	-0.373549	-0.00967945	-1.71463	-0.0036236	1.3411	0.933758	4.77049e-18	-9.52321	0.122212	11.8823	0.145976	1.42166	1.87947e-07	0.115185	0.267841	-2.13814	-0.0103622	0.00138241	-1.04318e-08	
1.81	-0.318895	-13.1823	-0.166978	13.5535	0.115259	1.43918	0.0221974	-0.875259	-0.357907	-0.039537	-1.71374	-0.0141714	1.35611	0.953347	1.53416	0.477731	-1.04444	0.0383854	-0.355258	0.453591	0.620544	20.3848	-31.054	-32.6821	5.24521	-2.23053	-32.3057	-21.9941	0.320271	13.1338	0.185017	-13.535	-0.114881	-1.43871	-0.0220606	-0.890512	-0.362825	-0.0292384	-1.7141	-0.0106283	1.35143	0.947043	-0.905551	-0.368045	-0.0192781	-1.7144	-0.00711105	1.34642	0.940516	0	-9.62511	0.181451	11.9063	0.146294	1.42062	1.17706e-07	0.112793	0.275563	-2.14014	-0.00867481	-0.000730979	-3.99999e-09	
1.82	-0.326449	-13.4152	-0.095316	13.6333	0.116251	1.43919	0.0229366	-0.859818	-0.353308	-0.0501495	-1.71333	-0.0177361	1.36046	0.959431	1.55187	0.445098	-1.07467	0.0422001	-0.357239	0.420451	0.59849	17.7026	-32.6335	-30.2345	3.81469	-1.98093	-33.1402	-22.0537	0.326924	13.3568	0.112715	-13.6067	-0.115873	-1.43791	-0.0227633	-0.875259	-0.357907	-0.039537	-1.71374	-0.0141714	1.35611	0.953347	-0.890512	-0.362825	-0.0292384	-1.7141	-0.0106283	1.35143	0.947043	-5.55112e-17	-9.71767	0.241087	11.9282	0.146599	1.41962	1.30037e-07	0.116797	0.281309	-2.15229	-0.00756344	-0.00037204	-3.94947e-09	
1.83	-0.34117	-13.6089	-0.0324469	13.6906	0.116558	1.43697	0.0236041	-0.844214	-0.349045	-0.0610449	-1.71289	-0.0213189	1.36448	0.965299	1.56677	0.410616	-1.10152	0.0452995	-0.359019	0.387549	0.577331	14.9012	-34.4813	-26.8444	3.09944	-1.78069	-32.9018	-21.1596	0.345526	13.5685	0.054805	-13.6753	-0.115679	-1.43682	-0.0234541	-0.859818	-0.353308	-0.0501495	-1.71333	-0.0177361	1.36046	0.959431	-0.875259	-0.357907	-0.039537	-1.71374	-0.0141714	1.35611	0.953347	0	-9.80048	0.301038	11.948	0.146891	1.41866	1.20653e-07	0.12084	0.290771	-2.15438	-0.0079148	0.000262627	-5.19628e-09	
1.84	-0.358994	-13.7989	0.0278532	13.7515	0.116492	1.43547	0.0242728	-0.82848	-0.345136	-0.0721891	-1.71242	-0.0249166	1.36818	0.970959	1.57839	0.374585	-1.12469	0.0470877	-0.360336	0.354052	0.556707	11.6229	-36.031	-23.1788	1.78814	-1.31688	-33.4978	-20.6232	0.354645	13.7631	-0.0167826	-13.7387	-0.116539	-1.43554	-0.0241563	-0.844214	-0.349045	-0.0610449	-1.71289	-0.0213189	1.36448	0.965299	-0.859818	-0.353308	-0.0501495	-1.71333	-0.0177361	1.36046	0.959431	1.11022e-16	-9.87314	0.361234	11.9657	0.147169	1.41774	8.45634e-08	0.124217	0.296691	-2.15882	-0.00693847	0.000928004	-3.40461e-09	
1.85	-0.376297	-13.9761	0.0900087	13.809	0.116587	1.43369	0.0249609	-0.812649	-0.341595	-0.0835452	-1.71195	-0.028526	1.37153	0.976417	1.58644	0.337034	-1.14398	0.0478029	-0.361467	0.320435	0.536978	8.04663	-37.5509	-19.2821	0.715256	-1.13064	-33.617	-19.7291	0.37714	13.9482	-0.0721239	-13.8032	-0.116045	-1.43474	-0.0248123	-0.82848	-0.345136	-0.0721891	-1.71242	-0.0249166	1.36818	0.970959	-0.844214	-0.349045	-0.0610449	-1.71289	-0.0213189	1.36448	0.965299	-5.55112e-17	-9.93531	0.421616	11.9814	0.147435	1.41684	1.91e-08	0.127149	0.307087	-2.1671	-0.00728245	-0.000414116	-4.45807e-09	
1.86	-0.396421	-14.1487	0.149949	13.8726	0.116389	1.43308	0.0256314	-0.796759	-0.338438	-0.0950708	-1.71147	-0.032145	1.37455	0.98168	1.59055	0.297964	-1.15888	0.0470877	-0.362314	0.286222	0.517547	4.11272	-39.0708	-14.9012	-0.715256	-0.847489	-34.213	-19.4311	0.395534	14.1167	-0.133859	-13.8602	-0.116068	-1.43303	-0.0255094	-0.812649	-0.341595	-0.0835452	-1.71195	-0.028526	1.37153	0.976417	-0.82848	-0.345136	-0.0721891	-1.71242	-0.0249166	1.36818	0.970959	-1.11022e-16	-9.9867	0.482123	11.995	0.147688	1.41599	-1.10351e-07	0.128241	0.314019	-2.17107	-0.00636733	0.000174484	-2.20313e-09	
1.87	-0.414378	-14.3088	0.213879	13.9337	0.116392	1.43235	0.0263205	-0.780851	-0.335678	-0.106722	-1.71101	-0.0357711	1.37722	0.986753	1.59031	0.257581	-1.16918	0.0454187	-0.362754	0.25177	0.499189	-0.238419	-40.3821	-10.3041	-1.66893	-0.439584	-34.4515	-18.3583	0.40152	14.2773	-0.21302	-13.9209	-0.117429	-1.43238	-0.02622	-0.796759	-0.338438	-0.0950708	-1.71147	-0.032145	1.37455	0.98168	-0.812649	-0.341595	-0.0835452	-1.71195	-0.028526	1.37153	0.976417	0	-10.027	0.542708	12.0067	0.147927	1.41516	-2.1939e-07	0.133709	0.320922	-2.17412	-0.00605724	0.00120728	-2.82508e-09	
1.88	-0.415828	-14.2774	0.29064	13.911	0.117749	1.43051	0.0259338	-0.764969	-0.33333	-0.11845	-1.71057	-0.0394025	1.37955	0.991644	1.58584	0.216216	-1.17473	0.0430345	-0.363294	0.217319	0.480771	-4.47035	-41.3656	-5.54323	-2.38419	-0.540167	-34.4515	-18.4178	0.412439	14.2959	-0.279936	-13.9173	-0.117961	-1.43013	-0.0261365	-0.780851	-0.335678	-0.106722	-1.71101	-0.0357711	1.37722	0.986753	-0.796759	-0.338438	-0.0950708	-1.71147	-0.032145	1.37455	0.98168	-1.11022e-16	-10.0562	0.603328	12.0163	0.148154	1.41436	-2.86315e-07	0.13219	0.320359	-2.17541	-0.00510767	0.000133762	-1.16095e-09	
1.89	-0.392662	-14.0346	0.386924	13.7987	0.120939	1.42827	0.024322	-0.749148	-0.331391	-0.130212	-1.71015	-0.0430383	1.38154	0.996361	1.57851	0.175655	-1.17663	0.0400543	-0.363875	0.184298	0.464261	-7.33137	-40.561	-1.89996	-2.98023	-0.581145	-33.021	-16.5105	0.393877	14.1004	-0.373274	-13.8293	-0.120647	-1.429	-0.0247492	-0.764969	-0.33333	-0.11845	-1.71057	-0.0394025	1.37955	0.991644	-0.780851	-0.335678	-0.106722	-1.71101	-0.0357711	1.37722	0.986753	1.11022e-16	-10.0741	0.663962	12.024	0.148369	1.41359	-4.72003e-07	0.124635	0.303661	-2.16123	-0.00551962	0.00259489	-3.82542e-09	
1.9	-0.357085	-13.6931	0.491081	13.6503	0.124788	1.42692	0.0221256	-0.733415	-0.329846	-0.141973	-1.70977	-0.0466778	1.38321	1.00092	1.56885	0.137508	-1.17524	0.0365973	-0.364233	0.153542	0.448465	-9.65595	-38.147	1.38581	-3.45707	-0.357628	-30.756	-15.7952	0.36793	13.7719	-0.466327	-13.6843	-0.123606	-1.42721	-0.0226104	-0.749148	-0.331391	-0.130212	-1.71015	-0.0430383	1.38154	0.996361	-0.764969	-0.33333	-0.11845	-1.71057	-0.0394025	1.37955	0.991644	1.11022e-16	-10.0815	0.724595	12.0299	0.148572	1.41285	-5.61435e-07	0.115045	0.278731	-2.14529	-0.00585624	0.00160127	-7.46647e-09	
1.91	-0.320179	-13.2908	0.590058	13.4767	0.128289	1.42506	0.0196261	-0.717784	-0.328668	-0.153704	-1.70942	-0.0503221	1.38459	1.00532	1.55807	0.102311	-1.17135	0.0332594	-0.364602	0.125766	0.434518	-10.7884	-35.1966	3.8892	-3.33786	-0.368804	-27.7758	-13.9475	0.338027	13.3737	-0.557184	-13.5122	-0.126419	-1.4254	-0.0200955	-0.733415	-0.329846	-0.141973	-1.70977	-0.0466778	1.38321	1.00092	-0.749148	-0.331391	-0.130212	-1.71015	-0.0430383	1.38154	0.996361	-3.33067e-16	-10.0788	0.785233	12.0341	0.148765	1.41214	-5.96949e-07	0.101267	0.248681	-2.12428	-0.00479755	0.0018367	-7.87664e-09	
1.92	-0.282347	-12.8676	0.685475	13.2934	0.13162	1.42226	0.017118	-0.702266	-0.327823	-0.165384	-1.7091	-0.053971	1.38571	1.0096	1.54668	0.0704229	-1.16566	0.0302792	-0.365064	0.101447	0.421882	-11.3845	-31.8885	5.69224	-2.98023	-0.461936	-24.3187	-12.6362	0.2974	12.9521	-0.656973	-13.3316	-0.130176	-1.42319	-0.017565	-0.717784	-0.328668	-0.153704	-1.70942	-0.0503221	1.38459	1.00532	-0.733415	-0.329846	-0.141973	-1.70977	-0.0466778	1.38321	1.00092	0	-10.067	0.845886	12.0368	0.148949	1.41144	-8.4356e-07	0.0892241	0.217171	-2.10504	-0.00416199	0.00178963	-6.12827e-09	
1.93	-0.255925	-12.4602	0.764009	13.1241	0.133583	1.42064	0.0146632	-0.686862	-0.327279	-0.177	-1.70882	-0.0576254	1.38661	1.01375	1.53512	0.0417232	-1.15831	0.0271797	-0.365704	0.0798702	0.410199	-11.5633	-28.6996	7.34627	-3.09944	-0.64075	-21.5769	-11.6825	0.259591	12.5455	-0.750933	-13.1609	-0.133403	-1.42128	-0.0151692	-0.702266	-0.327823	-0.165384	-1.7091	-0.053971	1.38571	1.0096	-0.717784	-0.328668	-0.153704	-1.70942	-0.0503221	1.38459	1.00532	-1.11022e-16	-10.0468	0.906565	12.0383	0.149125	1.41077	-9.32723e-07	0.077277	0.187998	-2.08723	-0.0034959	0.000849541	-5.66104e-09	
1.94	-0.224107	-12.0829	0.848881	12.9703	0.13609	1.41906	0.0124943	-0.671575	-0.327004	-0.18854	-1.70856	-0.0612863	1.3873	1.01779	1.52361	0.0163317	-1.15038	0.0244379	-0.366412	0.0612736	0.399232	-11.5037	-25.3916	7.92742	-2.74181	-0.707805	-18.5966	-10.9673	0.227771	12.1549	-0.835337	-12.9988	-0.135873	-1.41925	-0.0129181	-0.686862	-0.327279	-0.177	-1.70882	-0.0576254	1.38661	1.01375	-0.702266	-0.327823	-0.165384	-1.7091	-0.053971	1.38571	1.0096	0	-10.0189	0.967284	12.0385	0.149294	1.41012	-1.08743e-06	0.0665892	0.161886	-2.06876	-0.00350874	0.00164101	-8.82118e-09	
1.95	-0.185729	-11.7227	0.940973	12.8233	0.139204	1.41694	0.0105485	-0.656402	-0.326967	-0.199997	-1.70833	-0.0649534	1.38782	1.02173	1.51211	-0.00619888	-1.14201	0.0222921	-0.36709	0.0451803	0.389814	-11.5037	-22.5306	8.37445	-2.14577	-0.678003	-16.0933	-9.41753	0.20268	11.801	-0.911311	-12.8563	-0.137611	-1.41772	-0.0109038	-0.671575	-0.327004	-0.18854	-1.70856	-0.0612863	1.3873	1.01779	-0.686862	-0.327279	-0.177	-1.70882	-0.0576254	1.38661	1.01375	0	-9.98412	1.02805	12.0377	0.149457	1.40948	-1.17208e-06	0.0571123	0.141021	-2.05204	-0.00422733	0.00237726	-1.15783e-08	
1.96	-0.165855	-11.405	1.01052	12.7017	0.140389	1.41604	0.00878312	-0.641341	-0.327141	-0.211367	-1.70812	-0.0686282	1.38819	1.02558	1.50114	-0.026226	-1.13286	0.0200272	-0.36788	0.0312328	0.38135	-10.9673	-20.0272	9.14931	-2.26498	-0.789762	-13.9475	-8.46386	0.1688	11.4702	-0.998264	-12.7279	-0.140254	-1.4166	-0.00912638	-0.656402	-0.326967	-0.199997	-1.70833	-0.0649534	1.38782	1.02173	-0.671575	-0.327004	-0.18854	-1.70856	-0.0612863	1.3873	1.01779	1.11022e-16	-9.94309	1.08888	12.036	0.149615	1.40886	-1.23351e-06	0.0467602	0.116768	-2.03542	-0.00352258	0.00100984	-8.48921e-09	
1.97	-0.140344	-11.1183	1.08827	12.592	0.142257	1.4146	0.00732074	-0.626389	-0.327501	-0.222645	-1.70793	-0.0723109	1.38844	1.02935	1.49059	-0.0437498	-1.12388	0.0184774	-0.368714	0.0190735	0.373483	-10.55	-17.5238	8.9854	-1.54972	-0.834465	-12.1593	-7.86781	0.150215	11.1693	-1.06609	-12.6095	-0.141336	-1.41446	-0.00756763	-0.641341	-0.327141	-0.211367	-1.70812	-0.0686282	1.38819	1.02558	-0.656402	-0.326967	-0.199997	-1.70833	-0.0649534	1.38782	1.02173	1.11022e-16	-9.89638	1.14979	12.0334	0.149769	1.40825	-1.3632e-06	0.040169	0.10081	-2.02596	-0.00362077	0.000732505	-1.24006e-08	
1.98	-0.126711	-10.8521	1.15098	12.493	0.142901	1.41305	0.00598966	-0.611541	-0.328027	-0.233832	-1.70776	-0.076002	1.38857	1.03305	1.48028	-0.0595152	-1.11428	0.0170469	-0.369579	0.00882149	0.36633	-10.3116	-15.7654	9.59635	-1.43051	-0.864267	-10.252	-7.15256	0.125735	10.9104	-1.1439	-12.5183	-0.143152	-1.41412	-0.00626925	-0.626389	-0.327501	-0.222645	-1.70793	-0.0723109	1.38844	1.02935	-0.641341	-0.327141	-0.211367	-1.70812	-0.0686282	1.38819	1.02558	-2.22045e-16	-9.84449	1.21077	12.0302	0.149919	1.40765	-1.51665e-06	0.0334817	0.0817439	-2.01776	-0.00280853	0.00164281	-9.30758e-09	
1.99	-0.10183	-10.6174	1.23013	12.4108	0.144832	1.41199	0.0049402	-0.596793	-0.3287	-0.244927	-1.70759	-0.0797013	1.38861	1.03668	1.47039	-0.0734627	-1.10522	0.0158548	-0.370465	0	0.360012	-9.89437	-13.9475	9.05991	-1.19209	-0.886619	-8.82149	-6.31809	0.10063	10.6615	-1.22211	-12.4258	-0.145118	-1.41212	-0.00516836	-0.611541	-0.328027	-0.233832	-1.70776	-0.076002	1.38857	1.03305	-0.626389	-0.327501	-0.222645	-1.70793	-0.0723109	1.38844	1.02935	2.22045e-16	-9.78789	1.27184	12.0262	0.150065	1.40707	-1.62335e-06	0.0290576	0.0685643	-2.00407	-0.00332108	0.0016221	-1.2429e-08	
2	-0.0914073	-10.4122	1.29269	12.3437	0.145236	1.41122	0.00403118	-0.582142	-0.329505	-0.255927	-1.70744	-0.083409	1.38857	1.04025	1.46073	-0.0859201	-1.09568	0.014782	-0.371121	-0.00762939	0.354171	-9.65595	-12.4574	9.53674	-1.07288	-0.655651	-7.62939	-5.84126	0.0885223	10.4421	-1.28544	-12.3496	-0.145708	-1.41065	-0.00420541	-0.596793	-0.3287	-0.244927	-1.70759	-0.0797013	1.38861	1.03668	-0.611541	-0.328027	-0.233832	-1.70776	-0.076002	1.38857	1.03305	2.22045e-16	-9.72694	1.333	12.0217	0.15021	1.40649	-1.6695e-06	0.0238616	0.0568612	-1.99455	-0.0024157	0.00127052	-1.02989e-08	
2.01	-0.07158	-10.2127	1.36723	12.2764	0.146783	1.40955	0.00328889	-0.567586	-0.330427	-0.266835	-1.7073	-0.0871263	1.38846	1.04376	1.45155	-0.0971556	-1.08665	0.0143051	-0.372075	-0.0143051	0.349164	-9.17912	-11.2355	9.0301	-0.476837	-0.953674	-6.67572	-5.00679	0.0727262	10.2502	-1.35576	-12.2896	-0.146807	-1.41004	-0.00342796	-0.582142	-0.329505	-0.255927	-1.70744	-0.083409	1.38857	1.04025	-0.596793	-0.3287	-0.244927	-1.70759	-0.0797013	1.38861	1.03668	-2.22045e-16	-9.66199	1.39426	12.0167	0.150352	1.40593	-1.87375e-06	0.0191006	0.0472611	-1.98841	-0.00291207	0.00124563	-1.10894e-08	
2.02	-0.0598247	-10.0318	1.43275	12.2183	0.147554	1.40791	0.00265493	-0.55312	-0.331455	-0.27765	-1.70716	-0.0908521	1.38828	1.04723	1.44249	-0.107348	-1.07732	0.0139475	-0.372998	-0.0200272	0.344992	-9.05991	-10.1924	9.32813	-0.357628	-0.923872	-5.72204	-4.17233	0.0647104	10.0762	-1.41741	-12.2376	-0.147135	-1.40931	-0.00276026	-0.567586	-0.330427	-0.266835	-1.7073	-0.0871263	1.38846	1.04376	-0.582142	-0.329505	-0.255927	-1.70744	-0.083409	1.38857	1.04025	0	-9.59334	1.45562	12.0112	0.150492	1.40537	-1.94133e-06	0.0152515	0.0407159	-1.98734	-0.00248457	0.000827751	-1.02568e-08	
2.03	-0.0496048	-9.88127	1.49962	12.1825	0.148309	1.40808	0.00215879	-0.538744	-0.332581	-0.288372	-1.70702	-0.0945877	1.38805	1.05066	1.43361	-0.116706	-1.06803	0.013113	-0.373997	-0.0250339	0.341177	-8.88109	-9.35793	9.29832	-0.834465	-0.998378	-5.00679	-3.8147	0.0524792	9.90892	-1.48485	-12.1881	-0.14805	-1.4081	-0.00222317	-0.55312	-0.331455	-0.27765	-1.70716	-0.0908521	1.38828	1.04723	-0.567586	-0.330427	-0.266835	-1.7073	-0.0871263	1.38846	1.04376	2.22045e-16	-9.52123	1.51708	12.0052	0.150631	1.40482	-2.08129e-06	0.0138735	0.0316567	-1.98086	-0.00187646	0.00118331	-7.41513e-09	
2.04	-0.0400393	-9.73959	1.56661	12.1485	0.148974	1.40768	0.00176567	-0.524456	-0.333795	-0.299001	-1.70689	-0.0983325	1.38777	1.05405	1.42497	-0.1252	-1.05885	0.0127554	-0.374801	-0.0296831	0.33772	-8.64267	-8.49367	9.17912	-0.357628	-0.804663	-4.64916	-3.45707	0.0465792	9.75735	-1.54568	-12.1449	-0.148387	-1.40649	-0.00180518	-0.538744	-0.332581	-0.288372	-1.70702	-0.0945877	1.38805	1.05066	-0.55312	-0.331455	-0.27765	-1.70716	-0.0908521	1.38828	1.04723	2.22045e-16	-9.44589	1.57865	11.9988	0.150769	1.40427	-2.19866e-06	0.00888258	0.0266505	-1.97659	-0.00158163	7.49489e-05	-4.13825e-09	
