0.73	-0.426839	0.240022	-1.69254	4.06273	-0.157139	1.50808	-0.00890271	-1.587	-0.532198	0.000510009	-1.06907	0.000500903	0.536866	0.308481	0.253558	0.0930428	0.0156816	0.159979	0.0151037	-0.0669956	2.47362	253.558	93.0428	15.6816	159.979	15.1037	-66.9956	2473.62	0.467662	-0.245327	1.83685	-4.00329	0.184571	-1.49653	0.00777635	0	0	0	0	0	0	0	0	0	0	0	0	0	0	-5.55112e-17	0.413789	-0.0880574	4.72533	0.0848749	1.52484	6.12476e-07	-0.185961	0.339555	-1.72319	-0.105827	0.082553	-4.43147e-07	
0.74	-0.246093	0.322889	-1.05473	4.21527	-0.0366571	1.55065	-0.0148139	-1.58464	-0.531533	0.000540887	-1.06801	0.000531884	0.53647	0.332075	0.223398	0.0467896	-0.00527641	0.0663996	-0.00546494	-0.0194311	2.26918	-30.16	-46.2532	-20.958	-93.5793	-20.5686	47.5645	-204.444	0.277712	-0.300659	1.16605	-4.19921	0.057804	-1.54442	0.0136922	-1.587	-0.532198	0.000510009	-1.06907	0.000500903	0.536866	0.308481	0	0	0	0	0	0	0	-5.55112e-17	0.411134	-0.0872947	4.71731	0.0839187	1.52133	5.70252e-07	-0.128831	0.209404	-1.77953	-0.11132	0.0940495	-4.76756e-07	
0.75	-0.0985938	0.406926	-0.53462	4.25942	0.0611082	1.57271	-0.0200759	-1.58252	-0.531269	0.000409566	-1.06776	0.000401308	0.53649	0.353733	0.205278	0.0107288	-0.0178685	-0.00786781	-0.0180022	0.0187159	2.0836	-18.1198	-36.0608	-12.5921	-74.2674	-12.5373	38.147	-185.579	0.122484	-0.378336	0.618602	-4.26261	-0.0452573	-1.56951	0.0191044	-1.58464	-0.531533	0.000540887	-1.06801	0.000531884	0.53647	0.332075	-1.587	-0.532198	0.000510009	-1.06907	0.000500903	0.536866	0.308481	5.55112e-17	0.40988	-0.0854831	4.71429	0.0831325	1.51807	5.55088e-07	-0.0956502	0.0984065	-1.81267	-0.11093	0.0923303	-5.13946e-07	
0.76	0.0179075	0.50771	-0.124033	4.22953	0.137491	1.58194	-0.0246645	-1.58052	-0.531338	0.000195551	-1.06821	0.000189476	0.536869	0.373617	0.196338	-0.0210404	-0.0232704	-0.074625	-0.0231041	0.0534058	1.91247	-8.9407	-31.7693	-5.40187	-66.7572	-5.10193	34.6899	-171.125	0.00365751	-0.489639	0.200135	-4.23795	-0.123485	-1.58081	0.0238094	-1.58252	-0.531269	0.000409566	-1.06776	0.000401308	0.53649	0.353733	-1.58464	-0.531533	0.000540887	-1.06801	0.000531884	0.53647	0.332075	0	0.409646	-0.0831963	4.7156	0.082493	1.51505	4.92905e-07	-0.0739684	0.012241	-1.81783	-0.112513	0.0970452	-5.43087e-07	
0.77	0.107896	0.604473	0.193152	4.16578	0.195708	1.58276	-0.0284266	-1.57857	-0.531719	-3.80034e-05	-1.06932	-4.09128e-05	0.537599	0.391856	0.19443	-0.0520945	-0.0227647	-0.14174	-0.0221608	0.0892281	1.75333	-1.90735	-31.054	0.505686	-67.1148	0.943348	35.8224	-159.144	-0.0909002	-0.590606	-0.133084	-4.17628	-0.184869	-1.58257	0.0277367	-1.58052	-0.531338	0.000195551	-1.06821	0.000189476	0.536869	0.373617	-1.58252	-0.531269	0.000409566	-1.06776	0.000401308	0.53649	0.353733	0	0.410191	-0.0808894	4.72114	0.081986	1.51226	4.83067e-07	-0.0604155	-0.058322	-1.80919	-0.113015	0.0975635	-5.62503e-07	
0.78	0.178105	0.719857	0.440086	4.07519	0.240506	1.57838	-0.0316245	-1.57661	-0.532416	-0.000241678	-1.07112	-0.000242081	0.538704	0.408555	0.198007	-0.0845194	-0.0177294	-0.212789	-0.0174322	0.128269	1.60295	3.57628	-32.4249	5.03528	-71.0487	4.7286	39.041	-150.383	-0.167211	-0.702267	-0.401675	-4.09019	-0.23371	-1.57932	0.0311176	-1.57857	-0.531719	-3.80034e-05	-1.06932	-4.09128e-05	0.537599	0.391856	-1.58052	-0.531338	0.000195551	-1.06821	0.000189476	0.536869	0.373617	0	0.411376	-0.0789189	4.73114	0.0816025	1.50968	4.37913e-07	-0.0504845	-0.115852	-1.79738	-0.114285	0.100192	-5.8002e-07	
0.79	0.233894	0.823077	0.636344	3.98851	0.275267	1.57147	-0.0341597	-1.5746	-0.533449	-0.000375672	-1.07367	-0.000374045	0.54022	0.423796	0.205398	-0.11915	-0.00949524	-0.290275	-0.00902812	0.171244	1.46067	7.39098	-34.6303	8.23417	-77.4861	8.40406	42.9749	-142.276	-0.223634	-0.798071	-0.600255	-4.00734	-0.269018	-1.57281	0.0336699	-1.57661	-0.532416	-0.000241678	-1.07112	-0.000242081	0.538704	0.408555	-1.57857	-0.531719	-3.80034e-05	-1.06932	-4.09128e-05	0.537599	0.391856	0	0.413092	-0.0775768	4.746	0.0813388	1.50732	4.23016e-07	-0.0449687	-0.159733	-1.7811	-0.114423	0.100959	-5.87474e-07	
0.8	0.274278	0.912758	0.778081	3.91419	0.299731	1.5632	-0.0359947	-1.57249	-0.534841	-0.000410771	-1.07703	-0.000408809	0.542187	0.437646	0.216007	-0.156045	0.00177207	-0.374317	0.00170016	0.218153	1.32427	10.6096	-36.8953	11.2673	-84.0425	10.7283	46.9089	-136.405	-0.266985	-0.897468	-0.752364	-3.92652	-0.29549	-1.56472	0.035683	-1.5746	-0.533449	-0.000375672	-1.07367	-0.000374045	0.54022	0.423796	-1.57661	-0.532416	-0.000241678	-1.07112	-0.000242081	0.538704	0.408555	0	0.415285	-0.0770809	4.76617	0.081192	1.50516	3.99435e-07	-0.0442143	-0.195703	-1.76233	-0.112858	0.0994141	-5.83549e-07	
0.81	0.30625	1.0174	0.889851	3.84229	0.318208	1.55444	-0.0374553	-1.57026	-0.536615	-0.000324888	-1.08126	-0.000322991	0.544645	0.450168	0.228643	-0.195146	0.0147151	-0.463963	0.0143738	0.268996	1.1937	12.6362	-39.1006	12.943	-89.6454	12.6736	50.8428	-130.564	-0.30228	-0.995374	-0.876093	-3.8566	-0.316119	-1.55633	0.0372351	-1.57249	-0.534841	-0.000410771	-1.07703	-0.000408809	0.542187	0.437646	-1.5746	-0.533449	-0.000375672	-1.07367	-0.000374045	0.54022	0.423796	-5.55112e-17	0.417875	-0.077605	4.79207	0.081162	1.50319	3.56926e-07	-0.0422669	-0.224844	-1.74776	-0.111232	0.101172	-5.73514e-07	
0.82	0.331372	1.11042	0.977495	3.79278	0.331812	1.54646	-0.0384185	-1.56789	-0.538789	-0.000102187	-1.08642	-0.000102166	0.547629	0.461415	0.242949	-0.235975	0.0287524	-0.558972	0.0285393	0.322998	1.06871	14.3051	-40.8292	14.0373	-95.0098	14.1655	54.0018	-124.991	-0.32859	-1.08455	-0.967973	-3.80418	-0.330624	-1.5477	0.038251	-1.57026	-0.536615	-0.000324888	-1.08126	-0.000322991	0.544645	0.450168	-1.57249	-0.534841	-0.000410771	-1.07703	-0.000408809	0.542187	0.437646	-2.77556e-17	0.420765	-0.0792817	4.82409	0.0812469	1.50142	3.51447e-07	-0.0409616	-0.246547	-1.73457	-0.110699	0.099103	-5.66506e-07	
0.83	0.347303	1.20181	1.03218	3.75627	0.339363	1.53804	-0.038928	-1.56538	-0.541375	0.000270863	-1.09254	0.000264549	0.551167	0.471434	0.258207	-0.277281	0.0441753	-0.656485	0.043363	0.379384	0.948012	15.2588	-41.306	15.4229	-97.5131	14.8237	56.386	-120.699	-0.345135	-1.19759	-1.02465	-3.75612	-0.338488	-1.54025	0.0389718	-1.56789	-0.538789	-0.000102187	-1.08642	-0.000102166	0.547629	0.461415	-1.57026	-0.536615	-0.000324888	-1.08126	-0.000322991	0.544645	0.450168	0	0.423869	-0.0822347	4.8625	0.0814434	1.49984	2.84957e-07	-0.0439207	-0.262752	-1.72191	-0.109179	0.0982603	-5.52761e-07	
0.84	0.36066	1.28832	1.07755	3.74099	0.344921	1.53102	-0.039114	-1.56271	-0.544378	0.000799676	-1.09966	0.000783535	0.555278	0.48027	0.274181	-0.318885	0.0596858	-0.756264	0.0585772	0.437319	0.831634	15.974	-41.604	15.5106	-99.7782	15.2142	57.9357	-116.378	-0.355806	-1.27692	-1.0607	-3.74023	-0.342436	-1.5326	0.0390942	-1.56538	-0.541375	0.000270863	-1.09254	0.000264549	0.551167	0.471434	-1.56789	-0.538789	-0.000102187	-1.08642	-0.000102166	0.547629	0.461415	5.55112e-17	0.427031	-0.0865383	4.90751	0.0817511	1.49844	2.96955e-07	-0.0417285	-0.271337	-1.70832	-0.109722	0.100293	-5.42601e-07	
0.85	0.367406	1.38674	1.09906	3.7361	0.345963	1.52484	-0.0390163	-1.55988	-0.547795	0.00148718	-1.10777	0.00145709	0.559974	0.487967	0.290513	-0.359952	0.0757403	-0.856161	0.0742935	0.496209	0.719905	16.3317	-41.0676	16.0544	-99.8974	15.7162	58.8894	-111.729	-0.363518	-1.3775	-1.08548	-3.73077	-0.344339	-1.52626	0.0390875	-1.56271	-0.544378	0.000799676	-1.09966	0.000783535	0.555278	0.48027	-1.56538	-0.541375	0.000270863	-1.09254	0.000264549	0.551167	0.471434	2.77556e-17	0.430089	-0.092255	4.95922	0.082168	1.49721	2.96276e-07	-0.0439186	-0.279816	-1.70264	-0.105765	0.0976223	-5.16338e-07	
0.86	0.366968	1.50085	1.09423	3.73739	0.342577	1.51938	-0.0387195	-1.55688	-0.551615	0.00233573	-1.11687	0.00228333	0.565257	0.494569	0.307202	-0.39959	0.0923828	-0.95427	0.089332	0.55486	0.61202	16.6893	-39.6371	16.6425	-98.1092	15.0385	58.651	-107.884	-0.36866	-1.48395	-1.10093	-3.73233	-0.344148	-1.52046	0.038869	-1.55988	-0.547795	0.00148718	-1.10777	0.00145709	0.559974	0.487967	-1.56271	-0.544378	0.000799676	-1.09966	0.000783535	0.555278	0.48027	0	0.432864	-0.0994482	5.01763	0.0826879	1.49616	2.70462e-07	-0.0453062	-0.285478	-1.6965	-0.104202	0.0959233	-4.94647e-07	
0.87	0.369739	1.60556	1.10065	3.75679	0.340774	1.51435	-0.038247	-1.55372	-0.555819	0.00334266	-1.12694	0.00326122	0.571126	0.50012	0.323772	-0.437081	0.107802	-1.04976	0.10444	0.613153	0.509083	16.5701	-37.4913	15.4187	-95.4867	15.1084	58.2933	-102.937	-0.369465	-1.5789	-1.10044	-3.7552	-0.341308	-1.51545	0.0383277	-1.55688	-0.551615	0.00233573	-1.11687	0.00228333	0.565257	0.494569	-1.55988	-0.547795	0.00148718	-1.10777	0.00145709	0.559974	0.487967	-5.55112e-17	0.435102	-0.108153	5.08266	0.0833102	1.49528	2.60657e-07	-0.0461639	-0.287333	-1.69213	-0.102232	0.0952071	-4.74825e-07	
0.88	0.36822	1.71192	1.09113	3.79014	0.336412	1.51044	-0.0375796	-1.5504	-0.560384	0.00450523	-1.13795	0.0043848	0.577573	0.504669	0.340223	-0.472188	0.123195	-1.14191	0.118705	0.670314	0.411212	16.4509	-35.1071	15.3934	-92.1488	14.2651	57.1608	-97.8709	-0.367902	-1.68256	-1.09088	-3.78562	-0.336953	-1.51086	0.0376622	-1.55372	-0.555819	0.00334266	-1.12694	0.00326122	0.571126	0.50012	-1.55688	-0.551615	0.00233573	-1.11687	0.00228333	0.565257	0.494569	-5.55112e-17	0.43657	-0.118406	5.15417	0.0840293	1.49455	2.09014e-07	-0.0480174	-0.287382	-1.68845	-0.0998001	0.094748	-4.48959e-07	
0.89	0.367587	1.80137	1.08406	3.84071	0.332571	1.50625	-0.0367144	-1.54691	-0.565282	0.00581865	-1.14985	0.00564673	0.584583	0.50826	0.356078	-0.503898	0.137804	-1.22905	0.132183	0.725865	0.317395	15.8548	-31.7097	14.6087	-87.142	13.4776	55.5515	-93.8177	-0.366787	-1.78493	-1.08218	-3.829	-0.332874	-1.50705	0.0368926	-1.5504	-0.560384	0.00450523	-1.13795	0.0043848	0.577573	0.504669	-1.55372	-0.555819	0.00334266	-1.12694	0.00326122	0.571126	0.50012	0	0.436984	-0.130229	5.23196	0.08484	1.49398	1.96579e-07	-0.0496323	-0.287377	-1.68897	-0.0972949	0.091267	-4.24436e-07	
0.9	0.360262	1.89815	1.05276	3.8979	0.324688	1.5025	-0.0356842	-1.54326	-0.570481	0.00727793	-1.1626	0.00704091	0.592138	0.510947	0.372052	-0.532389	0.152416	-1.31094	0.145191	0.779629	0.229299	15.974	-28.491	14.612	-81.8967	13.0078	53.7634	-88.0957	-0.362553	-1.86753	-1.06197	-3.89262	-0.326734	-1.50345	0.0358377	-1.54691	-0.565282	0.00581865	-1.14985	0.00564673	0.584583	0.50826	-1.5504	-0.560384	0.00450523	-1.13795	0.0043848	0.577573	0.504669	-5.55112e-17	0.436076	-0.143646	5.31577	0.0857385	1.49355	2.02475e-07	-0.0510753	-0.28502	-1.69268	-0.0924033	0.0878621	-3.92569e-07	
0.91	0.355775	1.98627	1.03053	3.96818	0.318612	1.49923	-0.0346056	-1.53945	-0.575945	0.00887627	-1.17613	0.00855785	0.600219	0.512782	0.38743	-0.557303	0.165908	-1.38724	0.157017	0.831187	0.147164	15.378	-24.9147	13.4921	-76.2939	11.8264	51.558	-82.1352	-0.35614	-1.9805	-1.03328	-3.94676	-0.31948	-1.49976	0.0348902	-1.54326	-0.570481	0.00727793	-1.1626	0.00704091	0.592138	0.510947	-1.54691	-0.565282	0.00581865	-1.14985	0.00564673	0.584583	0.50826	0	0.433561	-0.158662	5.40531	0.086719	1.49325	1.53172e-07	-0.0559009	-0.282919	-1.69482	-0.0885808	0.0837867	-3.65873e-07	
0.92	0.350116	2.07147	1.00335	4.04599	0.31194	1.49582	-0.0334409	-1.53549	-0.581637	0.0106068	-1.19039	0.0101889	0.608804	0.513823	0.40257	-0.578463	0.178718	-1.45733	0.16785	0.880539	0.0701547	15.1396	-21.1596	12.8103	-70.0951	10.8331	49.3526	-77.0092	-0.350521	-2.05703	-1.00642	-4.02846	-0.312787	-1.49645	0.0336764	-1.53945	-0.575945	0.00887627	-1.17613	0.00855785	0.600219	0.512782	-1.54326	-0.570481	0.00727793	-1.1626	0.00704091	0.592138	0.510947	0	0.429136	-0.175279	5.50028	0.0877772	1.49308	1.01761e-07	-0.0572153	-0.278731	-1.69734	-0.0844907	0.081962	-3.36935e-07	
0.93	0.343058	2.14009	0.970288	4.13777	0.304518	1.49237	-0.0321266	-1.53139	-0.58752	0.0124639	-1.20532	0.0119264	0.617869	0.514132	0.416994	-0.595748	0.190957	-1.52135	0.177991	0.927567	-0.000238419	14.4243	-17.2853	12.2385	-64.0154	10.1402	47.0281	-70.3931	-0.339748	-2.14786	-0.96097	-4.10736	-0.303242	-1.49297	0.0324447	-1.53549	-0.581637	0.0106068	-1.19039	0.0101889	0.608804	0.513823	-1.53945	-0.575945	0.00887627	-1.17613	0.00855785	0.600219	0.512782	-1.11022e-16	0.422522	-0.193506	5.60033	0.088908	1.49304	1.00508e-07	-0.0616018	-0.272873	-1.70185	-0.0794446	0.0776381	-3.07216e-07	
0.94	0.333041	2.21114	0.92609	4.2307	0.295623	1.48854	-0.0307871	-1.52714	-0.593556	0.0144398	-1.22085	0.0137578	0.62739	0.51377	0.43118	-0.609159	0.20276	-1.57869	0.18712	0.972032	-0.0645518	14.1859	-13.411	11.8036	-57.3397	9.12976	44.4651	-64.3134	-0.333013	-2.22402	-0.928495	-4.19877	-0.296234	-1.48976	0.0312027	-1.53139	-0.58752	0.0124639	-1.20532	0.0119264	0.617869	0.514132	-1.53549	-0.581637	0.0106068	-1.19039	0.0101889	0.608804	0.513823	0	0.413444	-0.213323	5.70515	0.0901042	1.49309	1.19923e-07	-0.0612723	-0.267296	-1.70264	-0.0763423	0.0774579	-2.82908e-07	
0.95	0.324163	2.27496	0.884924	4.33348	0.287537	1.48517	-0.0294177	-1.52275	-0.599707	0.0165274	-1.23693	0.0156752	0.637346	0.512806	0.444651	-0.619173	0.213686	-1.63054	0.195367	1.01453	-0.121593	13.4706	-10.0136	10.9263	-51.856	8.24685	42.4982	-57.0416	-0.326806	-2.27952	-0.896667	-4.30531	-0.289559	-1.48642	0.0298188	-1.52714	-0.593556	0.0144398	-1.22085	0.0137578	0.62739	0.51377	-1.53139	-0.58752	0.0124639	-1.20532	0.0119264	0.617869	0.514132	5.55112e-17	0.40163	-0.234712	5.8144	0.0913619	1.49325	8.44078e-08	-0.0655833	-0.264627	-1.713	-0.0683323	0.0697479	-2.48674e-07	
0.96	0.315718	2.34535	0.844715	4.43442	0.279834	1.48163	-0.0281275	-1.51823	-0.605937	0.0187205	-1.25349	0.0176706	0.647714	0.511308	0.457644	-0.62567	0.223771	-1.6762	0.202801	1.05476	-0.171542	12.9938	-6.49691	10.0844	-45.6572	7.43382	40.2331	-49.9487	-0.315816	-2.32116	-0.847082	-4.4196	-0.280482	-1.48242	0.0282968	-1.52275	-0.599707	0.0165274	-1.23693	0.0156752	0.637346	0.512806	-1.52714	-0.593556	0.0144398	-1.22085	0.0137578	0.62739	0.51377	0	0.386833	-0.257655	5.92775	0.0926773	1.49349	2.57025e-08	-0.067462	-0.257115	-1.71619	-0.0635688	0.0664316	-2.19064e-07	
0.97	0.305698	2.3653	0.796658	4.56279	0.271515	1.47781	-0.0265386	-1.51359	-0.61221	0.0210125	-1.27048	0.0197335	0.658469	0.509348	0.470281	-0.628233	0.23344	-1.71638	0.209022	1.09249	-0.214696	12.6362	-2.56294	9.66899	-40.1735	6.22123	37.7297	-43.1538	-0.305118	-2.36882	-0.79786	-4.53355	-0.271785	-1.47874	0.026863	-1.51823	-0.605937	0.0187205	-1.25349	0.0176706	0.647714	0.511308	-1.52275	-0.599707	0.0165274	-1.23693	0.0156752	0.637346	0.512806	-5.55112e-17	0.368809	-0.282119	6.04487	0.0940432	1.4938	1.66973e-09	-0.0714662	-0.251138	-1.72622	-0.0567002	0.0594701	-1.89181e-07	
0.98	0.295844	2.41313	0.749339	4.67684	0.263537	1.47387	-0.0251844	-1.50882	-0.618492	0.0233967	-1.28784	0.0218565	0.669592	0.507	0.482082	-0.627816	0.242418	-1.75071	0.214586	1.12832	-0.250041	11.8017	0.417233	8.97795	-34.3323	5.56372	35.8224	-35.3456	-0.295215	-2.38462	-0.74951	-4.66408	-0.263559	-1.47467	0.0252838	-1.51359	-0.61221	0.0210125	-1.27048	0.0197335	0.658469	0.509348	-1.51823	-0.605937	0.0187205	-1.25349	0.0176706	0.647714	0.511308	5.55112e-17	0.347343	-0.308063	6.16545	0.0954565	1.49418	1.8193e-08	-0.0709884	-0.243209	-1.73046	-0.0522852	0.0569598	-1.61804e-07	
0.99	0.283964	2.41164	0.692467	4.81812	0.254623	1.4698	-0.0235211	-1.50393	-0.624752	0.0258684	-1.30552	0.0240299	0.681064	0.504335	0.493526	-0.623941	0.251034	-1.78039	0.219289	1.16223	-0.278592	11.4441	3.87424	8.6166	-29.6831	4.70318	33.915	-28.5506	-0.286284	-2.41953	-0.70409	-4.78731	-0.256347	-1.47099	0.023897	-1.50882	-0.618492	0.0233967	-1.28784	0.0218565	0.669592	0.507	-1.51359	-0.61221	0.0210125	-1.27048	0.0197335	0.658469	0.509348	-1.66533e-16	0.322238	-0.33545	6.28921	0.0969097	1.4946	3.60997e-08	-0.0719847	-0.237427	-1.73391	-0.0468867	0.0546605	-1.39046e-07	
1	0.275243	2.42162	0.645761	4.95413	0.247553	1.46606	-0.0220586	-1.49893	-0.630958	0.0284198	-1.32346	0.0262471	0.692864	0.501432	0.504613	-0.617385	0.258574	-1.80519	0.223184	1.19436	-0.299096	11.0865	6.55651	7.53999	-24.7955	3.89479	32.1269	-20.504	-0.275763	-2.42005	-0.651278	-4.92801	-0.248196	-1.46715	0.0223257	-1.50393	-0.624752	0.0258684	-1.30552	0.0240299	0.681064	0.504335	-1.50882	-0.618492	0.0233967	-1.28784	0.0218565	0.669592	0.507	-5.55112e-17	0.293306	-0.364213	6.41583	0.0984009	1.49507	8.03004e-08	-0.0746906	-0.231012	-1.74354	-0.0401201	0.0474786	-1.09672e-07	
1.01	0.263831	2.4245	0.589133	5.09248	0.239313	1.46208	-0.0205799	-1.49383	-0.637082	0.031047	-1.34163	0.0284993	0.704976	0.498362	0.514984	-0.607967	0.26587	-1.82521	0.226604	1.22476	-0.312179	10.3712	9.41753	7.296	-20.0272	3.41982	30.3984	-13.0832	-0.264282	-2.4174	-0.594185	-5.06913	-0.239988	-1.46292	0.0207856	-1.49893	-0.630958	0.0284198	-1.32346	0.0262471	0.692864	0.501432	-1.50393	-0.624752	0.0258684	-1.30552	0.0240299	0.681064	0.504335	0	0.260396	-0.394305	6.54505	0.0999224	1.49556	4.62856e-09	-0.0755016	-0.22395	-1.74997	-0.0337578	0.0428467	-8.37986e-08	
1.02	0.25169	2.40154	0.52787	5.24474	0.230996	1.45836	-0.0190085	-1.48863	-0.643097	0.0337431	-1.35997	0.0307788	0.717383	0.495199	0.524998	-0.595808	0.272747	-1.84119	0.229035	1.25343	-0.318378	10.0136	12.1593	6.87689	-15.974	2.43075	28.6698	-6.19885	-0.257222	-2.39676	-0.549648	-5.21927	-0.234088	-1.45906	0.0192997	-1.49383	-0.637082	0.031047	-1.34163	0.0284993	0.704976	0.498362	-1.49893	-0.630958	0.0284198	-1.32346	0.0262471	0.692864	0.501432	0	0.223342	-0.425644	6.67662	0.10147	1.49606	4.19892e-08	-0.0733042	-0.217497	-1.75489	-0.0291902	0.0398026	-6.41701e-08	
1.03	0.241917	2.37569	0.473371	5.39823	0.224046	1.45491	-0.0175412	-1.48332	-0.648978	0.0365049	-1.37845	0.0330798	0.73007	0.492016	0.534296	-0.581324	0.278838	-1.85323	0.230879	1.28072	-0.317305	9.29832	14.4839	6.09085	-12.0401	1.84402	27.2988	1.07288	-0.240961	-2.39294	-0.47576	-5.36178	-0.224168	-1.45572	0.0178658	-1.48863	-0.643097	0.0337431	-1.35997	0.0307788	0.717383	0.495199	-1.49383	-0.637082	0.031047	-1.34163	0.0284993	0.704976	0.498362	-1.11022e-16	0.182041	-0.458177	6.81026	0.103039	1.49657	-1.73892e-08	-0.0792104	-0.209795	-1.76525	-0.0221492	0.0315206	-3.58455e-08	
1.04	0.229196	2.33345	0.407562	5.5601	0.216057	1.4516	-0.0160041	-1.47793	-0.6547	0.0393257	-1.39704	0.0353951	0.743021	0.488883	0.543356	-0.564516	0.284739	-1.86169	0.23184	1.30683	-0.309199	9.05991	16.8085	5.90086	-8.46386	0.961125	26.1068	8.1062	-0.233472	-2.33326	-0.425704	-5.53147	-0.218293	-1.45202	0.0162687	-1.48332	-0.648978	0.0365049	-1.37845	0.0330798	0.73007	0.492016	-1.48863	-0.643097	0.0337431	-1.35997	0.0307788	0.717383	0.495199	1.11022e-16	0.136359	-0.491805	6.94575	0.104624	1.49707	-1.35055e-08	-0.0775885	-0.203478	-1.77175	-0.0159269	0.0280459	-1.45104e-08	
1.05	0.216649	2.29255	0.342082	5.71743	0.208351	1.44822	-0.0145977	-1.47245	-0.660242	0.042202	-1.41568	0.0377178	0.756224	0.485867	0.55182	-0.545442	0.29007	-1.8661	0.232521	1.33121	-0.294328	8.46386	19.0735	5.33089	-4.41074	0.681728	24.3783	14.8714	-0.220012	-2.28924	-0.35703	-5.69131	-0.21013	-1.44857	0.0147945	-1.47793	-0.6547	0.0393257	-1.39704	0.0353951	0.743021	0.488883	-1.48332	-0.648978	0.0365049	-1.37845	0.0330798	0.73007	0.492016	-1.11022e-16	0.0862202	-0.526456	7.08285	0.106219	1.49755	-3.43753e-08	-0.0756438	-0.19425	-1.77615	-0.0121501	0.0258586	9.32694e-10	
1.06	0.208587	2.22633	0.287983	5.88761	0.202777	1.44525	-0.0131876	-1.46689	-0.665582	0.0451274	-1.43435	0.0400422	0.769665	0.48303	0.559926	-0.524282	0.294488	-1.86753	0.232466	1.35446	-0.273645	8.10623	21.1596	4.41819	-1.43051	-0.0558794	23.2458	20.6828	-0.207473	-2.25316	-0.291391	-5.84764	-0.202982	-1.44604	0.0135172	-1.47245	-0.660242	0.042202	-1.41568	0.0377178	0.756224	0.485867	-1.47793	-0.6547	0.0393257	-1.39704	0.0353951	0.743021	0.488883	2.22045e-16	0.0315344	-0.56202	7.22134	0.107821	1.498	-7.15218e-08	-0.0784705	-0.187748	-1.78312	-0.00712996	0.0208147	2.2207e-08	
1.07	0.195076	2.16268	0.21668	6.05598	0.195334	1.44282	-0.0118283	-1.46125	-0.670701	0.0480988	-1.45302	0.0423624	0.783332	0.480435	0.567317	-0.501394	0.299063	-1.86586	0.231776	1.37645	-0.247002	7.39098	22.8882	4.57466	1.66893	-0.689179	21.9941	26.6433	-0.197403	-2.17019	-0.229223	-6.0251	-0.196713	-1.44321	0.0120528	-1.46689	-0.665582	0.0451274	-1.43435	0.0400422	0.769665	0.48303	-1.47245	-0.660242	0.042202	-1.41568	0.0377178	0.756224	0.485867	-1.11022e-16	-0.0277605	-0.598416	7.36101	0.109423	1.49841	-6.30792e-08	-0.0760985	-0.180017	-1.79066	-0.00219117	0.0169427	3.86402e-08	
1.08	0.182918	2.0839	0.147945	6.23029	0.188714	1.4406	-0.0104938	-1.45554	-0.67558	0.0511109	-1.47166	0.044673	0.797212	0.478137	0.574827	-0.476658	0.302881	-1.86133	0.23042	1.39743	-0.214457	7.51019	24.736	3.81842	4.52995	-1.35601	20.9808	32.5441	-0.182439	-2.11688	-0.154492	-6.18598	-0.189087	-1.44079	0.0108186	-1.46125	-0.670701	0.0480988	-1.45302	0.0423624	0.783332	0.480435	-1.46689	-0.665582	0.0451274	-1.43435	0.0400422	0.769665	0.48303	1.11022e-16	-0.0917157	-0.635534	7.50165	0.11102	1.49878	-5.30439e-08	-0.0784003	-0.172731	-1.79667	0.00281949	0.0129257	5.7327e-08	
1.09	0.169508	1.99816	0.0746014	6.40688	0.182005	1.43886	-0.00921413	-1.44975	-0.680204	0.0541594	-1.49023	0.0469671	0.811296	0.476188	0.581503	-0.450313	0.306487	-1.85406	0.228491	1.41716	-0.17792	6.67572	26.3453	3.60608	7.27177	-1.9297	19.7291	36.5376	-0.172128	-2.03277	-0.0908708	-6.3613	-0.18343	-1.43888	0.0095719	-1.45554	-0.67558	0.0511109	-1.47166	0.044673	0.797212	0.478137	-1.46125	-0.670701	0.0480988	-1.45302	0.0423624	0.783332	0.480435	-1.11022e-16	-0.160372	-0.673265	7.64307	0.112607	1.49909	-6.83326e-08	-0.0773938	-0.16652	-1.80528	0.00737727	0.00817655	7.15374e-08	
1.1	0.160846	1.91117	0.0152127	6.58078	0.177408	1.43734	-0.00811321	-1.4439	-0.684555	0.0572387	-1.50872	0.0492403	0.825572	0.474634	0.587821	-0.422478	0.309091	-1.84405	0.226319	1.43582	-0.136405	6.31809	27.8354	2.60398	10.0136	-2.17184	18.6563	41.5146	-0.16024	-1.92285	-0.0196802	-6.55039	-0.177321	-1.43779	0.00824632	-1.44975	-0.680204	0.0541594	-1.49023	0.0469671	0.811296	0.476188	-1.45554	-0.67558	0.0511109	-1.47166	0.044673	0.797212	0.478137	1.11022e-16	-0.233761	-0.711489	7.78506	0.11418	1.49933	-1.15529e-09	-0.0725909	-0.156941	-1.81052	0.00986961	0.00813425	7.93764e-08	
1.11	0.148482	1.79571	-0.0581486	6.76874	0.171571	1.43628	-0.00687338	-1.43799	-0.688619	0.0603455	-1.5271	0.0514885	0.84003	0.473518	0.593781	-0.393033	0.311684	-1.83189	0.223506	1.45364	-0.0906885	5.96046	29.4447	2.5928	12.1593	-2.81259	17.8218	45.7168	-0.150009	-1.82161	0.0458621	-6.73184	-0.172328	-1.43684	0.00711336	-1.4439	-0.684555	0.0572387	-1.50872	0.0492403	0.825572	0.474634	-1.44975	-0.680204	0.0541594	-1.49023	0.0469671	0.811296	0.476188	1.11022e-16	-0.311892	-0.750103	7.92745	0.115733	1.49951	-2.35742e-08	-0.0705494	-0.149982	-1.81932	0.0123412	0.00374082	9.1451e-08	
1.12	0.135885	1.695	-0.130405	6.9471	0.166346	1.43574	-0.0058572	-1.43202	-0.692383	0.0634746	-1.54534	0.0537057	0.854659	0.472878	0.599384	-0.362575	0.313744	-1.81735	0.219997	1.47045	-0.041604	5.60284	30.458	2.06006	14.5435	-3.50922	16.8085	49.0844	-0.137015	-1.71272	0.119948	-6.91404	-0.166536	-1.43608	0.00600617	-1.43799	-0.688619	0.0603455	-1.5271	0.0514885	0.84003	0.473518	-1.4439	-0.684555	0.0572387	-1.50872	0.0492403	0.825572	0.474634	-3.33067e-16	-0.394778	-0.78898	8.07005	0.117263	1.49961	-2.92588e-08	-0.0700826	-0.143097	-1.82735	0.0160414	-4.83077e-05	1.03536e-07	
1.13	0.121127	1.55864	-0.212067	7.14227	0.160019	1.43583	-0.0046846	-1.426	-0.695833	0.0666218	-1.56342	0.055888	0.86945	0.472745	0.604987	-0.330508	0.31542	-1.80078	0.216652	1.486	0.0104904	5.60284	32.0673	1.67638	16.5701	-3.34531	15.5568	52.0945	-0.12354	-1.58656	0.197157	-7.10199	-0.16103	-1.43555	0.00490463	-1.43202	-0.692383	0.0634746	-1.54534	0.0537057	0.854659	0.472878	-1.43799	-0.688619	0.0603455	-1.5271	0.0514885	0.84003	0.473518	-2.22045e-16	-0.482416	-0.828004	8.21268	0.118765	1.49963	4.74297e-08	-0.0680507	-0.134259	-1.83364	0.018615	-0.00157503	1.12782e-07	
1.14	0.10717	1.44164	-0.288677	7.32144	0.154936	1.43549	-0.00376809	-1.41992	-0.698957	0.0697816	-1.58132	0.0580302	0.884393	0.473146	0.609756	-0.297546	0.31665	-1.7817	0.212412	1.50084	0.0648797	4.76837	32.9613	1.22935	19.0735	-4.23938	14.8416	54.3892	-0.11288	-1.46181	0.265915	-7.28804	-0.156965	-1.43573	0.00397028	-1.426	-0.695833	0.0666218	-1.56342	0.055888	0.86945	0.472745	-1.43202	-0.692383	0.0634746	-1.54534	0.0537057	0.854659	0.472878	-2.22045e-16	-0.574783	-0.867041	8.35518	0.120235	1.49957	-3.53005e-08	-0.0647635	-0.127537	-1.84152	0.0202425	-0.00425324	1.18498e-07	
1.15	0.0984687	1.30055	-0.353517	7.5116	0.15199	1.43578	-0.00288201	-1.4138	-0.701746	0.0729497	-1.59903	0.0601271	0.899479	0.474104	0.614047	-0.263453	0.317097	-1.76096	0.207439	1.51479	0.121266	4.29153	34.0939	0.447035	20.7424	-4.97326	13.9475	56.386	-0.101622	-1.31751	0.338171	-7.48132	-0.152814	-1.43611	0.00299592	-1.41992	-0.698957	0.0697816	-1.58132	0.0580302	0.884393	0.473146	-1.426	-0.695833	0.0666218	-1.56342	0.055888	0.86945	0.472745	1.11022e-16	-0.67187	-0.905969	8.49738	0.121669	1.49942	-6.03598e-08	-0.0615766	-0.119874	-1.8479	0.021948	-0.00468332	1.24201e-07	
1.16	0.0867491	1.14064	-0.42808	7.71136	0.14791	1.43711	-0.00194346	-1.40763	-0.704189	0.0761208	-1.61652	0.062175	0.914696	0.475632	0.618458	-0.228345	0.317134	-1.73867	0.20247	1.52761	0.179023	4.41074	35.1072	0.0372529	22.2921	-4.96954	12.815	57.7569	-0.0880107	-1.17722	0.415443	-7.66906	-0.148348	-1.43685	0.00214556	-1.4138	-0.701746	0.0729497	-1.59903	0.0601271	0.899479	0.474104	-1.41992	-0.698957	0.0697816	-1.58132	0.0580302	0.884393	0.473146	-1.11022e-16	-0.773643	-0.944658	8.63911	0.123064	1.49917	-5.56724e-08	-0.059182	-0.111926	-1.8566	0.0231204	-0.00788688	1.29453e-07	
1.17	0.0736237	1.00902	-0.501534	7.88992	0.144174	1.43807	-0.00129261	-1.40142	-0.706276	0.079289	-1.63377	0.0641693	0.930037	0.477745	0.622749	-0.192702	0.316553	-1.71411	0.196882	1.53947	0.237644	4.29153	35.6436	-0.581145	24.5571	-5.58794	11.8613	58.6212	-0.0726194	-1.04268	0.495483	-7.85078	-0.143933	-1.43781	0.0014192	-1.40763	-0.704189	0.0761208	-1.61652	0.062175	0.914696	0.475632	-1.4138	-0.701746	0.0729497	-1.59903	0.0601271	0.899479	0.474104	-2.22045e-16	-0.880066	-0.98297	8.78021	0.124417	1.49884	-8.22609e-08	-0.0583119	-0.104668	-1.86313	0.0243801	-0.00928556	1.34006e-07	
1.18	0.0611525	0.835362	-0.577761	8.08957	0.140487	1.44007	-0.000491137	-1.39517	-0.708001	0.0824509	-1.65077	0.0661058	0.945492	0.480446	0.626445	-0.155926	0.315644	-1.68824	0.191085	1.55008	0.296801	3.69549	36.7761	-0.908971	25.8684	-5.79655	10.6096	59.1576	-0.0655105	-0.859952	0.559339	-8.05738	-0.141694	-1.44006	0.000595863	-1.40142	-0.706276	0.079289	-1.63377	0.0641693	0.930037	0.477745	-1.40763	-0.704189	0.0761208	-1.61652	0.062175	0.914696	0.475632	-3.33067e-16	-0.991102	-1.02079	8.92053	0.125726	1.49841	-2.15202e-08	-0.0501705	-0.0966222	-1.86989	0.0242012	-0.00705195	1.3066e-07	
1.19	0.0460776	0.665637	-0.658755	8.28246	0.136653	1.44187	0.000223318	-1.38889	-0.709355	0.0856002	-1.66751	0.0679802	0.961049	0.483736	0.629783	-0.118613	0.314422	-1.6607	0.184529	1.56003	0.355422	3.3378	37.3125	-1.2219	27.5373	-6.55651	9.95398	58.6211	-0.0496563	-0.70087	0.641046	-8.24282	-0.137529	-1.44124	-8.70226e-05	-1.39517	-0.708001	0.0824509	-1.65077	0.0661058	0.945492	0.480446	-1.40142	-0.706276	0.079289	-1.63377	0.0641693	0.930037	0.477745	-4.44089e-16	-1.10668	-1.05799	9.05991	0.126988	1.49789	-8.22139e-08	-0.0500224	-0.0893992	-1.87643	0.0261101	-0.00816269	1.35386e-07	
1.2	0.0382851	0.492174	-0.720474	8.47362	0.135109	1.44404	0.000772712	-1.38257	-0.710333	0.0887307	-1.68395	0.0697894	0.976701	0.487612	0.633001	-0.0808239	0.311956	-1.63174	0.177912	1.56903	0.413895	3.21865	37.7893	-2.46611	28.9679	-6.61612	9.0003	58.4722	-0.0387744	-0.520361	0.711915	-8.43678	-0.135165	-1.44297	-0.000741956	-1.38889	-0.709355	0.0856002	-1.66751	0.0679802	0.961049	0.483736	-1.39517	-0.708001	0.0824509	-1.65077	0.0661058	0.945492	0.480446	-2.22045e-16	-1.22675	-1.09442	9.1982	0.128204	1.49727	-9.44753e-08	-0.0464535	-0.0817073	-1.88465	0.0253351	-0.00995476	1.34178e-07	
1.21	0.0229957	0.296052	-0.802323	8.67223	0.131518	1.44629	0.001472	-1.37623	-0.710929	0.0918379	-1.70011	0.0715286	0.992436	0.492067	0.635982	-0.0422597	0.309609	-1.60134	0.170715	1.57708	0.471324	2.98023	38.5642	-2.34693	30.3984	-7.19726	8.04663	57.4291	-0.0323428	-0.333522	0.771189	-8.63227	-0.133985	-1.44559	-0.00127808	-1.38257	-0.710333	0.0887307	-1.68395	0.0697894	0.976701	0.487612	-1.38889	-0.709355	0.0856002	-1.66751	0.0679802	0.961049	0.483736	2.22045e-16	-1.35124	-1.12998	9.33526	0.129371	1.49656	-3.23886e-08	-0.0410962	-0.075619	-1.89192	0.0250776	-0.00869541	1.30362e-07	
1.22	0.012687	0.100374	-0.870324	8.86646	0.129766	1.44879	0.0020058	-1.36985	-0.711139	0.0949161	-1.71594	0.0731926	1.00825	0.497089	0.638604	-0.00345707	0.306323	-1.56963	0.163019	1.58405	0.527203	2.6226	38.8026	-3.28571	31.7097	-7.69645	6.97374	55.8794	-0.0158041	-0.140362	0.854295	-8.82471	-0.130503	-1.44762	-0.00189994	-1.37623	-0.710929	0.0918379	-1.70011	0.0715286	0.992436	0.492067	-1.38257	-0.710333	0.0887307	-1.68395	0.0697894	0.976701	0.487612	-2.22045e-16	-1.48008	-1.16453	9.47094	0.130485	1.49576	-8.92022e-08	-0.0386107	-0.0666459	-1.89948	0.0246073	-0.00974337	1.30601e-07	
1.23	-0.00242572	-0.0803391	-0.94526	9.04678	0.12718	1.45107	0.0023953	-1.36345	-0.71096	0.0979578	-1.73146	0.0747801	1.02412	0.50266	0.64075	0.0354052	0.302784	-1.53637	0.155039	1.58989	0.581384	2.14577	38.8622	-3.53903	33.2594	-7.97956	5.84126	54.1806	-0.00562863	0.0611668	0.921202	-9.02214	-0.1286	-1.45124	-0.00237935	-1.36985	-0.711139	0.0949161	-1.71594	0.0731926	1.00825	0.497089	-1.37623	-0.710929	0.0918379	-1.70011	0.0715286	0.992436	0.492067	0	-1.6132	-1.19794	9.60511	0.131553	1.49487	-2.13189e-08	-0.0316742	-0.0578516	-1.91029	0.0229041	-0.00717523	1.22151e-07	
1.24	-0.0148085	-0.30234	-1.01782	9.24719	0.125039	1.45429	0.00294444	-1.35703	-0.710389	0.100959	-1.74664	0.0762844	1.04004	0.508763	0.643253	0.0748634	0.298381	-1.50239	0.146672	1.59466	0.633597	2.5034	39.4583	-4.40329	33.9746	-8.367	4.76837	52.2136	0.00630966	0.257452	0.989608	-9.2042	-0.126993	-1.45295	-0.00279429	-1.36345	-0.71096	0.0979578	-1.73146	0.0747801	1.02412	0.50266	-1.36985	-0.711139	0.0949161	-1.71594	0.0731926	1.00825	0.497089	-4.44089e-16	-1.75048	-1.2301	9.73762	0.132568	1.4939	-3.62663e-08	-0.0302461	-0.052261	-1.91578	0.023345	-0.0103094	1.26271e-07	
1.25	-0.0172106	-0.522344	-1.06549	9.44167	0.12575	1.45763	0.00328707	-1.35059	-0.709424	0.103912	-1.76147	0.0777045	1.05601	0.515375	0.645161	0.114202	0.2928	-1.46735	0.137977	1.59836	0.683725	1.90735	39.3391	-5.58048	35.0475	-8.69483	3.69549	50.1275	0.0207795	0.471804	1.06394	-9.39708	-0.124444	-1.45639	-0.0032355	-1.35703	-0.710389	0.100959	-1.74664	0.0762844	1.04004	0.508763	-1.36345	-0.71096	0.0979578	-1.73146	0.0747801	1.02412	0.50266	2.22045e-16	-1.89185	-1.2609	9.86835	0.133535	1.49284	-3.42401e-08	-0.0245608	-0.0420693	-1.92132	0.0209608	-0.00686206	1.16976e-07	
1.26	-0.034917	-0.730811	-1.14308	9.62219	0.122905	1.46022	0.00364853	-1.34413	-0.708066	0.10681	-1.77594	0.0790351	1.07201	0.522473	0.647187	0.153482	0.287428	-1.43087	0.128925	1.60098	0.730753	2.02656	39.2795	-5.37187	36.478	-9.05246	2.6226	47.0281	0.0217668	0.700794	1.10852	-9.59288	-0.125657	-1.45981	-0.00357291	-1.35059	-0.709424	0.103912	-1.76147	0.0777045	1.05601	0.515375	-1.35703	-0.710389	0.100959	-1.74664	0.0762844	1.04004	0.508763	0	-2.0372	-1.29021	9.99717	0.134454	1.4917	-2.65722e-08	-0.0191518	-0.0374292	-1.92993	0.0200982	-0.00655796	1.12274e-07	
1.27	-0.0446011	-0.963099	-1.20408	9.8108	0.121988	1.46305	0.0040256	-1.33764	-0.706315	0.109648	-1.79005	0.0802735	1.08803	0.530027	0.648975	0.192821	0.280999	-1.39368	0.1195	1.60265	0.775158	1.78814	39.3391	-6.42985	37.1933	-9.42499	1.66893	44.4055	0.0405733	0.919307	1.18793	-9.7736	-0.122564	-1.46231	-0.00395444	-1.34413	-0.708066	0.10681	-1.77594	0.0790351	1.07201	0.522473	-1.35059	-0.709424	0.103912	-1.76147	0.0777045	1.05601	0.515375	-2.22045e-16	-2.18642	-1.31793	10.124	0.135324	1.49048	-1.80678e-08	-0.0174658	-0.0284006	-1.937	0.0187333	-0.00668797	1.07219e-07	
1.28	-0.0555419	-1.18839	-1.26396	9.99067	0.120961	1.46607	0.00427635	-1.33115	-0.704172	0.112419	-1.80377	0.0814154	1.10406	0.538008	0.650406	0.231743	0.27401	-1.35553	0.109948	1.60277	0.816405	1.43051	38.9218	-6.98864	38.147	-9.55164	0.119209	41.2464	0.0486601	1.14941	1.24328	-9.95911	-0.122215	-1.46554	-0.00424085	-1.33764	-0.706315	0.109648	-1.79005	0.0802735	1.08803	0.530027	-1.34413	-0.708066	0.10681	-1.77594	0.0790351	1.07201	0.522473	2.22045e-16	-2.3394	-1.34396	10.2486	0.136149	1.4892	-3.32657e-08	-0.0122902	-0.0212897	-1.9476	0.0176654	-0.00558866	9.97521e-08	
1.29	-0.0578673	-1.44941	-1.30895	10.1857	0.121725	1.46937	0.00465805	-1.32463	-0.70164	0.115116	-1.81712	0.0824578	1.12009	0.546385	0.652075	0.270665	0.265852	-1.31702	0.0997186	1.60229	0.854611	1.66893	38.9218	-8.15839	38.5046	-10.2296	-0.476837	38.2066	0.0625508	1.38269	1.3086	-10.1376	-0.12071	-1.46823	-0.00453207	-1.33115	-0.704172	0.112419	-1.80377	0.0814154	1.10406	0.538008	-1.33764	-0.706315	0.109648	-1.79005	0.0802735	1.08803	0.530027	0	-2.496	-1.3682	10.371	0.136928	1.48784	-6.82912e-08	-0.0114268	-0.0132846	-1.94836	0.0157338	-0.00570212	9.55987e-08	
1.3	-0.0758647	-1.68445	-1.37933	10.359	0.119469	1.47209	0.00492251	-1.3181	-0.698723	0.117731	-1.83007	0.0833977	1.1361	0.555126	0.653624	0.308871	0.257865	-1.27733	0.0891462	1.60015	0.88948	1.54972	38.2066	-7.98702	39.6967	-10.5724	-2.14577	34.8687	0.0739266	1.63207	1.3681	-10.321	-0.119636	-1.47133	-0.00485205	-1.32463	-0.70164	0.115116	-1.81712	0.0824578	1.12009	0.546385	-1.33115	-0.704172	0.112419	-1.80377	0.0814154	1.10406	0.538008	4.44089e-16	-2.6561	-1.39055	10.491	0.137664	1.48643	-6.04487e-08	-0.00665832	-0.00549826	-1.96004	0.0142098	-0.00511632	8.76202e-08	
1.31	-0.0786665	-1.94846	-1.42021	10.543	0.120079	1.47519	0.00520828	-1.31156	-0.695427	0.120257	-1.84262	0.084232	1.15208	0.564198	0.655055	0.34678	0.248373	-1.23727	0.0785962	1.59681	0.921071	1.43051	37.9085	-9.49205	40.0542	-10.55	-3.33786	31.5905	0.0762802	1.88846	1.4074	-10.5036	-0.120353	-1.47471	-0.00508514	-1.3181	-0.698723	0.117731	-1.83007	0.0833977	1.1361	0.555126	-1.32463	-0.70164	0.115116	-1.81712	0.0824578	1.12009	0.546385	0	-2.81958	-1.41091	10.6085	0.13836	1.48496	-9.55567e-08	0.000815997	0.000631304	-1.97102	0.0128206	-0.00397804	7.97479e-08	
1.32	-0.0882519	-2.20531	-1.4708	10.7157	0.119652	1.4776	0.00546968	-1.305	-0.691755	0.122689	-1.85478	0.0849576	1.16803	0.573566	0.656366	0.383913	0.238612	-1.1965	0.0673607	1.5924	0.949025	1.3113	37.1337	-9.76026	40.7696	-11.2355	-4.41074	27.9546	0.0931325	2.15413	1.47428	-10.6865	-0.118193	-1.47809	-0.00545785	-1.31156	-0.695427	0.120257	-1.84262	0.084232	1.15208	0.564198	-1.3181	-0.698723	0.117731	-1.83007	0.0833977	1.1361	0.555126	0	-2.98626	-1.42923	10.7235	0.139015	1.48343	-1.01453e-07	0.00474092	0.0117648	-1.9755	0.0103434	-0.00217471	7.24961e-08	
1.33	-0.0926734	-2.47501	-1.5101	10.8954	0.119909	1.4813	0.00570976	-1.29843	-0.687717	0.125018	-1.86652	0.0855715	1.18392	0.583195	0.657916	0.420153	0.227697	-1.15585	0.0564083	1.58668	0.973761	1.54972	36.2396	-10.9151	40.6504	-10.9524	-5.72205	24.7359	0.10264	2.41178	1.5219	-10.852	-0.117753	-1.47978	-0.00570658	-1.305	-0.691755	0.122689	-1.85478	0.0849576	1.16803	0.573566	-1.31156	-0.695427	0.120257	-1.84262	0.084232	1.15208	0.564198	4.44089e-16	-3.15601	-1.44541	10.8358	0.139634	1.48187	-8.42279e-08	0.00643034	0.018407	-1.98126	0.00944433	-0.00151236	6.6594e-08	
1.34	-0.112398	-2.73994	-1.5747	11.0623	0.117492	1.48378	0.00601501	-1.29184	-0.68332	0.127236	-1.87785	0.086072	1.19975	0.593052	0.659585	0.455618	0.216916	-1.11437	0.0447929	1.57976	0.994921	1.66893	35.4648	-10.781	41.4848	-11.6155	-6.91414	21.1596	0.111618	2.69208	1.56885	-11.0328	-0.117196	-1.48361	-0.00600252	-1.29843	-0.687717	0.125018	-1.86652	0.0855715	1.18392	0.583195	-1.305	-0.691755	0.122689	-1.85478	0.0849576	1.16803	0.573566	-2.22045e-16	-3.32866	-1.4594	10.9454	0.140218	1.48026	6.69439e-09	0.0110062	0.0263966	-1.99018	0.00782108	-0.0016645	6.10547e-08	
1.35	-0.112476	-3.01249	-1.59984	11.2268	0.118727	1.4862	0.0061942	-1.28524	-0.678573	0.129335	-1.88876	0.0864551	1.2155	0.603103	0.661135	0.490069	0.204369	-1.07265	0.0330731	1.5713	1.0128	1.54972	34.4515	-12.5468	41.7233	-11.7198	-8.46386	17.8815	0.102921	2.97527	1.57986	-11.2051	-0.119957	-1.48629	-0.00620597	-1.29184	-0.68332	0.127236	-1.87785	0.086072	1.19975	0.593052	-1.29843	-0.687717	0.125018	-1.86652	0.0855715	1.18392	0.583195	-2.22045e-16	-3.50405	-1.47111	11.0522	0.140768	1.47861	-3.5126e-08	0.0187192	0.0300205	-1.99862	0.006672	0.000387695	5.11208e-08	
1.36	-0.128605	-3.29872	-1.65348	11.3924	0.116795	1.48849	0.00655458	-1.27862	-0.673486	0.13131	-1.89926	0.0867203	1.23117	0.613313	0.663042	0.523686	0.191897	-1.03068	0.0212342	1.56164	1.02729	1.90735	33.617	-12.4723	41.9617	-11.839	-9.65595	14.4839	0.117607	3.24182	1.62897	-11.3603	-0.118696	-1.48811	-0.00643348	-1.28524	-0.678573	0.129335	-1.88876	0.0864551	1.2155	0.603103	-1.29184	-0.68332	0.127236	-1.87785	0.086072	1.19975	0.593052	0	-3.682	-1.48052	11.1561	0.141286	1.47694	4.62362e-09	0.0194872	0.0379568	-2.00849	0.00538747	-0.00162852	4.99467e-08	
1.37	-0.128675	-3.58475	-1.6744	11.554	0.117913	1.491	0.00677232	-1.27198	-0.668071	0.133151	-1.90933	0.0868642	1.24672	0.62365	0.665069	0.555873	0.177771	-0.988841	0.00899285	1.55056	1.03861	2.02656	32.1865	-14.1263	41.8425	-12.2413	-11.0865	11.3249	0.126812	3.52792	1.66718	-11.5206	-0.118035	-1.4902	-0.00672701	-1.27862	-0.673486	0.13131	-1.89926	0.0867203	1.23117	0.613313	-1.28524	-0.678573	0.129335	-1.88876	0.0864551	1.2155	0.603103	0	-3.86232	-1.48756	11.257	0.141775	1.47524	2.94388e-08	0.022696	0.0469507	-2.01491	0.00361211	-0.000577538	4.16924e-08	
1.38	-0.136679	-3.87992	-1.70765	11.7133	0.117551	1.49308	0.00709847	-1.26531	-0.662339	0.134849	-1.91899	0.086885	1.26216	0.634083	0.667334	0.586927	0.163347	-0.946879	-0.00344962	1.53828	1.04684	2.26498	31.054	-14.4243	41.9617	-12.4425	-12.2786	8.22544	0.135249	3.81102	1.70008	-11.6729	-0.117701	-1.49167	-0.00700625	-1.27198	-0.668071	0.133151	-1.90933	0.0868642	1.24672	0.62365	-1.27862	-0.673486	0.13131	-1.89926	0.0867203	1.23117	0.613313	4.44089e-16	-4.04485	-1.49218	11.3549	0.142235	1.47353	-2.24377e-08	0.0283019	0.0548507	-2.01915	0.0021882	0.00118486	3.39562e-08	
1.39	-0.139717	-4.17664	-1.72883	11.8653	0.117875	1.49464	0.00739943	-1.25863	-0.656305	0.136399	-1.92823	0.086782	1.27747	0.644582	0.669718	0.61661	0.147894	-0.904798	-0.0158325	1.52445	1.05214	2.38419	29.6831	-15.4525	42.0809	-12.3829	-13.8283	5.30481	0.141508	4.12026	1.72951	-11.8377	-0.11743	-1.49455	-0.00736826	-1.26531	-0.662339	0.134849	-1.91899	0.086885	1.26216	0.634083	-1.27198	-0.668071	0.133151	-1.90933	0.0868642	1.24672	0.62365	-4.44089e-16	-4.22936	-1.49438	11.4498	0.142669	1.4718	6.97561e-09	0.0305139	0.0618097	-2.0289	0.00116174	0.00192489	3.13754e-08	
1.4	-0.146447	-4.48724	-1.7551	12.0238	0.117531	1.49709	0.00778087	-1.25191	-0.649983	0.13779	-1.93704	0.0865535	1.29263	0.655118	0.672698	0.644803	0.131741	-0.863314	-0.0284538	1.50943	1.05435	2.98023	28.1929	-16.1529	41.4848	-12.6213	-15.0204	2.20537	0.14683	4.40933	1.75072	-11.9806	-0.117419	-1.4956	-0.00763947	-1.25863	-0.656305	0.136399	-1.92823	0.086782	1.27747	0.644582	-1.26531	-0.662339	0.134849	-1.91899	0.086885	1.26216	0.634083	4.44089e-16	-4.41566	-1.49412	11.5416	0.143079	1.47006	-1.50607e-09	0.0339346	0.0687087	-2.03882	0.000575486	0.000232896	2.64757e-08	
1.41	-0.150865	-4.7766	-1.77074	12.1589	0.117714	1.49779	0.00803352	-1.24517	-0.643388	0.139015	-1.94545	0.0861983	1.30764	0.665663	0.675797	0.671208	0.11465	-0.821471	-0.0411496	1.49274	1.05393	3.09944	26.4049	-17.0916	41.8425	-12.6958	-16.6893	-0.417233	0.155098	4.72164	1.77704	-12.135	-0.116998	-1.49785	-0.00802683	-1.25191	-0.649983	0.13779	-1.93704	0.0865535	1.29263	0.655118	-1.25863	-0.656305	0.136399	-1.92823	0.086782	1.27747	0.644582	-2.22045e-16	-4.60352	-1.49138	11.6303	0.143464	1.46832	2.1384e-08	0.038499	0.0778043	-2.04339	-0.00144046	0.00111886	1.82519e-08	
1.42	-0.151935	-5.10584	-1.78324	12.3147	0.118249	1.49973	0.00852274	-1.23839	-0.636536	0.140065	-1.95343	0.0857152	1.32247	0.676192	0.679135	0.696301	0.0969022	-0.780582	-0.0541732	1.47533	1.05149	3.33786	25.0936	-17.7473	40.8888	-13.0236	-17.4046	-2.44379	0.151205	5.02894	1.77851	-12.2751	-0.118234	-1.49862	-0.00836414	-1.24517	-0.643388	0.139015	-1.94545	0.0861983	1.30764	0.665663	-1.25191	-0.649983	0.13779	-1.93704	0.0865535	1.29263	0.655118	4.44089e-16	-4.79274	-1.48615	11.7158	0.143828	1.46658	-4.58076e-08	0.0441586	0.0842625	-2.04955	-0.00249819	0.00232701	1.39698e-08	
1.43	-0.164606	-5.40155	-1.80635	12.4434	0.117012	1.50041	0.008841	-1.23158	-0.629446	0.140933	-1.96101	0.085105	1.33712	0.686682	0.683427	0.719249	0.0783503	-0.739574	-0.0667945	1.4559	1.04648	4.29153	22.9478	-18.5519	41.008	-12.6213	-19.4311	-5.00679	0.162832	5.33639	1.80239	-12.4117	-0.117161	-1.49963	-0.00875452	-1.23839	-0.636536	0.140065	-1.95343	0.0857152	1.32247	0.676192	-1.24517	-0.643388	0.139015	-1.94545	0.0861983	1.30764	0.665663	0	-4.98308	-1.47845	11.7981	0.14417	1.46484	-5.57783e-08	0.0467792	0.0933671	-2.05593	-0.00302831	0.00276436	1.09799e-08	
1.44	-0.165032	-5.71753	-1.80881	12.5769	0.117514	1.50097	0.00926451	-1.22472	-0.622135	0.14161	-1.96818	0.0843669	1.35156	0.69711	0.687957	0.740588	0.0585914	-0.699162	-0.0796541	1.4354	1.03933	4.52995	21.3385	-19.7589	40.4119	-12.8597	-20.504	-7.15256	0.166743	5.6593	1.81218	-12.5555	-0.11713	-1.50138	-0.00920493	-1.23158	-0.629446	0.140933	-1.96101	0.085105	1.33712	0.686682	-1.23839	-0.636536	0.140065	-1.95343	0.0857152	1.32247	0.676192	0	-5.1743	-1.46827	11.8773	0.144493	1.46312	-1.23029e-07	0.0507944	0.100486	-2.06269	-0.00388445	0.00344079	4.92082e-09	
1.45	-0.165074	-6.0391	-1.80807	12.7088	0.117954	1.50169	0.00971361	-1.21782	-0.614621	0.142086	-1.97496	0.0835015	1.3658	0.707455	0.692844	0.760019	0.0380874	-0.659347	-0.0923797	1.41335	1.03039	4.88758	19.4311	-20.504	39.8159	-12.7256	-22.0537	-8.9407	0.171044	5.96297	1.81648	-12.6769	-0.117242	-1.50142	-0.009561	-1.22472	-0.622135	0.14161	-1.96818	0.0843669	1.35156	0.69711	-1.23158	-0.629446	0.140933	-1.96101	0.085105	1.33712	0.686682	-2.22045e-16	-5.36616	-1.45563	11.9534	0.144797	1.4614	-8.75824e-08	0.0528823	0.106576	-2.0726	-0.00412825	0.00157055	5.20733e-09	
1.46	-0.173285	-6.35921	-1.81668	12.8404	0.117333	1.5032	0.0101596	-1.21086	-0.606926	0.142354	-1.98134	0.0825088	1.3798	0.717701	0.698447	0.777185	0.0170022	-0.620604	-0.104971	1.3901	1.01924	5.60284	17.1661	-21.0851	38.743	-12.5915	-23.2458	-11.1461	0.171538	6.29104	1.81458	-12.8122	-0.117541	-1.50291	-0.0100296	-1.21782	-0.614621	0.142086	-1.97496	0.0835015	1.3658	0.707455	-1.22472	-0.622135	0.14161	-1.96818	0.0843669	1.35156	0.69711	-2.22045e-16	-5.5584	-1.44056	12.0263	0.145082	1.4597	-9.73131e-09	0.0580359	0.114255	-2.07955	-0.00469104	0.00225254	7.28916e-10	
1.47	-0.182538	-6.67394	-1.82258	12.9584	0.116657	1.50341	0.0106077	-1.20384	-0.599068	0.142404	-1.98733	0.0813898	1.39357	0.727831	0.704646	0.792384	-0.00490248	-0.582099	-0.117622	1.3653	1.00744	6.19888	15.1992	-21.9047	38.5046	-12.6511	-24.7955	-11.8017	0.181685	6.60807	1.8229	-12.9354	-0.116736	-1.50369	-0.0104843	-1.21086	-0.606926	0.142354	-1.98134	0.0825088	1.3798	0.717701	-1.21782	-0.614621	0.142086	-1.97496	0.0835015	1.3658	0.707455	-2.22045e-16	-5.75075	-1.42308	12.096	0.145351	1.45802	-6.04767e-08	0.0609048	0.124422	-2.08429	-0.00629912	0.00205224	-3.40507e-09	
1.48	-0.188695	-7.00358	-1.82204	13.0832	0.116267	1.50429	0.0111479	-1.19676	-0.591071	0.142229	-1.99295	0.080146	1.40708	0.73783	0.711441	0.805497	-0.027746	-0.544786	-0.129983	1.33955	0.99355	6.79493	13.113	-22.8435	37.3125	-12.3605	-25.7492	-13.8879	0.19072	6.93123	1.82662	-13.0539	-0.116026	-1.50372	-0.0110183	-1.20384	-0.599068	0.142404	-1.98733	0.0813898	1.39357	0.727831	-1.21086	-0.606926	0.142354	-1.98134	0.0825088	1.3798	0.717701	2.22045e-16	-5.94296	-1.40324	12.1626	0.145603	1.45636	-5.93133e-08	0.0628095	0.132407	-2.09274	-0.00566653	0.00160559	-3.79536e-09	
1.49	-0.188434	-7.328	-1.80782	13.2002	0.116784	1.50478	0.0116539	-1.1896	-0.582955	0.141819	-1.99819	0.0787786	1.42033	0.747686	0.718832	0.816286	-0.051707	-0.508308	-0.142291	1.31249	0.979066	7.39098	10.7884	-23.9611	36.478	-12.3084	-27.0605	-14.4839	0.184471	7.25893	1.80436	-13.1742	-0.11719	-1.50451	-0.0115159	-1.19676	-0.591071	0.142229	-1.99295	0.080146	1.40708	0.73783	-1.20384	-0.599068	0.142404	-1.98733	0.0813898	1.39357	0.727831	0	-6.13473	-1.38109	12.2261	0.145839	1.45472	-1.88627e-07	0.0677778	0.138129	-2.10066	-0.00602075	0.00241511	-5.63412e-09	
1.5	-0.194622	-7.64706	-1.79931	13.3083	0.116371	1.50487	0.0121552	-1.18237	-0.574742	0.141166	-2.00308	0.0772918	1.4333	0.757389	0.726938	0.824809	-0.076279	-0.472546	-0.154115	1.28376	0.963032	8.10623	8.52346	-24.572	35.7628	-11.8241	-28.7294	-16.0336	0.185243	7.58167	1.78891	-13.2839	-0.117318	-1.50444	-0.0120403	-1.1896	-0.582955	0.141819	-1.99819	0.0787786	1.42033	0.747686	-1.19676	-0.591071	0.142229	-1.99295	0.080146	1.40708	0.73783	2.22045e-16	-6.32579	-1.35667	12.2866	0.146062	1.4531	-4.20646e-09	0.0697572	0.144102	-2.10838	-0.00564986	0.000551157	-5.82035e-09	
1.51	-0.193823	-7.98298	-1.77932	13.4255	0.11682	1.50592	0.0127407	-1.17505	-0.566457	0.140263	-2.00761	0.0756855	1.44597	0.766927	0.73564	0.831127	-0.101849	-0.438213	-0.16588	1.25408	0.946164	8.70228	6.31809	-25.5704	34.3323	-11.7645	-29.683	-16.8681	0.197239	7.9277	1.78964	-13.4102	-0.116185	-1.50634	-0.0126869	-1.18237	-0.574742	0.141166	-2.00308	0.0772918	1.4333	0.757389	-1.1896	-0.582955	0.141819	-1.99819	0.0787786	1.42033	0.747686	2.22045e-16	-6.51583	-1.33007	12.3441	0.14627	1.45152	-1.77234e-08	0.073959	0.15662	-2.11722	-0.00668485	0.00204355	-8.28371e-09	
1.52	-0.203971	-8.31157	-1.77125	13.5343	0.115922	1.50664	0.0133209	-1.16764	-0.558122	0.139099	-2.01181	0.0739638	1.45834	0.776293	0.745535	0.835061	-0.128105	-0.404835	-0.17719	1.22309	0.928581	9.89437	3.93391	-26.2559	33.3786	-11.31	-30.9944	-17.5834	0.198448	8.23962	1.76737	-13.5074	-0.116539	-1.50591	-0.0131793	-1.17505	-0.566457	0.140263	-2.00761	0.0756855	1.44597	0.766927	-1.18237	-0.574742	0.141166	-2.00308	0.0772918	1.4333	0.757389	0	-6.70455	-1.30133	12.3986	0.146465	1.44996	4.52108e-08	0.0769523	0.160574	-2.12566	-0.00609283	0.000925554	-8.08189e-09	
1.53	-0.205032	-8.63123	-1.74607	13.6276	0.116378	1.50534	0.0139417	-1.16013	-0.549762	0.137669	-2.01568	0.0721289	1.4704	0.785481	0.755548	0.836611	-0.155136	-0.372171	-0.188597	1.19138	0.91064	10.0136	1.54972	-27.0307	32.6633	-11.4068	-31.7097	-17.941	0.204666	8.5545	1.74973	-13.5996	-0.116338	-1.50477	-0.0137596	-1.16764	-0.558122	0.139099	-2.01181	0.0739638	1.45834	0.776293	-1.17505	-0.566457	0.140263	-2.00761	0.0756855	1.44597	0.766927	-2.22045e-16	-6.89163	-1.27055	12.4502	0.146647	1.44843	-7.41668e-08	0.0779214	0.169742	-2.13005	-0.00600526	-0.00015091	-7.25777e-09	
1.54	-0.202669	-8.95572	-1.71355	13.7283	0.116785	1.506	0.0145078	-1.15252	-0.5414	0.135963	-2.01923	0.0701853	1.48213	0.794485	0.766516	0.835597	-0.183269	-0.341177	-0.198908	1.15788	0.891864	10.9673	-1.01328	-28.1334	30.9944	-10.3116	-33.4978	-18.7755	0.203079	8.89679	1.72086	-13.7155	-0.116783	-1.50668	-0.0144036	-1.16013	-0.549762	0.137669	-2.01568	0.0721289	1.4704	0.785481	-1.16764	-0.558122	0.139099	-2.01181	0.0739638	1.45834	0.776293	2.22045e-16	-7.07676	-1.23779	12.4989	0.146817	1.44693	-6.30455e-08	0.0831598	0.177683	-2.13821	-0.00627222	2.86106e-05	-8.46679e-09	
1.55	-0.211844	-9.27234	-1.69399	13.8204	0.116448	1.50576	0.015114	-1.14479	-0.533061	0.133976	-2.02248	0.0681363	1.49353	0.803301	0.778317	0.832081	-0.211671	-0.311375	-0.209622	1.12391	0.87285	11.8017	-3.51667	-28.4016	29.8023	-10.7139	-33.9746	-19.0139	0.215485	9.20794	1.70568	-13.8002	-0.115902	-1.50557	-0.0149976	-1.15252	-0.5414	0.135963	-2.01923	0.0701853	1.48213	0.794485	-1.16013	-0.549762	0.137669	-2.01568	0.0721289	1.4704	0.785481	-4.44089e-16	-7.25961	-1.20315	12.5449	0.146976	1.44546	-2.81229e-08	0.085371	0.185758	-2.14459	-0.00606665	0.000245516	-6.95147e-09	
1.56	-0.21667	-9.60216	-1.66665	13.9192	0.116265	1.50648	0.0157771	-1.13694	-0.524769	0.131699	-2.02543	0.065986	1.50457	0.811924	0.790715	0.826299	-0.240847	-0.283003	-0.219412	1.08862	0.853717	12.3978	-5.78165	-29.1765	28.3718	-9.79006	-35.2859	-19.1331	0.218569	9.53187	1.67589	-13.8962	-0.11599	-1.506	-0.0156314	-1.14479	-0.533061	0.133976	-2.02248	0.0681363	1.49353	0.803301	-1.15252	-0.5414	0.135963	-2.01923	0.0701853	1.48213	0.794485	-4.44089e-16	-7.43984	-1.16672	12.5882	0.147125	1.44403	-7.2502e-08	0.0886144	0.193019	-2.1526	-0.00609911	-0.000118916	-8.79083e-09	
1.57	-0.223295	-9.92158	-1.63815	14.0088	0.116019	1.5066	0.0164228	-1.12896	-0.51655	0.129127	-2.02811	0.06374	1.51526	0.820354	0.803828	0.817954	-0.27062	-0.255823	-0.228874	1.05226	0.834048	13.113	-8.34465	-29.7725	27.1797	-9.46224	-36.3588	-19.6695	0.216537	9.85646	1.63644	-13.9899	-0.116533	-1.5066	-0.0162662	-1.13694	-0.524769	0.131699	-2.02543	0.065986	1.50457	0.811924	-1.14479	-0.533061	0.133976	-2.02248	0.0681363	1.49353	0.803301	0	-7.6171	-1.12859	12.6288	0.147265	1.44263	9.7717e-09	0.0932177	0.201089	-2.1603	-0.00602919	2.77106e-05	-8.61508e-09	
1.58	-0.222929	-10.2253	-1.59628	14.0854	0.116618	1.50564	0.0170388	-1.12085	-0.508429	0.126254	-2.03053	0.0614022	1.52558	0.828588	0.81706	0.806928	-0.300914	-0.229835	-0.237878	1.01507	0.814617	13.2322	-11.0269	-30.2941	25.9876	-9.00403	-37.1933	-19.4311	0.223629	10.1744	1.60652	-14.0778	-0.116371	-1.50665	-0.0169383	-1.12896	-0.51655	0.129127	-2.02811	0.06374	1.51526	0.820354	-1.13694	-0.524769	0.131699	-2.02543	0.065986	1.50457	0.811924	-2.22045e-16	-7.79103	-1.08887	12.6669	0.147395	1.44126	-7.41887e-10	0.0943239	0.207548	-2.16743	-0.00563693	-0.000256419	-7.46324e-09	
1.59	-0.232035	-10.5488	-1.56658	14.1786	0.11612	1.5069	0.0177162	-1.1126	-0.50043	0.123077	-2.0327	0.0589774	1.53552	0.836624	0.831246	0.793636	-0.331514	-0.205755	-0.24619	0.976801	0.794947	14.1859	-13.2918	-30.5995	24.0803	-8.31112	-38.2662	-19.6695	0.226268	10.4988	1.5686	-14.1716	-0.116539	-1.5078	-0.0176238	-1.12085	-0.508429	0.126254	-2.03053	0.0614022	1.52558	0.828588	-1.12896	-0.51655	0.129127	-2.02811	0.06374	1.51526	0.820354	0	-7.96129	-1.04767	12.7025	0.147517	1.43992	2.39918e-08	0.0979905	0.216717	-2.17632	-0.0056966	-0.000652105	-5.54866e-09	
1.6	-0.231967	-10.867	-1.52176	14.2673	0.11656	1.50784	0.0184097	-1.10421	-0.492579	0.119591	-2.03463	0.0564718	1.54507	0.844463	0.845671	0.777811	-0.362679	-0.183105	-0.254009	0.937819	0.775039	14.4243	-15.825	-31.1658	22.6498	-7.8194	-38.9814	-19.908	0.236829	10.8006	1.53719	-14.2469	-0.116054	-1.50735	-0.0182638	-1.1126	-0.50043	0.123077	-2.0327	0.0589774	1.53552	0.836624	-1.12085	-0.508429	0.126254	-2.03053	0.0614022	1.52558	0.828588	0	-8.12748	-1.00509	12.7357	0.147633	1.43862	-3.96979e-08	0.100763	0.224576	-2.18474	-0.00504258	-0.000847445	-4.68387e-09	
1.61	-0.238935	-11.1762	-1.48357	14.3552	0.116377	1.50962	0.0190266	-1.09567	-0.484901	0.115794	-2.03634	0.0538905	1.55423	0.852102	0.860453	0.759304	-0.393815	-0.162125	-0.261154	0.897646	0.754952	14.782	-18.5072	-31.136	20.9808	-7.14511	-40.1735	-20.0868	0.23795	11.1068	1.49139	-14.3265	-0.116524	-1.50755	-0.0189386	-1.10421	-0.492579	0.119591	-2.03463	0.0564718	1.54507	0.844463	-1.1126	-0.50043	0.123077	-2.0327	0.0589774	1.53552	0.836624	-1.11022e-16	-8.28923	-0.961235	12.7665	0.147741	1.43735	-3.38621e-08	0.104502	0.232658	-2.19019	-0.00494506	-0.000672708	-3.98278e-09	
1.62	-0.254314	-11.4637	-1.4529	14.4176	0.115656	1.50803	0.0197103	-1.08699	-0.47742	0.111685	-2.03784	0.0512395	1.56298	0.859544	0.875354	0.738531	-0.424631	-0.141621	-0.268016	0.856996	0.735223	14.9012	-20.7722	-30.8156	20.504	-6.86198	-40.6504	-19.7291	0.24718	11.4055	1.4538	-14.4022	-0.116211	-1.5078	-0.0195949	-1.09567	-0.484901	0.115794	-2.03634	0.0538905	1.55423	0.852102	-1.10421	-0.492579	0.119591	-2.03463	0.0564718	1.54507	0.844463	1.11022e-16	-8.44617	-0.916229	12.7952	0.147845	1.43611	-1.37117e-07	0.107291	0.239195	-2.19968	-0.00453167	-0.00132074	-3.41448e-09	
1.63	-0.256975	-11.7572	-1.40408	14.493	0.11604	1.50869	0.0203605	-1.07815	-0.470161	0.107265	-2.03916	0.0485247	1.57132	0.866787	0.890255	0.715166	-0.455819	-0.123262	-0.274222	0.815391	0.715434	14.9012	-23.365	-31.1881	18.3582	-6.20633	-41.604	-19.7887	0.255183	11.7008	1.41246	-14.4797	-0.116018	-1.50882	-0.0202256	-1.08699	-0.47742	0.111685	-2.03784	0.0512395	1.56298	0.859544	-1.09567	-0.484901	0.115794	-2.03634	0.0538905	1.55423	0.852102	1.11022e-16	-8.59789	-0.870179	12.8216	0.147943	1.43491	-2.60036e-08	0.106771	0.247429	-2.205	-0.00466384	-0.000886148	-2.36745e-09	
1.64	-0.263721	-12.0567	-1.35926	14.575	0.115988	1.51029	0.0210493	-1.06917	-0.463147	0.102536	-2.0403	0.0457515	1.57924	0.873831	0.905275	0.689536	-0.486724	-0.106573	-0.27971	0.773072	0.695467	15.0204	-25.63	-30.905	16.6893	-5.48735	-42.3193	-19.9676	0.253753	11.9908	1.35682	-14.55	-0.11687	-1.50865	-0.0209426	-1.07815	-0.470161	0.107265	-2.03916	0.0485247	1.57132	0.866787	-1.08699	-0.47742	0.111685	-2.03784	0.0512395	1.56298	0.859544	-2.22045e-16	-8.74401	-0.823201	12.846	0.148037	1.43374	-4.10663e-08	0.112371	0.254384	-2.21203	-0.00434647	-0.000954379	-2.67235e-09	
1.65	-0.263954	-12.3345	-1.30307	14.6375	0.116452	1.50972	0.0217471	-1.06003	-0.456404	0.0975006	-2.04127	0.042927	1.58674	0.880678	0.9197	0.661582	-0.517219	-0.0905991	-0.284456	0.729799	0.675797	14.4243	-27.9546	-30.4953	15.974	-4.74602	-43.273	-19.6695	0.267631	12.2781	1.31919	-14.6278	-0.116056	-1.51039	-0.021569	-1.06917	-0.463147	0.102536	-2.0403	0.0457515	1.57924	0.873831	-1.07815	-0.470161	0.107265	-2.03916	0.0485247	1.57132	0.866787	-2.22045e-16	-8.88412	-0.7754	12.8685	0.148129	1.43261	5.77255e-08	0.11356	0.262769	-2.22252	-0.00419535	-0.000697554	-1.33814e-09	
1.66	-0.274313	-12.6122	-1.2587	14.7111	0.116299	1.51111	0.0223944	-1.05076	-0.449955	0.092167	-2.0421	0.0400562	1.59379	0.887326	0.933766	0.631094	-0.546724	-0.0767708	-0.288889	0.686049	0.655949	14.0667	-30.4878	-29.5043	13.8283	-4.4331	-43.7498	-19.8483	0.274935	12.5491	1.27081	-14.6887	-0.11629	-1.50981	-0.0222642	-1.06003	-0.456404	0.0975006	-2.04127	0.042927	1.58674	0.880678	-1.06917	-0.463147	0.102536	-2.0403	0.0457515	1.57924	0.873831	1.11022e-16	-9.0178	-0.726898	12.889	0.148218	1.43151	8.73958e-08	0.116532	0.271904	-2.22486	-0.00474311	-0.000610142	-7.06859e-10	
1.67	-0.281422	-12.8812	-1.20836	14.7791	0.116417	1.51188	0.023072	-1.04135	-0.443822	0.0865421	-2.0428	0.0371455	1.60041	0.893777	0.946999	0.598401	-0.575356	-0.0641346	-0.29267	0.641704	0.636399	13.2322	-32.6931	-28.6326	12.6362	-3.78117	-44.3459	-19.5503	0.28097	12.8221	1.2195	-14.7595	-0.116321	-1.51101	-0.0229274	-1.05076	-0.449955	0.092167	-2.0421	0.0400562	1.59379	0.887326	-1.06003	-0.456404	0.0975006	-2.04127	0.042927	1.58674	0.880678	1.11022e-16	-9.14467	-0.677796	12.9076	0.148305	1.43044	5.24914e-08	0.12053	0.278148	-2.23608	-0.00374731	0.000351791	-9.16697e-11	
1.68	-0.293735	-13.1445	-1.16318	14.8495	0.116025	1.51359	0.023696	-1.03181	-0.438029	0.0806373	-2.04338	0.0342011	1.60658	0.900032	0.959277	0.563473	-0.602648	-0.0529289	-0.295639	0.596046	0.61661	12.2786	-34.9283	-27.2915	11.2057	-2.96906	-45.6571	-19.7887	0.28348	13.0972	1.16271	-14.8407	-0.116838	-1.51379	-0.023589	-1.04135	-0.443822	0.0865421	-2.0428	0.0371455	1.60041	0.893777	-1.05076	-0.449955	0.092167	-2.0421	0.0400562	1.59379	0.887326	0	-9.26431	-0.628205	12.9245	0.148391	1.42941	1.03096e-07	0.124884	0.28658	-2.24565	-0.00444732	0.00103718	-3.4997e-10	
1.69	-0.300318	-13.3954	-1.10917	14.9121	0.116264	1.51399	0.0244	-1.02216	-0.432597	0.074466	-2.04385	0.0312287	1.61229	0.906087	0.970364	0.526398	-0.628762	-0.0429153	-0.298269	0.550628	0.596762	11.0865	-37.0741	-26.1142	10.0136	-2.63005	-45.4187	-19.8483	0.302662	13.3361	1.12437	-14.892	-0.116108	-1.51312	-0.0242267	-1.03181	-0.438029	0.0806373	-2.04338	0.0342011	1.60658	0.900032	-1.04135	-0.443822	0.0865421	-2.0428	0.0371455	1.60041	0.893777	-2.22045e-16	-9.37632	-0.578232	12.9397	0.148477	1.42841	8.65206e-08	0.126641	0.294983	-2.25137	-0.00436482	0.00108219	-1.28361e-09	
1.7	-0.313404	-13.6337	-1.06199	14.9723	0.116008	1.51475	0.0250383	-1.0124	-0.427547	0.0680436	-2.04423	0.0282337	1.61754	0.911944	0.980139	0.487179	-0.653073	-0.0340939	-0.30037	0.503898	0.576735	9.77516	-39.2199	-24.3112	8.82148	-2.10106	-46.73	-20.0272	0.316123	13.5778	1.07791	-14.9528	-0.115668	-1.51379	-0.0248829	-1.02216	-0.432597	0.074466	-2.04385	0.0312287	1.61229	0.906087	-1.03181	-0.438029	0.0806373	-2.04338	0.0342011	1.60658	0.900032	1.11022e-16	-9.48029	-0.527972	12.9533	0.148562	1.42744	1.09388e-07	0.127265	0.301992	-2.25873	-0.00376869	0.000517255	2.09893e-09	
1.71	-0.323217	-13.8675	-1.00967	15.0373	0.115829	1.51648	0.0256583	-1.00255	-0.422901	0.0613882	-2.04453	0.0252221	1.62232	0.917603	0.988007	0.445902	-0.675447	-0.0267029	-0.301449	0.456452	0.557244	7.86781	-41.2762	-22.3741	7.39098	-1.07846	-47.4453	-19.4907	0.319094	13.8193	1.01749	-15.0235	-0.116145	-1.51602	-0.0255345	-1.0124	-0.427547	0.0680436	-2.04423	0.0282337	1.61754	0.911944	-1.02216	-0.432597	0.074466	-2.04385	0.0312287	1.61229	0.906087	0	-9.57584	-0.47752	12.9653	0.148649	1.4265	1.49972e-07	0.132493	0.31005	-2.26627	-0.00420154	0.000946384	1.83232e-09	
1.72	-0.334507	-14.0887	-0.958241	15.0972	0.115861	1.51754	0.0263082	-0.992639	-0.418678	0.0545216	-2.04476	0.0221986	1.62662	0.923062	0.993907	0.402719	-0.695545	-0.0202656	-0.302663	0.408411	0.536859	5.90086	-43.1836	-20.098	6.4373	-1.21444	-48.0413	-20.3848	0.336221	14.04	0.97346	-15.0823	-0.115669	-1.51702	-0.0261563	-1.00255	-0.422901	0.0613882	-2.04453	0.0252221	1.62232	0.917603	-1.0124	-0.427547	0.0680436	-2.04423	0.0282337	1.61754	0.911944	0	-9.66257	-0.426971	12.9759	0.148736	1.4256	6.2842e-08	0.133158	0.318522	-2.27342	-0.0040846	0.00127643	1.5605e-09	
1.73	-0.336354	-14.1913	-0.891786	15.0997	0.116717	1.51543	0.0263756	-0.982677	-0.414897	0.0474657	-2.04493	0.0191685	1.63043	0.928321	0.997722	0.357836	-0.713348	-0.0145435	-0.30328	0.360012	0.516832	3.8147	-44.8823	-17.8031	5.72204	-0.61655	-48.399	-20.0272	0.343499	14.194	0.91492	-15.1118	-0.115918	-1.51666	-0.0264659	-0.992639	-0.418678	0.0545216	-2.04476	0.0221986	1.62662	0.923062	-1.00255	-0.422901	0.0613882	-2.04453	0.0252221	1.62232	0.917603	0	-9.74014	-0.3764	12.9849	0.148826	1.42474	6.45393e-08	0.133516	0.322605	-2.27796	-0.00415104	0.00188678	1.17071e-09	
1.74	-0.325794	-14.0611	-0.806152	15.0071	0.118707	1.51116	0.0249751	-0.972688	-0.411567	0.0402475	-2.04505	0.0161365	1.63377	0.933382	0.999749	0.312924	-0.728428	-0.0104904	-0.30335	0.312686	0.497162	2.02656	-44.9121	-15.08	4.05312	-0.0707805	-47.3261	-19.6696	0.324056	14.0992	0.81852	-15.0274	-0.118544	-1.51161	-0.0253626	-0.982677	-0.414897	0.0474657	-2.04493	0.0191685	1.63043	0.928321	-0.992639	-0.418678	0.0545216	-2.04476	0.0221986	1.62662	0.923062	-1.11022e-16	-9.80836	-0.325884	12.9926	0.148917	1.4239	1.50657e-07	0.129633	0.308398	-2.26065	-0.0041398	0.00275755	-5.19188e-10	
1.75	-0.302735	-13.7858	-0.705084	14.8486	0.121555	1.50383	0.0228124	-0.962687	-0.408675	0.032892	-2.04513	0.0131047	1.63665	0.93825	1.00023	0.270188	-0.740904	-0.00715256	-0.302925	0.268459	0.478208	0.476897	-42.7365	-12.476	3.33786	0.425637	-44.2266	-18.9543	0.306763	13.8532	0.724502	-14.8875	-0.121012	-1.50595	-0.0232861	-0.972688	-0.411567	0.0402475	-2.04505	0.0161365	1.63377	0.933382	-0.982677	-0.414897	0.0474657	-2.04493	0.0191685	1.63043	0.928321	-5.55112e-17	-9.86745	-0.275461	12.9991	0.14901	1.4231	1.38464e-07	0.120336	0.286606	-2.24289	-0.00456082	0.0031085	-3.32205e-09	
1.76	-0.279564	-13.4266	-0.606247	14.6515	0.124569	1.49433	0.0202572	-0.952685	-0.406193	0.0254243	-2.04519	0.0100746	1.63911	0.942934	0.999987	0.23061	-0.751017	-0.00429153	-0.30301	0.228047	0.460386	-0.238478	-39.5775	-10.1123	2.86102	-0.0856817	-40.412	-17.8218	0.272341	13.5108	0.611193	-14.6992	-0.124773	-1.4971	-0.0208215	-0.962687	-0.408675	0.032892	-2.04513	0.0131047	1.63665	0.93825	-0.972688	-0.411567	0.0402475	-2.04505	0.0161365	1.63377	0.933382	-1.11022e-16	-9.91794	-0.225153	13.0043	0.149106	1.42233	1.6717e-07	0.107598	0.256357	-2.21239	-0.00439205	0.00290636	-2.8106e-09	
1.77	-0.246676	-13.0521	-0.498858	14.4557	0.127927	1.4855	0.0176637	-0.94269	-0.404086	0.0178648	-2.04522	0.00704813	1.64119	0.947444	0.998974	0.194818	-0.759281	-0.00238419	-0.302562	0.192404	0.443459	-1.01328	-35.7926	-8.26454	1.90735	0.447959	-35.6436	-16.9277	0.250514	13.1284	0.516646	-14.4938	-0.127415	-1.48702	-0.0182057	-0.952685	-0.406193	0.0254243	-2.04519	0.0100746	1.63911	0.942934	-0.962687	-0.408675	0.032892	-2.04513	0.0131047	1.63665	0.93825	0	-9.96049	-0.174957	13.0086	0.149203	1.42159	3.00508e-07	0.0936256	0.227882	-2.18149	-0.0042097	0.00291321	-4.55464e-09	
1.78	-0.213701	-12.6884	-0.39494	14.2694	0.131039	1.47726	0.0151921	-0.932708	-0.402316	0.010234	-2.04524	0.00402403	1.64294	0.951789	0.997722	0.163048	-0.76595	-0.000953674	-0.302031	0.161052	0.427127	-1.2517	-31.7693	-6.66922	1.43051	0.531316	-31.352	-16.3317	0.223042	12.7735	0.418966	-14.3189	-0.13037	-1.48042	-0.015676	-0.94269	-0.404086	0.0178648	-2.04522	0.00704813	1.64119	0.947444	-0.952685	-0.406193	0.0254243	-2.04519	0.0100746	1.63911	0.942934	-5.55112e-17	-9.99582	-0.124874	13.012	0.149302	1.42088	2.65151e-07	0.0828252	0.199279	-2.15751	-0.00463822	0.00303747	-8.1188e-09	
1.79	-0.181535	-12.3447	-0.295438	14.0961	0.134276	1.46928	0.0129379	-0.92274	-0.400843	0.00254735	-2.04524	0.00100237	1.6444	0.955977	0.996053	0.135005	-0.770999	0	-0.302177	0.134468	0.412047	-1.66893	-28.044	-5.04845	0.953674	-0.145763	-26.5837	-15.08	0.194447	12.4128	0.323072	-14.1319	-0.133166	-1.47125	-0.0133372	-0.932708	-0.402316	0.010234	-2.04524	0.00402403	1.64294	0.951789	-0.94269	-0.404086	0.0178648	-2.04522	0.00704813	1.64119	0.947444	0	-10.0246	-0.0748908	13.0146	0.149402	1.42019	2.77606e-07	0.0704067	0.172213	-2.12684	-0.00470478	0.00348454	-9.94487e-09	
1.8	-0.156875	-12.0281	-0.20798	13.943	0.136606	1.46314	0.0108029	-0.91279	-0.399632	-0.00518294	-2.04524	-0.00201682	1.64561	0.960019	0.994265	0.110298	-0.774657	0.000476837	-0.301905	0.110984	0.397801	-1.78814	-24.7061	-3.658	0.476837	0.272065	-23.4842	-14.2455	0.162763	12.0952	0.226428	-13.9813	-0.136046	-1.46571	-0.0111665	-0.92274	-0.400843	0.00254735	-2.04524	0.00100237	1.6444	0.955977	-0.932708	-0.402316	0.010234	-2.04524	0.00402403	1.64294	0.951789	-2.77556e-17	-10.0476	-0.0249854	13.0166	0.149504	1.41953	2.65261e-07	0.0613035	0.144687	-2.10619	-0.00459875	0.00401511	-1.21764e-08	
1.81	-0.135776	-11.7412	-0.127321	13.8027	0.138623	1.45689	0.00894445	-0.902855	-0.39865	-0.0129448	-2.04523	-0.0050347	1.64661	0.96392	0.992656	0.0888109	-0.777469	0.000953674	-0.301853	0.0910759	0.384152	-1.60933	-21.4875	-2.81215	0.476837	0.0520349	-19.908	-13.6495	0.138076	11.7808	0.140991	-13.8176	-0.138276	-1.45687	-0.00926271	-0.91279	-0.399632	-0.00518294	-2.04524	-0.00201682	1.64561	0.960019	-0.92274	-0.400843	0.00254735	-2.04524	0.00100237	1.6444	0.955977	0	-10.0654	0.0248497	13.018	0.149606	1.41889	2.22561e-07	0.0512204	0.122078	-2.07929	-0.0042491	0.00404557	-1.20355e-08	
1.82	-0.118916	-11.4861	-0.0537648	13.6777	0.140124	1.45107	0.00732479	-0.892938	-0.397866	-0.0207309	-2.04522	-0.00805121	1.64743	0.967689	0.990868	0.0701845	-0.779269	0.00143051	-0.301543	0.074029	0.371456	-1.78814	-18.6264	-1.80024	0.476837	0.310153	-17.0469	-12.6958	0.118641	11.5369	0.0638653	-13.7046	-0.140146	-1.45264	-0.00763086	-0.902855	-0.39865	-0.0129448	-2.04523	-0.0050347	1.64661	0.96392	-0.91279	-0.399632	-0.00518294	-2.04524	-0.00201682	1.64561	0.960019	0	-10.0786	0.0746391	13.0189	0.149708	1.41827	2.19502e-07	0.0439783	0.105955	-2.06308	-0.00510837	0.0036698	-1.59621e-08	
1.83	-0.0975741	-11.2573	0.0236472	13.5641	0.142044	1.44507	0.00598033	-0.883037	-0.397255	-0.0285335	-2.0452	-0.0110673	1.64809	0.971334	0.989258	0.053972	-0.780771	0.00190735	-0.301699	0.0599623	0.358939	-1.60933	-16.2125	-1.50132	0.476837	-0.156462	-14.0667	-12.517	0.102197	11.298	-0.00786412	-13.5839	-0.141446	-1.44625	-0.00620046	-0.892938	-0.397866	-0.0207309	-2.04522	-0.00805121	1.64743	0.967689	-0.902855	-0.39865	-0.0129448	-2.04523	-0.0050347	1.64661	0.96392	-1.56125e-17	-10.0875	0.124392	13.0193	0.149811	1.41768	2.54662e-07	0.0354673	0.087717	-2.04657	-0.00439148	0.00339297	-1.42096e-08	
1.84	-0.0770651	-11.0693	0.0991299	13.4756	0.143651	1.44121	0.00481989	-0.873152	-0.396794	-0.0363479	-2.04519	-0.0140839	1.64862	0.974859	0.987887	0.0399947	-0.781964	0.00214577	-0.301657	0.0474453	0.347495	-1.37091	-13.9773	-1.19394	0.238419	0.0419021	-12.517	-11.4441	0.0824618	11.1185	-0.082759	-13.5051	-0.143228	-1.44351	-0.00503823	-0.883037	-0.397255	-0.0285335	-2.0452	-0.0110673	1.64809	0.971334	-0.892938	-0.397866	-0.0207309	-2.04522	-0.00805121	1.64743	0.967689	-4.16334e-17	-10.0928	0.174127	13.0193	0.149914	1.4171	2.35082e-07	0.0318586	0.0734168	-2.03351	-0.00460664	0.00340372	-1.40078e-08	
1.85	-0.0663379	-10.9161	0.16198	13.4097	0.144657	1.43878	0.00384966	-0.86328	-0.396463	-0.0441686	-2.04516	-0.0171016	1.64904	0.978273	0.986576	0.0278056	-0.78246	0.00190735	-0.301806	0.0373125	0.33617	-1.3113	-12.1891	-0.495434	-0.238419	-0.149012	-10.1328	-11.3249	0.0776243	10.9425	-0.138198	-13.4217	-0.14377	-1.43935	-0.00397448	-0.873152	-0.396794	-0.0363479	-2.04519	-0.0140839	1.64862	0.974859	-0.883037	-0.397255	-0.0285335	-2.0452	-0.0110673	1.64809	0.971334	-1.38778e-17	-10.0947	0.22385	13.0191	0.150016	1.41654	1.82523e-07	0.0247931	0.0620593	-2.02097	-0.00470907	0.00358138	-1.63423e-08	
1.86	-0.0584154	-10.7629	0.220356	13.3368	0.145374	1.4347	0.00300217	-0.853422	-0.396246	-0.0519926	-2.04514	-0.0201194	1.64936	0.981578	0.985205	0.0169873	-0.782482	0.00214577	-0.301801	0.0287294	0.325799	-1.37091	-10.8182	-0.0223517	0.238419	0.00557303	-8.58307	-10.3712	0.0639183	10.7849	-0.203745	-13.3434	-0.144942	-1.43463	-0.00314423	-0.86328	-0.396463	-0.0441686	-2.04516	-0.0171016	1.64904	0.978273	-0.873152	-0.396794	-0.0363479	-2.04519	-0.0140839	1.64862	0.974859	0	-10.0935	0.273573	13.0185	0.150118	1.416	1.16082e-07	0.0195511	0.050513	-2.00904	-0.0041875	0.00338588	-1.59215e-08	
1.87	-0.0549092	-10.6443	0.273304	13.2856	0.145807	1.43237	0.00230648	-0.843576	-0.396127	-0.0598171	-2.04512	-0.0231394	1.64961	0.984783	0.984013	0.00762939	-0.782221	0.00214577	-0.302011	0.0212193	0.316024	-1.19209	-9.35793	0.26077	0	-0.210464	-7.51019	-9.77516	0.0480749	10.6664	-0.271973	-13.2944	-0.146263	-1.43264	-0.00247089	-0.853422	-0.396246	-0.0519926	-2.04514	-0.0201194	1.64936	0.981578	-0.86328	-0.396463	-0.0441686	-2.04516	-0.0171016	1.64904	0.978273	-1.38778e-16	-10.0895	0.323305	13.0176	0.150219	1.41548	6.11024e-08	0.0194205	0.042546	-2.00304	-0.00411794	0.0026121	-1.71259e-08	
1.88	-0.0415686	-10.5372	0.338003	13.2365	0.146856	1.42945	0.00179043	-0.833743	-0.396097	-0.06764	-2.04509	-0.0261607	1.64978	0.987894	0.982881	-0.000596046	-0.782169	0.00238419	-0.302155	0.0150204	0.306964	-1.13249	-8.22544	0.0521541	0.238419	-0.143439	-6.19888	-9.05988	0.0339134	10.5601	-0.337822	-13.247	-0.147376	-1.43024	-0.00191653	-0.843576	-0.396127	-0.0598171	-2.04512	-0.0231394	1.64961	0.984783	-0.853422	-0.396246	-0.0519926	-2.04514	-0.0201194	1.64936	0.981578	-5.55112e-17	-10.083	0.373054	13.0165	0.150319	1.41497	1.01117e-07	0.0153809	0.0343064	-1.99428	-0.00396451	0.00207569	-1.46079e-08	
