0.65	-0.461855	0.189873	-1.81454	4.0606	-0.180797	1.50024	-0.00729151	-1.58729	-0.53224	0.000478721	-1.0691	0.000469753	0.53686	0.304498	0.257373	0.0978112	0.0179207	0.170231	0.0177181	-0.0724196	2.47404	257.373	97.8112	17.9207	170.231	17.7181	-72.4196	2474.04	0.497202	-0.196641	1.93978	-3.99918	0.204436	-1.48893	0.00637843	0	0	0	0	0	0	0	0	0	0	0	0	0	0	-2.77556e-17	0.413943	-0.0879827	4.72585	0.0850301	1.52542	6.25719e-07	-0.188723	0.361264	-1.71468	-0.104499	0.0829822	-4.36127e-07	
0.66	-0.337907	0.0404398	-1.37443	4.32878	-0.0971411	1.53682	-0.00998554	-1.58491	-0.531538	0.000521791	-1.06796	0.000512253	0.536414	0.328072	0.223517	0.0494122	-0.00567239	0.0736713	-0.00558898	-0.0242591	2.26405	-33.8555	-48.399	-23.593	-96.5595	-23.307	48.1606	-209.987	0.354851	-0.0783346	1.43487	-4.28229	0.10859	-1.53179	0.00968875	-1.58729	-0.53224	0.000478721	-1.0691	0.000469753	0.53686	0.304498	0	0	0	0	0	0	0	2.77556e-17	0.411245	-0.0872997	4.71728	0.0840599	1.52192	6.06452e-07	-0.131037	0.267611	-1.78166	-0.109339	0.0868614	-4.65868e-07	
0.67	-0.271645	-0.17409	-1.13712	4.50915	-0.0521564	1.54862	-0.0110367	-1.58283	-0.531265	0.000357023	-1.06765	0.000349501	0.536378	0.349597	0.196934	0.00989437	-0.0244843	-0.00202656	-0.0243162	0.0119805	2.06199	-26.5837	-39.5179	-18.8119	-75.6979	-18.7272	36.2396	-202.06	0.280392	0.14782	1.16856	-4.48833	0.0580542	-1.5475	0.0108317	-1.58491	-0.531538	0.000521791	-1.06796	0.000512253	0.536414	0.328072	-1.58729	-0.53224	0.000478721	-1.0691	0.000469753	0.53686	0.304498	0	0.410436	-0.0852339	4.71365	0.0832649	1.51869	5.81574e-07	-0.0885513	0.223395	-1.80904	-0.113508	0.0926251	-4.99408e-07	
0.68	-0.248773	-0.418755	-1.05167	4.63395	-0.036338	1.54523	-0.0108998	-1.58099	-0.53137	2.46856e-05	-1.06804	1.95094e-05	0.536671	0.369114	0.17333	-0.0274777	-0.0401654	-0.0704527	-0.0397719	0.0431538	1.86124	-23.6034	-37.3721	-15.6811	-68.4261	-15.4557	31.1732	-200.749	0.250855	0.375004	1.06004	-4.61523	0.0377969	-1.54677	0.0109652	-1.58283	-0.531265	0.000357023	-1.06765	0.000349501	0.536378	0.349597	-1.58491	-0.531538	0.000521791	-1.06796	0.000512253	0.536414	0.328072	8.32667e-17	0.411667	-0.0820673	4.71407	0.0826192	1.51574	5.96961e-07	-0.0651845	0.208226	-1.82001	-0.115521	0.0925896	-5.18766e-07	
0.69	-0.248837	-0.661058	-1.04599	4.72029	-0.0359544	1.53391	-0.0102766	-1.57938	-0.531858	-0.000460533	-1.06912	-0.000461252	0.537264	0.386616	0.150204	-0.066638	-0.0551344	-0.139475	-0.0544662	0.0726581	1.65832	-23.1266	-39.1603	-14.969	-69.0222	-14.6943	29.5043	-202.924	0.245733	0.616493	1.03624	-4.70618	0.0339837	-1.5364	0.0104551	-1.58099	-0.53137	2.46856e-05	-1.06804	1.95094e-05	0.536671	0.369114	-1.58283	-0.531265	0.000357023	-1.06765	0.000349501	0.536378	0.349597	0	0.415305	-0.0778948	4.71821	0.0821108	1.51306	5.87782e-07	-0.0485087	0.210964	-1.81212	-0.119401	0.0956113	-5.33073e-07	
0.7	-0.26441	-0.869945	-1.09388	4.77263	-0.0460763	1.51794	-0.00941364	-1.57801	-0.532757	-0.00109277	-1.07092	-0.00108796	0.538159	0.402065	0.125885	-0.109613	-0.0700416	-0.213027	-0.0689283	0.103474	1.45093	-24.3187	-42.9749	-14.9072	-73.5521	-14.4622	30.8156	-207.394	0.261588	0.818813	1.08584	-4.75821	0.0440824	-1.52151	0.00965473	-1.57938	-0.531858	-0.000460533	-1.06912	-0.000461252	0.537264	0.386616	-1.58099	-0.53137	2.46856e-05	-1.06804	1.95094e-05	0.536671	0.369114	0	0.421814	-0.0727408	4.72608	0.0817317	1.51069	5.83403e-07	-0.0453908	0.224907	-1.80097	-0.120279	0.0943197	-5.31969e-07	
0.71	-0.287119	-1.05542	-1.16585	4.81319	-0.0607554	1.50075	-0.00841588	-1.57689	-0.534111	-0.00187735	-1.07349	-0.00186495	0.539374	0.415413	0.0997782	-0.157237	-0.0855582	-0.293732	-0.0846968	0.136495	1.23882	-26.1068	-47.6241	-15.5165	-80.7047	-15.7685	33.021	-212.103	0.283047	1.0175	1.15338	-4.80404	0.0580601	-1.50421	0.00862758	-1.57801	-0.532757	-0.00109277	-1.07092	-0.00108796	0.538159	0.402065	-1.57938	-0.531858	-0.000460533	-1.06912	-0.000461252	0.537264	0.386616	-5.55112e-17	0.431665	-0.0665409	4.7379	0.0814791	1.50862	5.41905e-07	-0.0428037	0.243107	-1.78274	-0.122151	0.096049	-5.24157e-07	
0.72	-0.313393	-1.17397	-1.24982	4.82658	-0.0779443	1.48385	-0.00758641	-1.57605	-0.535966	-0.0028224	-1.0769	-0.00280297	0.540931	0.426614	0.0716448	-0.209451	-0.101918	-0.380874	-0.101377	0.17184	1.0224	-28.1334	-52.2137	-16.36	-87.142	-16.6802	35.3455	-216.424	0.308931	1.16705	1.23557	-4.83057	0.0750283	-1.48665	0.00763039	-1.57689	-0.534111	-0.00187735	-1.07349	-0.00186495	0.539374	0.415413	-1.57801	-0.532757	-0.00109277	-1.07092	-0.00108796	0.538159	0.402065	5.55112e-17	0.445318	-0.0591963	4.75395	0.0813491	1.50688	5.49057e-07	-0.0438246	0.262993	-1.76261	-0.12284	0.098477	-5.08994e-07	
0.73	-0.342848	-1.30817	-1.34288	4.8624	-0.097013	1.4674	-0.006329	-1.5755	-0.538365	-0.0039358	-1.08122	-0.00391083	0.542858	0.435632	0.0414848	-0.265241	-0.118913	-0.475168	-0.118687	0.210106	0.802576	-30.16	-55.79	-16.9948	-94.2945	-17.3098	38.2662	-219.822	0.334116	1.27212	1.31438	-4.84933	0.0914934	-1.47081	0.00672642	-1.57605	-0.535966	-0.0028224	-1.0769	-0.00280297	0.540931	0.426614	-1.57689	-0.534111	-0.00187735	-1.07349	-0.00186495	0.539374	0.415413	5.55112e-17	0.463149	-0.050599	4.77453	0.0813406	1.50547	5.93789e-07	-0.0500349	0.279366	-1.75044	-0.120871	0.0945698	-4.93031e-07	
0.74	-0.365234	-1.35117	-1.41076	4.86955	-0.111739	1.45369	-0.0055795	-1.57526	-0.541342	-0.00522917	-1.08651	-0.00520083	0.545178	0.442436	0.00929832	-0.324547	-0.1376	-0.574112	-0.137416	0.250041	0.580668	-32.1865	-59.3066	-18.6872	-98.9437	-18.7289	39.9351	-221.908	0.360102	1.35268	1.39464	-4.87177	0.108401	-1.45612	0.00569057	-1.5755	-0.538365	-0.0039358	-1.08122	-0.00391083	0.542858	0.435632	-1.57605	-0.535966	-0.0028224	-1.0769	-0.00280297	0.540931	0.426614	-5.55112e-17	0.485458	-0.0405973	4.79988	0.0814533	1.5044	5.66208e-07	-0.0532081	0.297709	-1.73449	-0.120607	0.0957088	-4.74315e-07	
0.75	-0.385693	-1.36397	-1.47075	4.88003	-0.125004	1.44153	-0.00477073	-1.57535	-0.544924	-0.00671118	-1.09281	-0.00668284	0.547907	0.447021	-0.0243187	-0.38588	-0.156963	-0.676751	-0.157435	0.292003	0.358373	-33.617	-61.3332	-19.3631	-102.639	-20.0192	41.9617	-222.296	0.383413	1.36948	1.46519	-4.88043	0.123522	-1.44381	0.00486958	-1.57526	-0.541342	-0.00522917	-1.08651	-0.00520083	0.545178	0.442436	-1.5755	-0.538365	-0.0039358	-1.08122	-0.00391083	0.542858	0.435632	-2.77556e-17	0.512439	-0.0290447	4.83022	0.0816871	1.50369	5.12409e-07	-0.0599617	0.311267	-1.7218	-0.117604	0.0954801	-4.48579e-07	
0.76	-0.405407	-1.34092	-1.52717	4.89133	-0.137891	1.43165	-0.00394572	-1.57578	-0.549124	-0.00838769	-1.10015	-0.00836648	0.551059	0.449389	-0.0587702	-0.448108	-0.176794	-0.781059	-0.177822	0.334442	0.137508	-34.4515	-62.2272	-19.8307	-104.308	-20.3871	42.4385	-220.865	0.404179	1.35816	1.52548	-4.894	0.137006	-1.4334	0.00399679	-1.57535	-0.544924	-0.00671118	-1.09281	-0.00668284	0.547907	0.447021	-1.57526	-0.541342	-0.00522917	-1.08651	-0.00520083	0.545178	0.442436	2.77556e-17	0.54419	-0.0157981	4.86566	0.0820396	1.50331	5.37999e-07	-0.0647313	0.323549	-1.71475	-0.116525	0.0936821	-4.33952e-07	
0.77	-0.419685	-1.29726	-1.56264	4.91173	-0.147178	1.42381	-0.00309354	-1.57656	-0.553948	-0.0102668	-1.10854	-0.0102588	0.554639	0.449563	-0.0938177	-0.510275	-0.197506	-0.885844	-0.199114	0.377357	-0.0802874	-35.0475	-62.1677	-20.7117	-104.785	-21.2919	42.9153	-217.795	0.41914	1.29231	1.56451	-4.89966	0.147011	-1.42554	0.00331985	-1.57578	-0.549124	-0.00838769	-1.10015	-0.00836648	0.551059	0.449389	-1.57535	-0.544924	-0.00671118	-1.09281	-0.00668284	0.547907	0.447021	-2.77556e-17	0.580718	-0.000684566	4.90623	0.0825135	1.50329	4.43458e-07	-0.0698922	0.330089	-1.70384	-0.112556	0.0941735	-4.04626e-07	
0.78	-0.435951	-1.19613	-1.60577	4.92096	-0.157877	1.41823	-0.00231207	-1.57769	-0.559389	-0.01235	-1.11797	-0.0123683	0.558646	0.447577	-0.129104	-0.571668	-0.217772	-0.98896	-0.220854	0.419736	-0.294358	-35.286	-61.3928	-20.2665	-103.116	-21.7399	42.3789	-214.07	0.43327	1.21688	1.59942	-4.91718	0.156053	-1.41898	0.00247481	-1.57656	-0.553948	-0.0102668	-1.10854	-0.0102588	0.554639	0.449563	-1.57578	-0.549124	-0.00838769	-1.10015	-0.00836648	0.551059	0.449389	-2.77556e-17	0.621936	0.0164391	4.9519	0.0831043	1.5036	4.99109e-07	-0.0718501	0.337226	-1.69934	-0.110155	0.0955465	-3.83167e-07	
0.79	-0.445056	-1.07534	-1.62171	4.93516	-0.164011	1.41389	-0.00156952	-1.57918	-0.565433	-0.0146429	-1.12841	-0.014701	0.563074	0.443481	-0.163913	-0.631034	-0.239001	-1.0891	-0.243345	0.461459	-0.502408	-34.8091	-59.3662	-21.2286	-100.136	-22.4914	41.7233	-208.05	0.444989	1.1127	1.62453	-4.93763	0.163808	-1.41442	0.00161099	-1.57769	-0.559389	-0.01235	-1.11797	-0.0123683	0.558646	0.447577	-1.57656	-0.553948	-0.0102668	-1.10854	-0.0102588	0.554639	0.449563	-2.77556e-17	0.667688	0.0357544	5.00255	0.0838137	1.50424	4.43997e-07	-0.074774	0.34176	-1.69407	-0.105694	0.093874	-3.60036e-07	
0.8	-0.455056	-0.944354	-1.63973	4.95972	-0.17058	1.41107	-0.000660944	-1.58101	-0.572058	-0.0171454	-1.13984	-0.0172597	0.567912	0.43734	-0.198364	-0.687778	-0.259759	-1.18554	-0.266287	0.501931	-0.703871	-34.4515	-56.7436	-20.7582	-96.4403	-22.9422	40.4716	-201.464	0.454256	0.977878	1.64038	-4.95807	0.169918	-1.41153	0.000780634	-1.57918	-0.565433	-0.0146429	-1.12841	-0.014701	0.563074	0.443481	-1.57769	-0.559389	-0.01235	-1.11797	-0.0123683	0.558646	0.447577	0	0.717735	0.0574108	5.05805	0.0846414	1.5052	4.49547e-07	-0.0752625	0.344825	-1.68759	-0.101795	0.0979148	-3.32715e-07	
0.81	-0.460087	-0.785875	-1.63868	4.98419	-0.174255	1.40976	0.000170002	-1.58317	-0.579235	-0.0198603	-1.1522	-0.02005	0.573148	0.429226	-0.231624	-0.741541	-0.28104	-1.27721	-0.28953	0.540912	-0.897825	-33.2594	-53.7634	-21.2807	-91.6718	-23.2421	38.9814	-193.954	0.458019	0.834152	1.63403	-4.98676	0.172714	-1.40973	-7.4533e-05	-1.58101	-0.572058	-0.0171454	-1.13984	-0.0172597	0.567912	0.43734	-1.57918	-0.565433	-0.0146429	-1.12841	-0.014701	0.563074	0.443481	4.16334e-17	0.771788	0.081588	5.11816	0.0855876	1.50647	4.09533e-07	-0.07668	0.343159	-1.69334	-0.0940102	0.0929491	-3.07217e-07	
0.82	-0.463344	-0.60891	-1.6304	5.01056	-0.176847	1.40952	0.00100009	-1.58567	-0.586929	-0.0227864	-1.16545	-0.0230733	0.578763	0.419225	-0.264049	-0.791728	-0.302099	-1.36328	-0.313217	0.578165	-1.08215	-32.4249	-50.1871	-21.0591	-86.0691	-23.6872	37.2529	-184.327	0.462047	0.645829	1.62952	-5.0057	0.176035	-1.4097	-0.0008186	-1.58317	-0.579235	-0.0198603	-1.1522	-0.02005	0.573148	0.429226	-1.58101	-0.572058	-0.0171454	-1.13984	-0.0172597	0.567912	0.43734	1.38778e-17	0.829501	0.108437	5.18265	0.0866523	1.50803	4.03912e-07	-0.0768874	0.342265	-1.69201	-0.0892128	0.0943228	-2.82286e-07	
0.83	-0.462751	-0.417025	-1.60627	5.03828	-0.177585	1.41011	0.00180054	-1.58848	-0.595102	-0.0259246	-1.17953	-0.0263313	0.584739	0.407429	-0.294805	-0.837922	-0.323584	-1.44303	-0.336317	0.613213	-1.25772	-30.756	-46.1936	-21.4856	-79.751	-23.1005	35.0475	-175.565	0.465858	0.456204	1.62275	-5.03185	0.179165	-1.40966	-0.00170348	-1.58567	-0.586929	-0.0227864	-1.16545	-0.0230733	0.578763	0.419225	-1.58317	-0.579235	-0.0198603	-1.1522	-0.02005	0.573148	0.429226	-2.08167e-17	0.890506	0.138128	5.25124	0.087838	1.50986	4.2712e-07	-0.0773976	0.341372	-1.69295	-0.0834736	0.0938372	-2.58263e-07	
0.84	-0.463634	-0.233489	-1.58538	5.0777	-0.179001	1.41081	0.00279689	-1.59159	-0.603715	-0.0292731	-1.19437	-0.0298245	0.591057	0.393941	-0.32413	-0.879824	-0.344394	-1.51658	-0.359921	0.646651	-1.42205	-29.3255	-41.9021	-20.8095	-73.5521	-23.6034	33.4381	-164.33	0.463906	0.270417	1.59144	-5.07015	0.178997	-1.4109	-0.00259542	-1.58848	-0.595102	-0.0259246	-1.17953	-0.0263313	0.584739	0.407429	-1.58567	-0.586929	-0.0227864	-1.16545	-0.0230733	0.578763	0.419225	-1.73472e-17	0.954415	0.170806	5.32365	0.0891446	1.51194	3.59756e-07	-0.0744297	0.336931	-1.69616	-0.0771537	0.0936323	-2.36087e-07	
0.85	-0.459747	-0.0313323	-1.54578	5.11555	-0.177781	1.41267	0.00364247	-1.59499	-0.612725	-0.0328312	-1.20991	-0.033554	0.597697	0.378866	-0.352025	-0.917673	-0.365443	-1.5837	-0.383668	0.677824	-1.57574	-27.895	-37.8489	-21.0497	-67.1148	-23.7468	31.1732	-153.691	0.460374	0.067226	1.55372	-5.10531	0.177954	-1.41224	-0.00344358	-1.59159	-0.603715	-0.0292731	-1.19437	-0.0298245	0.591057	0.393941	-1.58848	-0.595102	-0.0259246	-1.17953	-0.0263313	0.584739	0.407429	6.07153e-17	1.0208	0.206623	5.39959	0.0905731	1.51425	3.19451e-07	-0.0732948	0.331118	-1.69968	-0.068356	0.0927937	-2.04659e-07	
0.86	-0.457545	0.162948	-1.5098	5.16212	-0.17781	1.41456	0.00464959	-1.59866	-0.62209	-0.0365976	-1.22608	-0.0375179	0.604639	0.362318	-0.378251	-0.951111	-0.385955	-1.64437	-0.406921	0.707209	-1.71763	-26.226	-33.4382	-20.5114	-60.6775	-23.2533	29.3851	-141.889	0.458829	-0.136555	1.52175	-5.14665	0.178517	-1.41425	-0.00440893	-1.59499	-0.612725	-0.0328312	-1.20991	-0.033554	0.597697	0.378866	-1.59159	-0.603715	-0.0292731	-1.19437	-0.0298245	0.591057	0.393941	-4.85723e-17	1.08925	0.245716	5.47876	0.0921257	1.51677	2.9275e-07	-0.0712425	0.327343	-1.70372	-0.0608284	0.0916741	-1.80949e-07	
0.87	-0.450562	0.382876	-1.45599	5.20094	-0.175522	1.41715	0.00545089	-1.60257	-0.631767	-0.0405707	-1.24283	-0.0417148	0.611865	0.344413	-0.402689	-0.980675	-0.406738	-1.69873	-0.430129	0.734925	-1.84825	-24.4379	-29.5639	-20.7834	-54.3594	-23.2086	27.7162	-130.624	0.453556	-0.341782	1.47356	-5.19224	0.177009	-1.41691	-0.00530617	-1.59866	-0.62209	-0.0365976	-1.22608	-0.0375179	0.604639	0.362318	-1.59499	-0.612725	-0.0328312	-1.20991	-0.033554	0.597697	0.378866	-8.32667e-17	1.15935	0.288214	5.56089	0.0938037	1.51948	2.1168e-07	-0.0698032	0.320809	-1.71132	-0.0529679	0.0875241	-1.56832e-07	
0.88	-0.443903	0.575687	-1.39826	5.2556	-0.17328	1.41952	0.00642598	-1.60673	-0.641714	-0.044749	-1.26009	-0.0461426	0.619357	0.32527	-0.425577	-1.00571	-0.42722	-1.74689	-0.452936	0.760794	-1.96657	-22.8882	-25.034	-20.4816	-48.1606	-22.8062	25.8684	-118.315	0.446634	-0.532037	1.41501	-5.2473	0.174378	-1.41903	-0.00628832	-1.60257	-0.631767	-0.0405707	-1.24283	-0.0417148	0.611865	0.344413	-1.59866	-0.62209	-0.0365976	-1.22608	-0.0375179	0.604639	0.362318	8.32667e-17	1.23065	0.334235	5.6457	0.0956083	1.52234	2.68639e-07	-0.0669626	0.31346	-1.71788	-0.0434583	0.0844894	-1.31274e-07	
0.89	-0.43678	0.776649	-1.33809	5.31053	-0.171002	1.42263	0.00734241	-1.61111	-0.651892	-0.0491313	-1.2778	-0.0507988	0.6271	0.305009	-0.447035	-1.02699	-0.447225	-1.78945	-0.475887	0.785172	-2.07269	-21.4577	-21.2789	-20.0048	-42.5577	-22.9515	24.3783	-106.126	0.439127	-0.739393	1.3543	-5.29826	0.17214	-1.42208	-0.00717612	-1.60673	-0.641714	-0.044749	-1.26009	-0.0461426	0.619357	0.32527	-1.60257	-0.631767	-0.0405707	-1.24283	-0.0417148	0.611865	0.344413	0	1.3028	0.383886	5.73293	0.0975402	1.52535	2.60736e-07	-0.064943	0.306638	-1.72438	-0.0345217	0.0812104	-1.06044e-07	
0.9	-0.426868	0.960768	-1.26201	5.37471	-0.167051	1.4255	0.00827141	-1.61569	-0.662259	-0.0537155	-1.2959	-0.0556788	0.63508	0.283755	-0.466943	-1.04415	-0.467449	-1.82629	-0.49819	0.808179	-2.16675	-19.908	-17.1661	-20.2246	-36.8357	-22.3033	23.0074	-94.0561	0.428116	-0.925267	1.27451	-5.36131	0.167468	-1.42495	-0.00806865	-1.61111	-0.651892	-0.0491313	-1.2778	-0.0507988	0.6271	0.305009	-1.60673	-0.641714	-0.044749	-1.26009	-0.0461426	0.619357	0.32527	-2.77556e-17	1.37536	0.437255	5.82233	0.099601	1.52847	2.04002e-07	-0.060757	0.297337	-1.72962	-0.0259255	0.0792192	-8.29913e-08	
0.91	-0.417923	1.14323	-1.18729	5.44266	-0.164129	1.42887	0.00922859	-1.62046	-0.672779	-0.0585002	-1.31434	-0.0607795	0.643283	0.261627	-0.485063	-1.0578	-0.487301	-1.85812	-0.51976	0.830054	-2.24862	-18.1198	-13.6495	-19.8521	-31.8289	-21.5695	21.8749	-81.867	0.41758	-1.11206	1.19485	-5.42668	0.163317	-1.42838	-0.00893765	-1.61569	-0.662259	-0.0537155	-1.2959	-0.0556788	0.63508	0.283755	-1.61111	-0.651892	-0.0491313	-1.2778	-0.0507988	0.6271	0.305009	-5.55112e-17	1.44797	0.494424	5.91369	0.10179	1.53168	2.4268e-07	-0.0550892	0.289541	-1.73404	-0.0184184	0.0781833	-6.86247e-08	
0.92	-0.404435	1.32772	-1.0929	5.50796	-0.158591	1.43211	0.00998141	-1.6254	-0.683416	-0.0634837	-1.33307	-0.0660945	0.651697	0.238748	-0.50199	-1.06776	-0.507362	-1.88446	-0.541225	0.850618	-2.31832	-16.9277	-9.95398	-20.0607	-26.3453	-21.4651	20.5636	-69.7076	0.409244	-1.29478	1.12149	-5.49277	0.161044	-1.43148	-0.00987337	-1.62046	-0.672779	-0.0585002	-1.31434	-0.0607795	0.643283	0.261627	-1.61569	-0.662259	-0.0537155	-1.2959	-0.0556788	0.63508	0.283755	-1.11022e-16	1.52028	0.555452	6.00677	0.104107	1.53495	2.09262e-07	-0.0516842	0.283216	-1.74127	-0.0102061	0.0736042	-4.65517e-08	
0.93	-0.392613	1.50742	-1.00244	5.58066	-0.154529	1.43657	0.0107822	-1.63051	-0.694135	-0.0686646	-1.35205	-0.0716201	0.660312	0.215234	-0.517249	-1.07473	-0.526972	-1.90687	-0.561826	0.870287	-2.37653	-15.2588	-6.97374	-19.6099	-22.4113	-20.6009	19.6695	-58.2039	0.396865	-1.46131	1.02621	-5.57189	0.156191	-1.43565	-0.0107334	-1.6254	-0.683416	-0.0634837	-1.33307	-0.0660945	0.651697	0.238748	-1.62046	-0.672779	-0.0585002	-1.31434	-0.0607795	0.643283	0.261627	0	1.59193	0.620391	6.10139	0.10655	1.53827	2.05998e-07	-0.0489484	0.273862	-1.74896	0.000932123	0.0697434	-2.18939e-08	
0.94	-0.384813	1.66396	-0.92233	5.66292	-0.152443	1.44046	0.0117471	-1.63576	-0.704905	-0.0740411	-1.37122	-0.0773487	0.66912	0.191205	-0.531435	-1.07819	-0.545755	-1.92475	-0.582039	0.889242	-2.42265	-14.1859	-3.45707	-18.7829	-17.8814	-20.2134	18.9543	-46.119	0.382023	-1.63802	0.921303	-5.64215	0.150526	-1.43932	-0.0114184	-1.63051	-0.694135	-0.0686646	-1.35205	-0.0716201	0.660312	0.215234	-1.6254	-0.683416	-0.0634837	-1.33307	-0.0660945	0.651697	0.238748	5.55112e-17	1.66262	0.689267	6.19735	0.10912	1.54161	1.35358e-07	-0.0463873	0.263203	-1.75531	0.00955573	0.065181	4.63071e-10	
0.95	-0.36553	1.84106	-0.797355	5.73713	-0.144562	1.44548	0.0122313	-1.64114	-0.715693	-0.0796128	-1.39054	-0.0832775	0.678115	0.16677	-0.54431	-1.07902	-0.565842	-1.93858	-0.601135	0.907481	-2.45868	-12.8746	-0.834465	-20.0868	-13.8283	-19.0958	18.239	-36.031	0.366008	-1.79906	0.806492	-5.72548	0.143754	-1.44431	-0.0120586	-1.63576	-0.704905	-0.0740411	-1.37122	-0.0773487	0.66912	0.191205	-1.63051	-0.694135	-0.0686646	-1.35205	-0.0716201	0.660312	0.215234	-1.11022e-16	1.73203	0.762114	6.29449	0.11181	1.54495	1.83937e-07	-0.0418232	0.252384	-1.7626	0.0178509	0.0617054	1.80194e-08	
0.96	-0.352077	1.98278	-0.686855	5.82632	-0.139113	1.44984	0.0129461	-1.64665	-0.726472	-0.0853769	-1.40999	-0.0893973	0.687287	0.142042	-0.555992	-1.07652	-0.584997	-1.94848	-0.620075	0.925124	-2.4828	-11.6825	2.5034	-19.1554	-9.89437	-18.9394	17.643	-24.1251	0.354546	-1.96188	0.710522	-5.80497	0.140102	-1.44904	-0.0127612	-1.64114	-0.715693	-0.0796128	-1.39054	-0.0832775	0.678115	0.16677	-1.63576	-0.704905	-0.0740411	-1.37122	-0.0773487	0.66912	0.191205	2.77556e-16	1.79989	0.838915	6.39265	0.114617	1.54828	2.32376e-07	-0.0394964	0.245853	-1.76858	0.0247833	0.0578293	3.43751e-08	
0.97	-0.336632	2.12135	-0.565391	5.92049	-0.132634	1.45545	0.0135334	-1.65227	-0.737212	-0.0913333	-1.42951	-0.0957014	0.696633	0.117123	-0.566602	-1.07157	-0.604153	-1.95527	-0.638373	0.942171	-2.49737	-10.6096	4.94719	-19.1554	-6.79493	-18.2986	17.0469	-14.5657	0.339631	-2.09331	0.589514	-5.90182	0.133662	-1.45423	-0.0134116	-1.64665	-0.726472	-0.0853769	-1.40999	-0.0893973	0.687287	0.142042	-1.64114	-0.715693	-0.0796128	-1.39054	-0.0832775	0.678115	0.16677	0	1.86592	0.919672	6.49167	0.117539	1.55156	2.59302e-07	-0.0353342	0.235798	-1.777	0.0332831	0.0531735	5.25651e-08	
0.98	-0.32266	2.26226	-0.449759	6.01182	-0.127644	1.46108	0.0141109	-1.65799	-0.747889	-0.09748	-1.44908	-0.102181	0.706147	0.0921152	-0.575662	-1.06418	-0.622936	-1.95861	-0.655621	0.958979	-2.5019	-9.05991	7.39098	-18.7829	-3.33786	-17.2481	16.8085	-4.52995	0.323586	-2.23846	0.466688	-5.99162	0.127503	-1.4602	-0.0138981	-1.65227	-0.737212	-0.0913333	-1.42951	-0.0957014	0.696633	0.117123	-1.64665	-0.726472	-0.0853769	-1.40999	-0.0893973	0.687287	0.142042	-2.22045e-16	1.9299	1.00435	6.59142	0.120571	1.5548	2.23313e-07	-0.0333734	0.226123	-1.78529	0.040351	0.0480671	6.95105e-08	
0.99	-0.302368	2.40696	-0.308569	6.09945	-0.119159	1.46716	0.0143554	-1.6638	-0.758478	-0.103816	-1.46867	-0.108832	0.715825	0.0671125	-0.584364	-1.05429	-0.642098	-1.95849	-0.672348	0.975132	-2.4976	-8.70228	9.89437	-19.1628	0.119209	-16.7266	16.1529	4.29893	0.302786	-2.37657	0.320632	-6.08502	0.118501	-1.46648	-0.0141813	-1.65799	-0.747889	-0.09748	-1.44908	-0.102181	0.706147	0.0921152	-1.65227	-0.737212	-0.0913333	-1.42951	-0.0957014	0.696633	0.117123	4.44089e-16	1.99158	1.0929	6.69176	0.123704	1.55796	2.325e-07	-0.0274728	0.213622	-1.78994	0.0488555	0.0501718	7.80123e-08	
1	-0.285631	2.51266	-0.167528	6.20977	-0.111524	1.47392	0.0147754	-1.66968	-0.768954	-0.11034	-1.48825	-0.115643	0.725666	0.0422044	-0.591755	-1.04195	-0.661053	-1.95611	-0.688039	0.991106	-2.48397	-7.39098	12.3382	-18.9543	2.38419	-15.6909	15.974	13.6271	0.292934	-2.48999	0.212588	-6.18665	0.115161	-1.472	-0.0148342	-1.6638	-0.758478	-0.103816	-1.46867	-0.108832	0.715825	0.0671125	-1.65799	-0.747889	-0.09748	-1.44908	-0.102181	0.706147	0.0921152	0	2.05075	1.18528	6.79258	0.126934	1.56105	2.1372e-07	-0.0252519	0.209156	-1.79527	0.0530003	0.044013	9.12796e-08	
1.01	-0.267417	2.63729	-0.0277242	6.30661	-0.103938	1.48066	0.0149933	-1.67564	-0.779296	-0.117052	-1.50778	-0.122609	0.735664	0.0174755	-0.598311	-1.02758	-0.679567	-1.9505	-0.703432	1.00678	-2.46258	-6.55651	14.3647	-18.5147	5.60284	-15.3929	15.6761	21.3926	0.273708	-2.60024	0.0619016	-6.29353	0.106486	-1.47908	-0.0150906	-1.66968	-0.768954	-0.11034	-1.48825	-0.115643	0.725666	0.0422044	-1.6638	-0.758478	-0.103816	-1.46867	-0.108832	0.715825	0.0671125	5.55112e-16	2.10723	1.28142	6.89375	0.130252	1.56405	2.38824e-07	-0.0240875	0.197581	-1.80467	0.0600086	0.0385935	1.04871e-07	
1.02	-0.252436	2.73355	0.110155	6.41918	-0.0972276	1.48794	0.0153294	-1.68165	-0.789481	-0.123949	-1.52724	-0.12972	0.745817	-0.00699514	-0.604033	-1.01101	-0.697762	-1.94275	-0.717744	1.02234	-2.43319	-5.72205	16.5701	-18.1943	7.7486	-14.3126	15.5568	29.3882	0.253565	-2.71869	-0.0889423	-6.39436	0.097841	-1.48648	-0.0152041	-1.67564	-0.779296	-0.117052	-1.50778	-0.122609	0.735664	0.0174755	-1.66968	-0.768954	-0.11034	-1.48825	-0.115643	0.725666	0.0422044	-1.11022e-16	2.16085	1.38122	6.99515	0.13365	1.56694	2.11168e-07	-0.0202192	0.187257	-1.80998	0.0655546	0.0372711	1.11867e-07	
1.03	-0.231636	2.82909	0.273623	6.52968	-0.0874662	1.4956	0.0153707	-1.68772	-0.799491	-0.131032	-1.54662	-0.13697	0.756123	-0.0311378	-0.608683	-0.992358	-0.716627	-1.93214	-0.730902	1.03724	-2.39756	-4.64916	18.6563	-18.8649	10.6096	-13.1577	14.9012	35.6293	0.234302	-2.82955	-0.238386	-6.49662	0.0897279	-1.49394	-0.015297	-1.68165	-0.789481	-0.123949	-1.52724	-0.12972	0.745817	-0.00699514	-1.67564	-0.779296	-0.117052	-1.50778	-0.122609	0.735664	0.0174755	5.55112e-16	2.21143	1.4846	7.09669	0.13712	1.56973	2.61078e-07	-0.0182595	0.177336	-1.81598	0.0705128	0.0351395	1.19276e-07	
1.04	-0.212091	2.92202	0.432416	6.64162	-0.0785193	1.50368	0.0153998	-1.69382	-0.809304	-0.138298	-1.56587	-0.144348	0.76658	-0.0548849	-0.612497	-0.972032	-0.73503	-1.91951	-0.743315	1.05232	-2.35503	-3.8147	20.3252	-18.4029	12.6362	-12.4127	15.08	42.5298	0.216661	-2.91885	-0.390206	-6.61065	0.0816351	-1.50198	-0.015413	-1.68772	-0.799491	-0.131032	-1.54662	-0.13697	0.756123	-0.0311378	-1.68165	-0.789481	-0.123949	-1.52724	-0.12972	0.745817	-0.00699514	1.11022e-16	2.25883	1.59143	7.19824	0.140652	1.5724	2.54224e-07	-0.0178722	0.168418	-1.82577	0.0742845	0.0298287	1.29085e-07	
1.05	-0.191011	3.02131	0.592879	6.74791	-0.0692872	1.51206	0.015284	-1.69997	-0.818904	-0.145748	-1.58499	-0.151847	0.777184	-0.0781772	-0.615478	-0.950038	-0.753164	-1.90449	-0.755161	1.06704	-2.30683	-2.98023	21.9941	-18.1347	15.0204	-11.8464	14.7223	48.1977	0.198805	-2.98125	-0.556448	-6.73887	0.0720402	-1.51052	-0.0154754	-1.69382	-0.809304	-0.138298	-1.56587	-0.144348	0.76658	-0.0548849	-1.68772	-0.799491	-0.131032	-1.54662	-0.13697	0.756123	-0.0311378	2.22045e-16	2.30293	1.70162	7.29971	0.14424	1.57495	1.8442e-07	-0.0145265	0.15816	-1.83365	0.0792121	0.027975	1.34544e-07	
1.06	-0.173567	3.07984	0.758446	6.87468	-0.0598664	1.52045	0.0152806	-1.70613	-0.828272	-0.153378	-1.60394	-0.15946	0.787935	-0.100961	-0.617862	-0.925898	-0.771195	-1.88768	-0.766054	1.08171	-2.25396	-2.38419	24.1399	-18.0304	16.8085	-10.8927	14.6627	52.8693	0.177251	-3.07604	-0.719788	-6.84378	0.0622434	-1.51849	-0.0152801	-1.69997	-0.818904	-0.145748	-1.58499	-0.151847	0.777184	-0.0781772	-1.69382	-0.809304	-0.138298	-1.56587	-0.144348	0.76658	-0.0548849	0	2.34362	1.81501	7.401	0.147869	1.57738	2.71854e-07	-0.014066	0.149487	-1.8403	0.0811865	0.0253288	1.39666e-07	
1.07	-0.151195	3.15393	0.935014	6.99103	-0.0488122	1.52935	0.0149942	-1.71232	-0.837392	-0.16119	-1.62271	-0.167176	0.798831	-0.123186	-0.619173	-0.900388	-0.789314	-1.86861	-0.77635	1.09589	-2.19596	-1.3113	25.5108	-18.1198	19.0735	-10.2967	14.1859	58.0027	0.157834	-3.13369	-0.893911	-6.97072	0.0519109	-1.52738	-0.0151528	-1.70613	-0.828272	-0.153378	-1.60394	-0.15946	0.787935	-0.100961	-1.69997	-0.818904	-0.145748	-1.58499	-0.151847	0.777184	-0.0781772	2.22045e-16	2.38078	1.93148	7.50201	0.151535	1.57969	3.23908e-07	-0.010096	0.137751	-1.8454	0.0868311	0.0263729	1.39785e-07	
1.08	-0.132158	3.21034	1.10631	7.11454	-0.0389495	1.53821	0.0148053	-1.71852	-0.846247	-0.16918	-1.64129	-0.174987	0.809867	-0.14481	-0.619769	-0.873208	-0.807032	-1.84774	-0.785381	1.10996	-2.13458	-0.596046	27.1797	-17.7175	20.8616	-9.0301	14.0667	61.3854	0.13767	-3.19548	-1.06714	-7.09247	0.0416409	-1.53654	-0.0149138	-1.71232	-0.837392	-0.16119	-1.62271	-0.167176	0.798831	-0.123186	-1.70613	-0.828272	-0.153378	-1.60394	-0.15946	0.787935	-0.100961	2.22045e-16	2.41434	2.05086	7.60264	0.155227	1.58187	3.60069e-07	-0.00796021	0.129303	-1.85213	0.0890939	0.0260723	1.42087e-07	
1.09	-0.111609	3.26515	1.28322	7.23699	-0.0284091	1.54724	0.0145068	-1.72471	-0.854824	-0.177347	-1.65964	-0.182885	0.821043	-0.1658	-0.619531	-0.844657	-0.82466	-1.82509	-0.793531	1.12391	-2.06947	0.238419	28.5506	-17.6281	22.6498	-8.15094	13.9475	65.1031	0.111542	-3.25884	-1.26278	-7.20993	0.0285003	-1.54551	-0.014401	-1.71852	-0.846247	-0.16918	-1.64129	-0.174987	0.809867	-0.14481	-1.71232	-0.837392	-0.16119	-1.62271	-0.167176	0.798831	-0.123186	2.22045e-16	2.44423	2.173	7.70279	0.158934	1.58393	3.49826e-07	-0.0101164	0.117147	-1.86228	0.090866	0.0215917	1.4631e-07	
1.1	-0.0911048	3.30642	1.46626	7.36273	-0.0170456	1.55614	0.0141297	-1.7309	-0.863106	-0.18569	-1.67776	-0.190862	0.832357	-0.186122	-0.618577	-0.814497	-0.842154	-1.80054	-0.801042	1.13738	-2.00163	0.953674	30.16	-17.494	24.5571	-7.51019	13.4706	67.8451	0.0907686	-3.31632	-1.43601	-7.32872	0.0180766	-1.55462	-0.0140365	-1.72471	-0.854824	-0.177347	-1.65964	-0.182885	0.821043	-0.1658	-1.71852	-0.846247	-0.16918	-1.64129	-0.174987	0.809867	-0.14481	0	2.47037	2.29774	7.80238	0.16265	1.58587	2.79131e-07	-0.00871187	0.108201	-1.8679	0.0923139	0.0223211	1.46322e-07	
1.11	-0.0678874	3.34836	1.65817	7.48817	-0.00469684	1.56565	0.0136165	-1.73708	-0.871081	-0.194208	-1.69562	-0.198908	0.843804	-0.205752	-0.616789	-0.783265	-0.859633	-1.77455	-0.807539	1.15073	-1.93124	1.78814	31.2328	-17.4791	25.9876	-6.49691	13.3514	70.3931	0.0725133	-3.34815	-1.61436	-7.45974	0.00791372	-1.56406	-0.0137385	-1.7309	-0.863106	-0.18569	-1.67776	-0.190862	0.832357	-0.186122	-1.72471	-0.854824	-0.177347	-1.65964	-0.182885	0.821043	-0.1658	4.44089e-16	2.49274	2.42489	7.90131	0.166364	1.58768	1.58626e-07	-0.00715628	0.100605	-1.87656	0.0936034	0.0212504	1.46246e-07	
1.12	-0.0463421	3.38642	1.84199	7.61027	0.00688052	1.57465	0.0131074	-1.74324	-0.878736	-0.202896	-1.71322	-0.207018	0.855381	-0.224667	-0.614405	-0.75072	-0.876456	-1.74677	-0.813484	1.16366	-1.8592	2.38419	32.5441	-16.8234	27.7758	-5.94556	12.9342	72.0322	0.0493105	-3.3767	-1.81276	-7.58854	-0.00545886	-1.57328	-0.0131486	-1.73708	-0.871081	-0.194208	-1.69562	-0.198908	0.843804	-0.205752	-1.7309	-0.863106	-0.18569	-1.67776	-0.190862	0.832357	-0.186122	2.22045e-16	2.5113	2.55426	7.99948	0.170065	1.58938	2.69743e-07	-0.00568036	0.0889242	-1.88359	0.095178	0.0221001	1.45731e-07	
1.13	-0.02443	3.40399	2.04032	7.74447	0.0196981	1.5846	0.0125274	-1.74936	-0.886059	-0.211755	-1.73052	-0.21518	0.867086	-0.242855	-0.610828	-0.716984	-0.893533	-1.71781	-0.818253	1.176	-1.78562	3.57628	33.7362	-17.0767	28.9679	-4.76837	12.3382	73.5819	0.0270852	-3.40873	-2.00182	-7.71438	-0.0173279	-1.58281	-0.0126023	-1.74324	-0.878736	-0.202896	-1.71322	-0.207018	0.855381	-0.224667	-1.73708	-0.871081	-0.194208	-1.69562	-0.198908	0.843804	-0.205752	-2.22045e-16	2.52603	2.68568	8.0968	0.173748	1.59097	2.98844e-07	-0.00661435	0.0807886	-1.89174	0.095744	0.0212761	1.4278e-07	
1.14	-0.00325038	3.42975	2.22508	7.86485	0.0313582	1.5929	0.0119578	-1.75545	-0.893039	-0.22078	-1.74753	-0.223386	0.878915	-0.260303	-0.606537	-0.682235	-0.909761	-1.68693	-0.822484	1.1884	-1.7114	4.29153	34.7495	-16.2274	30.8752	-4.23193	12.3978	74.2227	0.00575675	-3.42545	-2.19507	-7.84157	-0.0298209	-1.59155	-0.0120086	-1.74936	-0.886059	-0.211755	-1.73052	-0.21518	0.867086	-0.242855	-1.74324	-0.878736	-0.202896	-1.71322	-0.207018	0.855381	-0.224667	0	2.53693	2.81896	8.19318	0.177405	1.59244	3.16728e-07	-0.00548842	0.07143	-1.89974	0.0952717	0.0212177	1.42166e-07	
1.15	0.023024	3.44757	2.43372	7.99015	0.0455799	1.60234	0.0111549	-1.76148	-0.899665	-0.22997	-1.76423	-0.231628	0.890863	-0.277005	-0.601411	-0.646532	-0.92642	-1.65486	-0.825494	1.20002	-1.63704	5.126	35.7032	-16.6595	32.0673	-3.01003	11.6229	74.3568	-0.0152654	-3.43132	-2.39283	-7.97445	-0.0426889	-1.60087	-0.011373	-1.75545	-0.893039	-0.22078	-1.74753	-0.223386	0.878915	-0.260303	-1.74936	-0.886059	-0.211755	-1.73052	-0.21518	0.867086	-0.242855	-6.66134e-16	2.54402	2.95388	8.28853	0.181029	1.59382	2.39599e-07	-0.00531351	0.0630211	-1.90717	0.0957013	0.0222585	1.36795e-07	
1.16	0.0431156	3.44357	2.6312	8.12223	0.0585413	1.61096	0.0104939	-1.76747	-0.905928	-0.239321	-1.78059	-0.239899	0.902926	-0.292958	-0.59557	-0.609696	-0.942245	-1.6216	-0.828028	1.21152	-1.56173	5.84126	36.8356	-15.825	33.2594	-2.5332	11.5037	75.3105	-0.0393776	-3.44732	-2.59022	-8.09291	-0.0558779	-1.60908	-0.010615	-1.76148	-0.899665	-0.22997	-1.76423	-0.231628	0.890863	-0.277005	-1.75545	-0.893039	-0.22078	-1.74753	-0.223386	0.878915	-0.260303	-8.88178e-16	2.54731	3.09025	8.38276	0.18461	1.59509	2.32298e-07	-0.00627687	0.0535205	-1.91078	0.0946635	0.0224339	1.33261e-07	
1.17	0.0679115	3.44886	2.83539	8.24558	0.0724677	1.61984	0.00965426	-1.77339	-0.911819	-0.248829	-1.79662	-0.248188	0.915099	-0.308167	-0.588775	-0.572264	-0.957861	-1.58691	-0.829771	1.22207	-1.48737	6.79493	37.4317	-15.6164	34.6899	-1.74344	10.55	74.3568	-0.0628443	-3.44766	-2.79455	-8.21988	-0.0696988	-1.61777	-0.00982624	-1.76747	-0.905928	-0.239321	-1.78059	-0.239899	0.902926	-0.292958	-1.76148	-0.899665	-0.22997	-1.76423	-0.231628	0.890863	-0.277005	1.33227e-15	2.54684	3.22786	8.47578	0.188143	1.59627	2.7719e-07	-0.00537738	0.0435114	-1.92058	0.094378	0.0247035	1.2712e-07	
1.18	0.0881776	3.42602	3.04329	8.37997	0.0862261	1.62825	0.00889648	-1.77923	-0.917331	-0.258491	-1.81229	-0.256488	0.927377	-0.322638	-0.581145	-0.53376	-0.973225	-1.55115	-0.830203	1.23233	-1.414	7.62939	38.5046	-15.3631	35.7628	-0.432134	10.252	73.3733	-0.0840247	-3.44359	-2.98963	-8.34512	-0.0820538	-1.62626	-0.00912274	-1.77339	-0.911819	-0.248829	-1.79662	-0.248188	0.915099	-0.308167	-1.76747	-0.905928	-0.239321	-1.78059	-0.239899	0.902926	-0.292958	8.88178e-16	2.54267	3.36652	8.5675	0.191624	1.59736	2.53407e-07	-0.00724403	0.0372852	-1.93038	0.0919824	0.0231824	1.24299e-07	
1.19	0.113184	3.41948	3.24998	8.50039	0.100347	1.63655	0.00798813	-1.785	-0.922457	-0.268303	-1.8276	-0.264791	0.939752	-0.336379	-0.572681	-0.494957	-0.987977	-1.51408	-0.830114	1.24168	-1.34155	8.46386	38.8027	-14.7521	37.0741	0.089407	9.35793	72.4494	-0.106101	-3.42223	-3.19946	-8.47653	-0.0965334	-1.63484	-0.00825683	-1.77923	-0.917331	-0.258491	-1.81229	-0.256488	0.927377	-0.322638	-1.77339	-0.911819	-0.248829	-1.79662	-0.248188	0.915099	-0.308167	4.44089e-16	2.53486	3.506	8.65784	0.195045	1.59837	3.01818e-07	-0.00639426	0.0274262	-1.93695	0.0917351	0.0252162	1.17597e-07	
1.2	0.134903	3.39309	3.45883	8.6311	0.114279	1.64509	0.00713872	-1.79067	-0.927191	-0.27826	-1.84254	-0.273087	0.95222	-0.349402	-0.563264	-0.455618	-1.00231	-1.47641	-0.829071	1.25074	-1.27032	9.41753	39.3391	-14.335	37.6701	1.04308	9.05991	71.2276	-0.129451	-3.3947	-3.41645	-8.60705	-0.111573	-1.64326	-0.00732113	-1.785	-0.922457	-0.268303	-1.8276	-0.264791	0.939752	-0.336379	-1.77923	-0.917331	-0.258491	-1.81229	-0.256488	0.927377	-0.322638	4.44089e-16	2.52348	3.6461	8.74671	0.198403	1.5993	3.18733e-07	-0.00619538	0.0160256	-1.94621	0.0900996	0.0269451	1.12392e-07	
1.21	0.158637	3.36972	3.66695	8.7509	0.128611	1.65256	0.00619269	-1.79625	-0.931528	-0.288356	-1.85709	-0.281369	0.964774	-0.361724	-0.552773	-0.415862	-1.01608	-1.43731	-0.82764	1.25885	-1.20118	10.4904	39.7563	-13.7687	39.1006	1.43051	8.10611	69.1413	-0.150312	-3.37535	-3.61115	-8.72501	-0.124009	-1.65038	-0.00654045	-1.79067	-0.927191	-0.27826	-1.84254	-0.273087	0.95222	-0.349402	-1.785	-0.922457	-0.268303	-1.8276	-0.264791	0.939752	-0.336379	4.44089e-16	2.50865	3.7866	8.83402	0.201692	1.60015	2.85309e-07	-0.00504376	0.00851385	-1.95206	0.0894622	0.0302746	1.02846e-07	
1.22	0.177323	3.3282	3.87053	8.87715	0.141599	1.65985	0.00538933	-1.80171	-0.935466	-0.298588	-1.87124	-0.289627	0.977405	-0.373362	-0.541568	-0.375628	-1.02919	-1.39749	-0.824481	1.26636	-1.13377	11.2057	40.2331	-13.113	39.8159	3.15905	7.51019	67.4129	-0.171685	-3.33964	-3.81992	-8.84958	-0.137642	-1.65812	-0.00566031	-1.79625	-0.931528	-0.288356	-1.85709	-0.281369	0.964774	-0.361724	-1.79067	-0.927191	-0.27826	-1.84254	-0.273087	0.95222	-0.349402	0	2.49044	3.92731	8.9197	0.204908	1.60094	3.07473e-07	-0.00504483	1.25381e-06	-1.95902	0.0869884	0.0314412	9.72697e-08	
1.23	0.199594	3.28485	4.08467	8.99735	0.15622	1.66655	0.00440813	-1.80706	-0.939001	-0.308949	-1.88499	-0.297855	0.990105	-0.384339	-0.52917	-0.335216	-1.04204	-1.3566	-0.821024	1.27304	-1.06847	12.3978	40.4119	-12.8448	40.8888	3.45707	6.67572	65.2969	-0.192372	-3.29471	-4.03041	-8.97242	-0.15203	-1.665	-0.00471313	-1.80171	-0.935466	-0.298588	-1.87124	-0.289627	0.977405	-0.373362	-1.79625	-0.931528	-0.288356	-1.85709	-0.281369	0.964774	-0.361724	4.44089e-16	2.46899	4.06801	9.00368	0.208051	1.60166	2.58928e-07	-0.00522032	-0.00962612	-1.96844	0.0847528	0.0327444	9.02044e-08	
1.24	0.217913	3.23062	4.29123	9.12155	0.169894	1.67357	0.00350218	-1.81228	-0.942132	-0.319431	-1.89833	-0.306043	1.00287	-0.394678	-0.516176	-0.294685	-1.05387	-1.31524	-0.81709	1.27852	-1.00625	12.9938	40.5311	-11.8315	41.3656	3.93391	5.48363	62.2272	-0.215363	-3.25515	-4.23992	-9.09071	-0.166014	-1.67219	-0.00374839	-1.80706	-0.939001	-0.308949	-1.88499	-0.297855	0.990105	-0.384339	-1.80171	-0.935466	-0.298588	-1.87124	-0.289627	0.977405	-0.373362	-8.88178e-16	2.44443	4.2085	9.08587	0.211113	1.60232	3.18268e-07	-0.00334565	-0.0201033	-1.97246	0.0837298	0.0365808	8.01888e-08	
1.25	0.237873	3.18555	4.49057	9.23948	0.182298	1.68084	0.00264916	-1.81737	-0.944859	-0.330031	-1.91126	-0.314183	1.01568	-0.404402	-0.50211	-0.25475	-1.06484	-1.27351	-0.811607	1.28329	-0.945479	14.0667	39.9351	-10.9673	41.7233	5.48363	4.76837	60.767	-0.234101	-3.19478	-4.45131	-9.21251	-0.180032	-1.67868	-0.00280243	-1.81228	-0.942132	-0.319431	-1.89833	-0.306043	1.00287	-0.394678	-1.80706	-0.939001	-0.308949	-1.88499	-0.297855	0.990105	-0.384339	-4.44089e-16	2.4169	4.34857	9.16619	0.214097	1.60293	2.84861e-07	-0.00535223	-0.0279614	-1.98239	0.0802951	0.0355952	7.56531e-08	
1.26	0.257905	3.12365	4.70344	9.35409	0.196484	1.68644	0.00165614	-1.8223	-0.947184	-0.340738	-1.92375	-0.322267	1.02853	-0.413539	-0.48697	-0.214457	-1.07563	-1.2306	-0.805646	1.28722	-0.888139	15.1396	40.2928	-10.7884	42.9152	5.96046	3.93391	57.3397	-0.25141	-3.13307	-4.65533	-9.33095	-0.193065	-1.68486	-0.00191746	-1.81737	-0.944859	-0.330031	-1.91126	-0.314183	1.01568	-0.404402	-1.81228	-0.942132	-0.319431	-1.89833	-0.306043	1.00287	-0.394678	4.44089e-16	2.38657	4.48802	9.2446	0.216997	1.60349	2.7575e-07	-0.00477967	-0.0358716	-1.9916	0.0774366	0.0372019	6.69375e-08	
1.27	0.27211	3.04734	4.90854	9.47612	0.209287	1.69261	0.000797177	-1.82709	-0.949108	-0.351548	-1.93582	-0.330287	1.04142	-0.422117	-0.470996	-0.174463	-1.08537	-1.18756	-0.798851	1.28984	-0.833601	15.974	39.9947	-9.74536	43.0346	6.79493	2.6226	54.5382	-0.270908	-3.07214	-4.86227	-9.44311	-0.206348	-1.69065	-0.000971831	-1.8223	-0.947184	-0.340738	-1.92375	-0.322267	1.02853	-0.413539	-1.81737	-0.944859	-0.330031	-1.91126	-0.314183	1.01568	-0.404402	-4.44089e-16	2.35359	4.62667	9.32102	0.219814	1.604	2.39349e-07	-0.00516375	-0.0433951	-1.99761	0.0743731	0.0383808	5.97265e-08	
1.28	0.294316	2.98984	5.11498	9.57662	0.222998	1.69751	-0.000248476	-1.8317	-0.950636	-0.362452	-1.94746	-0.338236	1.05433	-0.430165	-0.454187	-0.135124	-1.09431	-1.14357	-0.79149	1.29127	-0.781834	16.8085	39.3391	-8.9407	43.9882	7.36117	1.43051	51.7666	-0.28778	-2.992	-5.07815	-9.56469	-0.220516	-1.69696	2.3169e-05	-1.82709	-0.949108	-0.351548	-1.93582	-0.330287	1.04142	-0.422117	-1.8223	-0.947184	-0.340738	-1.92375	-0.322267	1.02853	-0.413539	-4.44089e-16	2.31815	4.76432	9.39539	0.222546	1.60448	2.68308e-07	-0.00170372	-0.0559587	-2.00131	0.0735001	0.0424931	4.91733e-08	
1.29	0.308711	2.91046	5.31703	9.68954	0.235447	1.70274	-0.00112208	-1.83615	-0.951773	-0.373441	-1.95865	-0.346105	1.06725	-0.437713	-0.436544	-0.0962615	-1.10233	-1.09982	-0.783116	1.29199	-0.733137	17.643	38.8622	-8.01682	43.7498	8.37445	0.715256	48.697	-0.306673	-2.92752	-5.27838	-9.66624	-0.233117	-1.70171	0.000966181	-1.8317	-0.950636	-0.362452	-1.94746	-0.338236	1.05433	-0.430165	-1.82709	-0.949108	-0.351548	-1.93582	-0.330287	1.04142	-0.422117	-8.88178e-16	2.28045	4.90077	9.46765	0.225192	1.60491	2.82596e-07	-0.00152259	-0.0653056	-2.00898	0.0710488	0.0437427	4.31379e-08	
1.3	0.324288	2.82552	5.52539	9.79467	0.248748	1.70718	-0.00211516	-1.84041	-0.952523	-0.384507	-1.9694	-0.353886	1.08016	-0.444792	-0.417829	-0.0578165	-1.10975	-1.05524	-0.774175	1.2908	-0.687569	18.7159	38.445	-7.42078	44.5843	8.9407	-1.19209	45.5678	-0.321175	-2.83649	-5.49172	-9.78114	-0.2467	-1.70715	0.00195114	-1.83615	-0.951773	-0.373441	-1.95865	-0.346105	1.06725	-0.437713	-1.8317	-0.950636	-0.362452	-1.94746	-0.338236	1.05433	-0.430165	-4.44089e-16	2.24067	5.03587	9.53777	0.227754	1.60531	2.74794e-07	-0.000693257	-0.0744312	-2.02097	0.0661804	0.0439857	3.34537e-08	
1.31	0.339773	2.74291	5.7289	9.90382	0.260882	1.71296	-0.00301781	-1.84448	-0.952897	-0.39564	-1.97971	-0.361572	1.09306	-0.451432	-0.398517	-0.0207424	-1.11604	-1.01137	-0.764161	1.28877	-0.645161	19.3119	37.0741	-6.28829	43.869	10.0136	-2.02656	42.4087	-0.336911	-2.75737	-5.69159	-9.88125	-0.258846	-1.71149	0.00286914	-1.84041	-0.952523	-0.384507	-1.9694	-0.353886	1.08016	-0.444792	-1.83615	-0.951773	-0.373441	-1.95865	-0.346105	1.06725	-0.437713	0	2.19905	5.16942	9.6057	0.23023	1.60567	3.49977e-07	-0.000861727	-0.0822083	-2.02832	0.063029	0.0447129	2.68077e-08	
1.32	0.35214	2.64612	5.93592	10.0084	0.273424	1.71709	-0.00394934	-1.84836	-0.952903	-0.406832	-1.98958	-0.369156	1.10593	-0.457664	-0.378251	0.0158548	-1.12164	-0.966906	-0.753432	1.28555	-0.605762	20.2656	36.5973	-5.60284	44.4651	10.7288	-3.21865	39.3986	-0.351926	-2.67059	-5.89557	-9.98491	-0.27112	-1.71646	0.00380381	-1.84448	-0.952897	-0.39564	-1.97971	-0.361572	1.09306	-0.451432	-1.84041	-0.952523	-0.384507	-1.9694	-0.353886	1.08016	-0.444792	-1.33227e-15	2.1558	5.30127	9.67139	0.232622	1.60601	3.75612e-07	-0.000178109	-0.0910689	-2.03756	0.0593077	0.0451642	1.93352e-08	
1.33	0.36325	2.55871	6.12388	10.1009	0.284371	1.72025	-0.00478189	-1.85203	-0.95255	-0.418071	-1.999	-0.37663	1.11876	-0.463517	-0.357389	0.0510812	-1.12554	-0.922441	-0.742346	1.28078	-0.569195	20.8616	35.2263	-3.9041	44.4651	11.0865	-4.76837	36.5674	-0.364413	-2.57766	-6.09546	-10.0786	-0.283207	-1.71916	0.00472007	-1.84836	-0.952903	-0.406832	-1.98958	-0.369156	1.10593	-0.457664	-1.84448	-0.952897	-0.39564	-1.97971	-0.361572	1.09306	-0.451432	-1.33227e-15	2.11113	5.43125	9.73481	0.234931	1.60632	2.22327e-07	0.000957895	-0.100593	-2.04097	0.0570751	0.0466699	1.18541e-08	
1.34	0.377311	2.46939	6.32159	10.1909	0.295939	1.72362	-0.00569817	-1.85548	-0.951852	-0.429348	-2.00798	-0.383988	1.13153	-0.469023	-0.335336	0.084877	-1.12897	-0.878096	-0.730395	1.27459	-0.536114	22.0537	33.7958	-3.42727	44.3459	11.9507	-6.19888	33.0806	-0.376133	-2.48854	-6.28578	-10.1729	-0.294003	-1.72323	0.0055594	-1.85203	-0.95255	-0.418071	-1.999	-0.37663	1.11876	-0.463517	-1.84836	-0.952903	-0.406832	-1.98958	-0.369156	1.10593	-0.457664	4.44089e-16	2.0653	5.5592	9.79595	0.237156	1.60661	2.85003e-07	0.00168535	-0.107953	-2.05107	0.054209	0.0477547	2.90806e-09	
1.35	0.380831	2.35242	6.52067	10.3004	0.30679	1.72831	-0.00647663	-1.85871	-0.950819	-0.440653	-2.01652	-0.391222	1.14424	-0.474212	-0.313044	0.117719	-1.1313	-0.834703	-0.717819	1.26719	-0.505388	22.2921	32.8422	-2.32458	43.3922	12.5766	-7.39098	30.7262	-0.384656	-2.38323	-6.48464	-10.2686	-0.305317	-1.72668	0.00643134	-1.85548	-0.951852	-0.429348	-2.00798	-0.383988	1.13153	-0.469023	-1.85203	-0.95255	-0.418071	-1.999	-0.37663	1.11876	-0.463517	-4.44089e-16	2.01853	5.68501	9.85478	0.2393	1.60687	3.27777e-07	0.00272269	-0.117775	-2.06118	0.049368	0.0467954	-5.78637e-09	
1.36	0.39054	2.25557	6.70989	10.3805	0.317451	1.73038	-0.00734485	-1.86171	-0.949469	-0.451974	-2.02462	-0.398328	1.15686	-0.47911	-0.290036	0.149012	-1.13231	-0.790596	-0.704527	1.25778	-0.477582	23.0074	31.2924	-1.01328	44.1074	13.2918	-9.41753	27.8056	-0.395649	-2.28564	-6.67912	-10.3536	-0.316521	-1.72933	0.00733317	-1.85871	-0.950819	-0.440653	-2.01652	-0.391222	1.14424	-0.474212	-1.85548	-0.951852	-0.429348	-2.00798	-0.383988	1.13153	-0.469023	1.33227e-15	1.97109	5.80852	9.91127	0.241365	1.60712	2.78126e-07	0.00315054	-0.127199	-2.06524	0.0476716	0.0482352	-1.02586e-08	
1.37	0.401411	2.15943	6.90029	10.4556	0.328191	1.73197	-0.00823539	-1.86449	-0.947814	-0.4633	-2.03229	-0.405298	1.16938	-0.483746	-0.266314	0.178516	-1.13234	-0.746965	-0.690699	1.24729	-0.452608	23.7226	29.5043	-0.0298023	43.6306	13.8283	-10.4903	24.9743	-0.406397	-2.17791	-6.88528	-10.4488	-0.328292	-1.73392	0.0082923	-1.86171	-0.949469	-0.451974	-2.02462	-0.398328	1.15686	-0.47911	-1.85871	-0.950819	-0.440653	-2.01652	-0.391222	1.14424	-0.474212	-8.88178e-16	1.92322	5.92961	9.96543	0.243351	1.60735	2.57268e-07	0.00434622	-0.13722	-2.07555	0.043487	0.0477114	-1.73125e-08	
1.38	0.408334	2.0561	7.0873	10.5368	0.338207	1.73467	-0.00905803	-1.86702	-0.945874	-0.474618	-2.03952	-0.412128	1.18178	-0.488146	-0.242472	0.206351	-1.131	-0.704288	-0.676483	1.23489	-0.430167	23.8419	27.8354	1.3411	42.6769	14.2157	-12.3978	22.4411	-0.403788	-2.07185	-7.0474	-10.5282	-0.335805	-1.73487	0.0088295	-1.86449	-0.947814	-0.4633	-2.03229	-0.405298	1.16938	-0.483746	-1.86171	-0.949469	-0.451974	-2.02462	-0.398328	1.15686	-0.47911	-8.88178e-16	1.87517	6.04816	10.0173	0.245261	1.60757	3.2045e-07	0.00838125	-0.143843	-2.07985	0.0414519	0.0491408	-2.4906e-08	
1.39	0.413993	1.94509	7.28056	10.62	0.348512	1.73763	-0.00990972	-1.86931	-0.943666	-0.485918	-2.04633	-0.418811	1.19406	-0.492335	-0.218153	0.232458	-1.12876	-0.662327	-0.661761	1.22106	-0.41005	24.3187	26.1068	2.23517	41.9617	14.7223	-13.8283	20.1166	-0.409629	-1.96592	-7.2345	-10.6044	-0.345465	-1.7369	0.00963404	-1.86702	-0.945874	-0.474618	-2.03952	-0.412128	1.18178	-0.488146	-1.86449	-0.947814	-0.4633	-2.03229	-0.405298	1.16938	-0.483746	1.33227e-15	1.82721	6.16408	10.0667	0.247097	1.60777	2.99869e-07	0.00926278	-0.153266	-2.08816	0.0380653	0.04862	-3.00391e-08	
1.4	0.415688	1.8348	7.46112	10.6951	0.357437	1.73933	-0.0106399	-1.87135	-0.941208	-0.497186	-2.05273	-0.425344	1.20618	-0.496337	-0.193238	0.256538	-1.12507	-0.620842	-0.646383	1.20556	-0.392675	24.9147	24.0803	3.69549	41.4848	15.378	-15.4972	17.3748	-0.415481	-1.86208	-7.41847	-10.6793	-0.354881	-1.73924	0.0104299	-1.86931	-0.943666	-0.485918	-2.04633	-0.418811	1.19406	-0.492335	-1.86702	-0.945874	-0.474618	-2.03952	-0.412128	1.18178	-0.488146	0	1.77958	6.27726	10.1139	0.24886	1.60796	2.55036e-07	0.010589	-0.162025	-2.09424	0.035129	0.0483888	-3.81572e-08	
1.41	0.419685	1.7253	7.6473	10.7689	0.36703	1.74164	-0.0114637	-1.87315	-0.938521	-0.508409	-2.05871	-0.431723	1.21815	-0.500174	-0.168324	0.278592	-1.12021	-0.580311	-0.631005	1.1884	-0.37691	24.9147	22.0537	4.85778	40.5312	15.378	-17.1661	15.7654	-0.417995	-1.74714	-7.60826	-10.7582	-0.36472	-1.74158	0.0112431	-1.87135	-0.941208	-0.497186	-2.05273	-0.425344	1.20618	-0.496337	-1.86931	-0.943666	-0.485918	-2.04633	-0.418811	1.19406	-0.492335	1.33227e-15	1.73253	6.38762	10.1587	0.250553	1.60814	3.70912e-07	0.0121431	-0.172754	-2.10453	0.0323824	0.0478165	-4.12879e-08	
1.42	0.408864	1.60717	7.80548	10.8469	0.373017	1.74326	-0.0118835	-1.87469	-0.935625	-0.519574	-2.0643	-0.437942	1.22993	-0.503865	-0.142932	0.298321	-1.11336	-0.540972	-0.614613	1.16956	-0.363231	25.3916	19.7291	6.85453	39.3391	16.3912	-18.8351	13.6793	-0.42044	-1.64	-7.78714	-10.8246	-0.373436	-1.74308	0.012005	-1.87315	-0.938521	-0.508409	-2.05871	-0.431723	1.21815	-0.500174	-1.87135	-0.941208	-0.497186	-2.05273	-0.425344	1.20618	-0.496337	8.88178e-16	1.68633	6.49509	10.2012	0.252178	1.60831	3.62169e-07	0.0135069	-0.18272	-2.11027	0.0291267	0.0469096	-4.61167e-08	
1.43	0.416104	1.50561	7.99133	10.9066	0.382624	1.74473	-0.012772	-1.87598	-0.932544	-0.530668	-2.06949	-0.444	1.24152	-0.507429	-0.117898	0.315964	-1.10596	-0.50211	-0.598401	1.1493	-0.350952	25.034	17.6429	7.39098	38.8622	16.2125	-20.2656	12.2786	-0.41585	-1.52513	-7.95877	-10.8948	-0.381041	-1.74443	0.0126274	-1.87469	-0.935625	-0.519574	-2.0643	-0.437942	1.22993	-0.503865	-1.87315	-0.938521	-0.508409	-2.05871	-0.431723	1.21815	-0.500174	-4.44089e-16	1.64121	6.59959	10.2415	0.253738	1.60848	2.83074e-07	0.0157595	-0.192127	-2.11753	0.0270442	0.0458776	-5.1666e-08	
1.44	0.410442	1.39532	8.15546	10.9723	0.389705	1.74595	-0.0133593	-1.87703	-0.929299	-0.541676	-2.07431	-0.449893	1.25289	-0.510882	-0.092864	0.331283	-1.09655	-0.464678	-0.58198	1.12736	-0.34076	25.034	15.3184	9.41753	37.4317	16.4211	-21.9345	10.1924	-0.410874	-1.42076	-8.11544	-10.9538	-0.38773	-1.74488	0.0131943	-1.87598	-0.932544	-0.530668	-2.06949	-0.444	1.24152	-0.507429	-1.87469	-0.935625	-0.519574	-2.0643	-0.437942	1.22993	-0.503865	1.77636e-15	1.59741	6.70108	10.2795	0.255232	1.60863	3.64773e-07	0.0164315	-0.198402	-2.12395	0.0236005	0.0443163	-5.58921e-08	
1.45	0.40215	1.2844	8.31617	11.0374	0.396014	1.74727	-0.0138763	-1.87781	-0.925914	-0.552583	-2.07875	-0.455619	1.26403	-0.514238	-0.0675917	0.344038	-1.08582	-0.428438	-0.565082	1.10364	-0.33164	25.2724	12.7554	10.7288	36.2396	16.8979	-23.7226	9.11951	-0.405746	-1.30564	-8.29061	-11.0258	-0.395232	-1.74741	0.0138286	-1.87703	-0.929299	-0.541676	-2.07431	-0.449893	1.25289	-0.510882	-1.87598	-0.932544	-0.530668	-2.06949	-0.444	1.24152	-0.507429	2.22045e-15	1.55517	6.79952	10.3152	0.256665	1.60878	3.58891e-07	0.0198287	-0.210642	-2.13079	0.022284	0.0440724	-5.92167e-08	
1.46	0.398718	1.18437	8.47545	11.0872	0.40293	1.74753	-0.0145179	-1.87836	-0.922414	-0.563375	-2.08284	-0.461177	1.27493	-0.517508	-0.0429153	0.354588	-1.07348	-0.392914	-0.548303	1.07789	-0.323534	24.6763	10.55	12.3382	35.5244	16.7787	-25.7492	8.10623	-0.406858	-1.21472	-8.4479	-11.0669	-0.402391	-1.74687	0.0145218	-1.87781	-0.925914	-0.552583	-2.07875	-0.455619	1.26403	-0.514238	-1.87703	-0.929299	-0.541676	-2.07431	-0.449893	1.25289	-0.510882	0	1.51473	6.89488	10.3487	0.258036	1.60893	4.44713e-07	0.0200712	-0.218049	-2.13571	0.018782	0.0424206	-6.35368e-08	
1.47	0.397595	1.08493	8.64365	11.1415	0.410029	1.74928	-0.0151974	-1.87865	-0.918822	-0.574037	-2.08658	-0.466565	1.28556	-0.520702	-0.0187159	0.362575	-1.05995	-0.359058	-0.531018	1.05071	-0.316143	24.1995	7.98702	13.5303	33.8554	17.2853	-27.1797	7.39098	-0.397448	-1.10122	-8.6142	-11.1332	-0.408922	-1.74904	0.0150822	-1.87836	-0.922414	-0.563375	-2.08284	-0.461177	1.27493	-0.517508	-1.87781	-0.925914	-0.552583	-2.07875	-0.455619	1.26403	-0.514238	8.88178e-16	1.47628	6.98713	10.3801	0.259351	1.60907	3.95145e-07	0.0236232	-0.229221	-2.1463	0.0173544	0.0417645	-6.72292e-08	
1.48	0.384266	0.98003	8.79064	11.1957	0.41527	1.74951	-0.0156289	-1.87871	-0.915163	-0.584552	-2.08999	-0.471783	1.29592	-0.523829	0.00524521	0.368059	-1.04433	-0.326633	-0.514001	1.02234	-0.309765	23.9611	5.48363	15.6164	32.4249	17.0171	-28.3718	6.37767	-0.382631	-0.995613	-8.75748	-11.1882	-0.413958	-1.74918	0.0154835	-1.87865	-0.918822	-0.574037	-2.08658	-0.466565	1.28556	-0.520702	-1.87836	-0.922414	-0.563375	-2.08284	-0.461177	1.27493	-0.517508	1.77636e-15	1.44003	7.07626	10.4093	0.260607	1.60921	3.96036e-07	0.0252123	-0.236241	-2.15326	0.0142415	0.0394256	-7.05656e-08	
1.49	0.382751	0.888176	8.9516	11.2379	0.422343	1.75027	-0.0163469	-1.87853	-0.911464	-0.594904	-2.09309	-0.476831	1.30597	-0.526893	0.0286102	0.371039	-1.02752	-0.295162	-0.49752	0.991464	-0.303805	23.365	2.98023	16.8085	31.4712	16.4807	-30.8753	5.96046	-0.378517	-0.903277	-8.91298	-11.2344	-0.419958	-1.75019	0.0160712	-1.87871	-0.915163	-0.584552	-2.08999	-0.471783	1.29592	-0.523829	-1.87865	-0.918822	-0.574037	-2.08658	-0.466565	1.28556	-0.520702	8.88178e-16	1.40617	7.16228	10.4364	0.261809	1.60934	4.24175e-07	0.0267263	-0.245971	-2.15935	0.0118243	0.0378492	-7.05707e-08	
1.5	0.37004	0.794826	9.09076	11.2838	0.426815	1.75046	-0.016743	-1.87811	-0.907749	-0.605076	-2.09587	-0.48171	1.31571	-0.5299	0.05126	0.371277	-1.00845	-0.265598	-0.480324	0.959635	-0.297904	22.6498	0.238419	19.0735	29.5639	17.1959	-31.8289	5.90086	-0.366501	-0.799497	-9.06834	-11.2862	-0.42593	-1.75125	0.0166232	-1.87853	-0.911464	-0.594904	-2.09309	-0.476831	1.30597	-0.526893	-1.87871	-0.915163	-0.584552	-2.08999	-0.471783	1.29592	-0.523829	0	1.37488	7.24519	10.4615	0.262957	1.60946	3.81126e-07	0.0282298	-0.25562	-2.16753	0.00983615	0.0359142	-7.20411e-08	
1.51	0.361556	0.703762	9.24141	11.3301	0.432101	1.75209	-0.017273	-1.87748	-0.904045	-0.61505	-2.09838	-0.48642	1.32512	-0.532849	0.0729561	0.369191	-0.988007	-0.237465	-0.463188	0.925541	-0.292361	21.6961	-2.08616	20.4445	28.1334	17.1363	-34.0939	5.54323	-0.363223	-0.716419	-9.21927	-11.3242	-0.431741	-1.75199	0.0172285	-1.87811	-0.907749	-0.605076	-2.09587	-0.48171	1.31571	-0.5299	-1.87853	-0.911464	-0.594904	-2.09309	-0.476831	1.30597	-0.526893	0	1.34631	7.32501	10.4845	0.264052	1.60959	3.38069e-07	0.0290879	-0.266314	-2.17461	0.00806337	0.0338501	-7.30324e-08	
1.52	0.346517	0.614345	9.37668	11.3672	0.436675	1.75132	-0.017699	-1.87663	-0.900376	-0.624809	-2.1006	-0.490963	1.33419	-0.535742	0.0942945	0.364482	-0.965595	-0.210524	-0.446767	0.890374	-0.286579	21.3385	-4.70877	22.4113	26.9413	16.4211	-35.1667	5.78165	-0.351677	-0.62943	-9.35932	-11.3658	-0.436356	-1.75271	0.0176803	-1.87748	-0.904045	-0.61505	-2.09838	-0.48642	1.32512	-0.532849	-1.87811	-0.907749	-0.605076	-2.09587	-0.48171	1.31571	-0.5299	0	1.32062	7.40175	10.5054	0.265094	1.60971	3.39881e-07	0.0321539	-0.277345	-2.18368	0.00635897	0.0327727	-7.59743e-08	
1.53	0.334274	0.53178	9.51402	11.4106	0.441049	1.7529	-0.0181301	-1.87558	-0.896769	-0.634334	-2.10257	-0.495342	1.34289	-0.538575	0.114083	0.357151	-0.941157	-0.185728	-0.430465	0.853181	-0.280321	19.7887	-7.33137	24.4379	24.7955	16.3019	-37.1933	6.25849	-0.337966	-0.543584	-9.49674	-11.4047	-0.440877	-1.75296	0.0181197	-1.87663	-0.900376	-0.624809	-2.1006	-0.490963	1.33419	-0.535742	-1.87748	-0.904045	-0.61505	-2.09838	-0.48642	1.32512	-0.532849	-8.88178e-16	1.29794	7.47547	10.5244	0.266086	1.60982	2.93686e-07	0.033514	-0.285323	-2.19305	0.0050074	0.0306049	-7.74456e-08	
1.54	0.322037	0.449028	9.65674	11.4496	0.445839	1.75387	-0.0186168	-1.87433	-0.893249	-0.643606	-2.1043	-0.499558	1.35121	-0.541347	0.133395	0.347376	-0.915408	-0.162125	-0.414312	0.814676	-0.27436	19.3119	-9.77516	25.7492	23.6034	16.1529	-38.5046	5.96046	-0.319909	-0.465415	-9.6164	-11.4394	-0.444035	-1.75262	0.0184059	-1.87558	-0.896769	-0.634334	-2.10257	-0.495342	1.34289	-0.538575	-1.87663	-0.900376	-0.624809	-2.1006	-0.490963	1.33419	-0.535742	8.88178e-16	1.27836	7.54619	10.5415	0.267027	1.60993	3.18713e-07	0.0356121	-0.291689	-2.19323	0.00165592	0.0282464	-7.82089e-08	
1.55	0.311257	0.373205	9.79783	11.4937	0.450404	1.75664	-0.019091	-1.8729	-0.88984	-0.652607	-2.1058	-0.503614	1.35914	-0.544049	0.151038	0.335038	-0.887394	-0.140667	-0.398636	0.774383	-0.26685	17.643	-12.3382	28.0142	21.4577	15.676	-40.2927	7.51019	-0.30784	-0.381494	-9.76624	-11.4876	-0.448965	-1.75576	0.0189172	-1.87433	-0.893249	-0.643606	-2.1043	-0.499558	1.35121	-0.541347	-1.87558	-0.896769	-0.634334	-2.10257	-0.495342	1.34289	-0.538575	1.77636e-15	1.26199	7.61397	10.5566	0.267918	1.61004	2.6876e-07	0.036973	-0.303043	-2.20431	0.00204049	0.0266649	-7.8247e-08	
1.56	0.296073	0.305173	9.92013	11.5181	0.45415	1.75559	-0.0194753	-1.87129	-0.886568	-0.661315	-2.10709	-0.507514	1.36665	-0.546674	0.168085	0.320256	-0.857234	-0.119925	-0.383139	0.733018	-0.258744	17.0469	-14.782	30.16	20.7424	15.4972	-41.3656	8.10623	-0.295311	-0.315526	-9.89097	-11.5159	-0.452874	-1.75587	0.0193271	-1.8729	-0.88984	-0.652607	-2.1058	-0.503614	1.35914	-0.544049	-1.87433	-0.893249	-0.643606	-2.1043	-0.499558	1.35121	-0.541347	-2.66454e-15	1.2489	7.67885	10.5698	0.268759	1.61015	2.45911e-07	0.0383001	-0.312331	-2.21464	3.73866e-05	0.0246312	-7.74568e-08	
1.57	0.273464	0.232193	10.0383	11.5568	0.456963	1.75682	-0.0197284	-1.86952	-0.883456	-0.66971	-2.10819	-0.511261	1.37374	-0.549214	0.183463	0.303328	-0.824749	-0.101328	-0.367939	0.689506	-0.249922	15.378	-16.9277	32.4845	18.5966	15.1992	-43.5114	8.8215	-0.285599	-0.256649	-10.0165	-11.5396	-0.456925	-1.75621	0.0197858	-1.87129	-0.886568	-0.661315	-2.10709	-0.507514	1.36665	-0.546674	-1.8729	-0.88984	-0.652607	-2.1058	-0.503614	1.35914	-0.544049	2.66454e-15	1.23914	7.74088	10.5812	0.269549	1.61025	2.62478e-07	0.0388859	-0.321915	-2.21735	-0.00115068	0.0224397	-7.71943e-08	
1.58	0.259387	0.170608	10.1649	11.5892	0.460698	1.75854	-0.0201311	-1.86761	-0.880529	-0.677773	-2.1091	-0.514858	1.38039	-0.551658	0.197768	0.283837	-0.790596	-0.0841618	-0.353217	0.644445	-0.239849	14.3051	-19.4907	34.1535	17.1661	14.7223	-45.0611	10.0732	-0.270019	-0.185465	-10.1541	-11.5791	-0.461183	-1.75849	0.0202282	-1.86952	-0.883456	-0.66971	-2.10819	-0.511261	1.37374	-0.549214	-1.87129	-0.886568	-0.661315	-2.10709	-0.507514	1.36665	-0.546674	8.88178e-16	1.23275	7.80013	10.5907	0.27029	1.61034	3.01963e-07	0.0411869	-0.333322	-2.22655	-0.00142997	0.0208667	-7.60753e-08	
1.59	0.255896	0.128572	10.2908	11.6041	0.465003	1.75896	-0.0206573	-1.86556	-0.87781	-0.685481	-2.10985	-0.518308	1.38659	-0.553994	0.210524	0.261962	-0.754356	-0.0681877	-0.338495	0.598431	-0.228465	12.7554	-21.8749	36.2396	15.974	14.7223	-46.0147	11.3845	-0.243823	-0.12987	-10.2461	-11.6069	-0.462381	-1.75799	0.0202822	-1.86761	-0.880529	-0.677773	-2.1091	-0.514858	1.38039	-0.551658	-1.86952	-0.883456	-0.66971	-2.10819	-0.511261	1.37374	-0.549214	-8.88178e-16	1.22978	7.85664	10.5984	0.270979	1.61043	2.7763e-07	0.0456942	-0.339154	-2.23234	-0.00313488	0.0193324	-7.76937e-08	
1.6	0.247713	0.0845832	10.4141	11.6292	0.468903	1.76105	-0.0211098	-1.86339	-0.87532	-0.692813	-2.11046	-0.521616	1.39231	-0.556209	0.221848	0.237942	-0.715852	-0.054121	-0.324607	0.550508	-0.216007	11.3249	-24.0207	38.5046	14.0667	13.8879	-47.9221	12.4574	-0.239701	-0.0838785	-10.3812	-11.6282	-0.467303	-1.75988	0.0208809	-1.86556	-0.87781	-0.685481	-2.10985	-0.518308	1.38659	-0.553994	-1.86761	-0.880529	-0.677773	-2.1091	-0.514858	1.38039	-0.551658	1.77636e-15	1.23021	7.91047	10.6042	0.271617	1.61051	2.64491e-07	0.0441748	-0.350685	-2.24178	-0.00349894	0.0170628	-7.59044e-08	
1.61	0.219442	0.0254665	10.5201	11.6643	0.470875	1.7623	-0.0212487	-1.86111	-0.873081	-0.69975	-2.11093	-0.524785	1.39754	-0.558289	0.232697	0.211954	-0.675201	-0.0414848	-0.310719	0.501394	-0.201464	10.848	-25.9876	40.6504	12.6362	13.8879	-49.1142	14.5435	-0.232373	-0.0440307	-10.5047	-11.6522	-0.471157	-1.76208	0.0213308	-1.86339	-0.87532	-0.692813	-2.11046	-0.521616	1.39231	-0.556209	-1.86556	-0.87781	-0.685481	-2.10985	-0.518308	1.38659	-0.553994	0	1.23404	7.96169	10.6082	0.272202	1.61059	2.50275e-07	0.0456914	-0.361331	-2.25134	-0.00388127	0.0155401	-7.51017e-08	
1.62	0.212777	-0.00248599	10.6311	11.6746	0.474432	1.76277	-0.0216807	-1.85874	-0.871114	-0.706267	-2.11128	-0.527818	1.40228	-0.560219	0.241399	0.18388	-0.632226	-0.0298023	-0.297129	0.45085	-0.185668	8.70228	-28.0738	42.9749	11.6825	13.5899	-50.5448	15.7952	-0.213255	-8.58494e-05	-10.6114	-11.6774	-0.473825	-1.76349	0.0216017	-1.86111	-0.873081	-0.69975	-2.11093	-0.524785	1.39754	-0.558289	-1.86339	-0.87532	-0.692813	-2.11046	-0.521616	1.39231	-0.556209	0	1.24125	8.01033	10.6105	0.272733	1.61067	2.0585e-07	0.0483379	-0.369897	-2.25687	-0.00432428	0.01447	-7.40195e-08	
1.63	0.205992	-0.0297942	10.7469	11.6971	0.477979	1.76573	-0.0220911	-1.85628	-0.869439	-0.712345	-2.11152	-0.530719	1.4065	-0.561984	0.248909	0.153661	-0.587285	-0.0200272	-0.284195	0.398636	-0.168443	7.51019	-30.2195	44.9418	9.77516	12.9342	-52.2137	17.2257	-0.201764	0.0328017	-10.7241	-11.6951	-0.47715	-1.7647	0.0219746	-1.85874	-0.871114	-0.706267	-2.11128	-0.527818	1.40228	-0.560219	-1.86111	-0.873081	-0.69975	-2.11093	-0.524785	1.39754	-0.558289	-1.77636e-15	1.25182	8.05645	10.6109	0.273209	1.61073	2.20015e-07	0.050026	-0.380297	-2.2629	-0.00496204	0.0125861	-7.40415e-08	
1.64	0.191111	-0.0598276	10.8526	11.7141	0.481039	1.76683	-0.0224131	-1.85376	-0.868074	-0.717962	-2.11167	-0.53349	1.4102	-0.563567	0.255585	0.122011	-0.540257	-0.0109673	-0.271261	0.345349	-0.149369	6.67574	-31.6501	47.0281	9.05991	12.9342	-53.2866	19.0735	-0.194369	0.0559016	-10.8355	-11.7157	-0.480527	-1.76759	0.0223606	-1.85628	-0.869439	-0.712345	-2.11152	-0.530719	1.4065	-0.561984	-1.85874	-0.871114	-0.706267	-2.11128	-0.527818	1.40228	-0.560219	-8.88178e-16	1.26571	8.10009	10.6095	0.273628	1.61079	1.6068e-07	0.0503432	-0.389232	-2.27022	-0.00454835	0.0112453	-7.14399e-08	
1.65	0.182464	-0.0542481	10.9166	11.7119	0.481426	1.76705	-0.0224852	-1.85117	-0.867036	-0.723096	-2.11174	-0.536134	1.41335	-0.564948	0.26083	0.0885129	-0.491261	-0.00333786	-0.258982	0.290394	-0.128984	5.24521	-33.4978	48.995	7.62939	12.2786	-54.9555	20.3848	-0.187469	0.0600545	-10.9202	-11.7198	-0.48236	-1.76839	0.0225857	-1.85376	-0.868074	-0.717962	-2.11167	-0.53349	1.4102	-0.563567	-1.85628	-0.869439	-0.712345	-2.11152	-0.530719	1.4065	-0.561984	-2.66454e-15	1.28287	8.14127	10.6063	0.273988	1.61084	1.62861e-07	0.0500074	-0.394546	-2.27534	-0.00565687	0.00938668	-7.09015e-08	
1.66	0.163188	0.0290645	10.8212	11.6438	0.470736	1.75777	-0.0213528	-1.84854	-0.866336	-0.727738	-2.11173	-0.538654	1.41595	-0.566119	0.265002	0.0546575	-0.44179	0.00333786	-0.246644	0.236392	-0.107646	4.17233	-33.8554	49.4719	6.67572	12.3382	-54.0018	21.3385	-0.169638	-0.0069787	-10.8563	-11.6652	-0.473895	-1.76115	0.0216985	-1.85117	-0.867036	-0.723096	-2.11174	-0.536134	1.41335	-0.564948	-1.85376	-0.868074	-0.717962	-2.11167	-0.53349	1.4102	-0.563567	-2.66454e-15	1.30321	8.18005	10.6013	0.274289	1.61088	1.06937e-07	0.0485301	-0.381708	-2.26661	-0.00535966	0.00827958	-6.72134e-08	
1.67	0.139687	0.147183	10.6546	11.5578	0.455013	1.74672	-0.0196492	-1.84587	-0.865967	-0.731897	-2.11167	-0.541059	1.41803	-0.567082	0.268102	0.0224113	-0.39506	0.00834465	-0.235915	0.18537	-0.0873804	3.09944	-32.2461	46.73	5.00679	10.7288	-51.0216	20.2656	-0.155569	-0.133526	-10.6969	-11.5621	-0.459302	-1.74817	0.020188	-1.84854	-0.866336	-0.727738	-2.11173	-0.538654	1.41595	-0.566119	-1.85117	-0.867036	-0.723096	-2.11174	-0.536134	1.41335	-0.564948	-8.88178e-16	1.32651	8.21659	10.5946	0.274532	1.61092	1.2438e-07	0.0439906	-0.35315	-2.24165	-0.00588808	0.00698658	-6.17461e-08	
1.68	0.118199	0.294103	10.4405	11.446	0.436326	1.73232	-0.0176379	-1.84318	-0.865909	-0.735606	-2.11156	-0.54336	1.41963	-0.567853	0.270247	-0.00745058	-0.351787	0.0126362	-0.225782	0.13876	-0.0688434	2.14577	-29.8619	43.273	4.29153	10.1328	-46.6108	18.537	-0.127329	-0.269585	-10.4859	-11.4599	-0.440631	-1.73436	0.0181374	-1.84587	-0.865967	-0.731897	-2.11167	-0.541059	1.41803	-0.567082	-1.84854	-0.866336	-0.727738	-2.11173	-0.538654	1.41595	-0.566119	8.88178e-16	1.35248	8.25108	10.5864	0.274723	1.61094	1.07231e-07	0.0411957	-0.319474	-2.21491	-0.00418968	0.00679303	-5.51689e-08	
1.69	0.0981797	0.449466	10.2135	11.3331	0.416875	1.71791	-0.0155158	-1.84047	-0.866135	-0.738904	-2.11142	-0.545569	1.42078	-0.568451	0.271678	-0.0346303	-0.312746	0.0157356	-0.21702	0.097394	-0.0526309	1.43051	-27.1797	39.041	3.09944	8.76188	-41.3656	16.2125	-0.102419	-0.420845	-10.2547	-11.3514	-0.420798	-1.72005	0.0159441	-1.84318	-0.865909	-0.735606	-2.11156	-0.54336	1.41963	-0.567853	-1.84587	-0.865967	-0.731897	-2.11167	-0.541059	1.41803	-0.567082	-8.88178e-16	1.3808	8.28376	10.5768	0.274868	1.61097	6.17617e-08	0.0368842	-0.280913	-2.18327	-0.00467829	0.00542766	-4.93438e-08	
1.7	0.0847321	0.61176	9.98618	11.2093	0.398379	1.70245	-0.0135259	-1.83775	-0.866615	-0.741837	-2.11124	-0.5477	1.42155	-0.568898	0.272393	-0.058651	-0.277877	0.0185966	-0.209808	0.0606775	-0.0389218	0.715256	-24.0207	34.8687	2.86102	7.21216	-36.7165	13.7091	-0.0893745	-0.58041	-10.0346	-11.2331	-0.402304	-1.70569	0.0139642	-1.84047	-0.866135	-0.738904	-2.11142	-0.545569	1.42078	-0.568451	-1.84318	-0.865909	-0.735606	-2.11156	-0.54336	1.41963	-0.567853	-1.77636e-15	1.41116	8.31486	10.566	0.274971	1.61098	9.45637e-08	0.0326575	-0.246306	-2.15725	-0.00382379	0.00517495	-4.31479e-08	
1.71	0.0680078	0.759416	9.77557	11.0993	0.380861	1.68837	-0.0116049	-1.83503	-0.867318	-0.744447	-2.11104	-0.549762	1.42198	-0.569217	0.272751	-0.079453	-0.247478	0.0207424	-0.203371	0.0290871	-0.0265837	0.357628	-20.802	30.3984	2.14577	6.4373	-31.5905	12.3382	-0.0720149	-0.727866	-9.82348	-11.1242	-0.384693	-1.69169	0.0120256	-1.83775	-0.866615	-0.741837	-2.11124	-0.5477	1.42155	-0.568898	-1.84047	-0.866135	-0.738904	-2.11142	-0.545569	1.42078	-0.568451	2.66454e-15	1.44325	8.34458	10.5541	0.27504	1.61099	8.56447e-08	0.0275912	-0.211378	-2.1299	-0.00371846	0.0038696	-3.71067e-08	
1.72	0.06597	0.902356	9.60813	11.0018	0.366437	1.67796	-0.0100753	-1.8323	-0.868215	-0.746779	-2.11083	-0.551767	1.42212	-0.569427	0.27287	-0.097692	-0.221789	0.0221729	-0.198245	0.00178814	-0.0166297	0.119209	-18.239	25.6896	1.43051	5.126	-27.2989	9.95397	-0.050614	-0.861798	-9.62607	-11.0347	-0.367488	-1.68023	0.0100854	-1.83503	-0.867318	-0.744447	-2.11104	-0.549762	1.42198	-0.569217	-1.83775	-0.866615	-0.741837	-2.11124	-0.5477	1.42155	-0.568898	1.77636e-15	1.47683	8.37313	10.5412	0.27508	1.611	9.85016e-08	0.0252499	-0.177809	-2.10414	-0.00321834	0.00364471	-3.2057e-08	
1.73	0.0453149	1.0196	9.44069	10.9225	0.351654	1.66756	-0.00838881	-1.82957	-0.869278	-0.748868	-2.1106	-0.553722	1.42201	-0.569544	0.27287	-0.11301	-0.199199	0.0231266	-0.193715	-0.0212193	-0.00798702	0	-15.3184	22.5902	0.953674	4.52995	-23.0074	8.64267	-0.0548265	-1.00433	-9.4726	-10.9331	-0.354596	-1.66939	0.00874645	-1.8323	-0.868215	-0.746779	-2.11083	-0.551767	1.42212	-0.569427	-1.83503	-0.867318	-0.744447	-2.11104	-0.549762	1.42198	-0.569217	-8.88178e-16	1.51162	8.40066	10.5276	0.275094	1.611	7.59594e-08	0.019334	-0.152094	-2.08179	-0.0027437	0.00293449	-2.78988e-08	
1.74	0.0473209	1.14831	9.30508	10.8306	0.34003	1.65765	-0.00716985	-1.82684	-0.870485	-0.750753	-2.11037	-0.555636	1.42169	-0.569582	0.272512	-0.126362	-0.180006	0.0243187	-0.189841	-0.0408888	-0.000596046	-0.357628	-13.3514	19.1927	1.19209	3.8743	-19.6695	7.39098	-0.0411979	-1.11602	-9.33121	-10.858	-0.341761	-1.66051	0.00731707	-1.82957	-0.869278	-0.748868	-2.1106	-0.553722	1.42201	-0.569544	-1.8323	-0.868215	-0.746779	-2.11083	-0.551767	1.42212	-0.569427	8.88178e-16	1.54746	8.42733	10.5133	0.275087	1.61101	4.60871e-08	0.0184387	-0.130397	-2.06129	-0.00154537	0.00308172	-2.29542e-08	
1.75	0.0320306	1.24265	9.19166	10.7769	0.328621	1.65166	-0.00586311	-1.82411	-0.871812	-0.752462	-2.11012	-0.557515	1.42118	-0.569551	0.272512	-0.137568	-0.163913	0.0245571	-0.186503	-0.0576973	0.00572205	0	-11.2057	16.0933	0.238419	3.33786	-16.8085	6.31809	-0.0397203	-1.23085	-9.21193	-10.778	-0.331178	-1.65178	0.00618336	-1.82684	-0.870485	-0.750753	-2.11037	-0.555636	1.42169	-0.569582	-1.82957	-0.869278	-0.748868	-2.1106	-0.553722	1.42201	-0.569544	3.55271e-15	1.58416	8.45328	10.4984	0.275062	1.611	2.02112e-08	0.0133404	-0.108489	-2.04721	-0.00170081	0.00177502	-1.79587e-08	
1.76	0.0279326	1.34576	9.08656	10.709	0.318993	1.64413	-0.00479809	-1.82139	-0.873241	-0.754021	-2.10987	-0.559366	1.42053	-0.569461	0.272036	-0.147223	-0.149727	0.0250339	-0.184	-0.0715256	0.0113249	-0.476837	-9.65595	14.1859	0.476837	2.5034	-13.8283	5.60284	-0.0366063	-1.33285	-9.11189	-10.713	-0.321665	-1.64511	0.00514506	-1.82411	-0.871812	-0.752462	-2.11012	-0.557515	1.42118	-0.569551	-1.82684	-0.870485	-0.750753	-2.11037	-0.555636	1.42169	-0.569582	0	1.62157	8.47859	10.483	0.275019	1.611	1.1293e-07	0.0098703	-0.0899407	-2.03334	-0.00144956	0.000943549	-1.48004e-08	
1.77	0.0367213	1.44467	9.01966	10.6384	0.312641	1.63752	-0.00417596	-1.81867	-0.874757	-0.755456	-2.10962	-0.561193	1.41975	-0.569318	0.271559	-0.155032	-0.138402	0.0259876	-0.181854	-0.0829697	0.0168085	-0.476837	-7.80821	11.3249	0.953674	2.14577	-11.4441	5.48363	-0.0225472	-1.41186	-9.02789	-10.6665	-0.312788	-1.63975	0.00411402	-1.82139	-0.873241	-0.754021	-2.10987	-0.559366	1.42053	-0.569461	-1.82411	-0.871812	-0.752462	-2.11012	-0.557515	1.42118	-0.569551	-8.88178e-16	1.65956	8.50339	10.4671	0.274964	1.611	8.09361e-08	0.0108285	-0.0761475	-2.01857	4.45656e-05	0.00129979	-1.21762e-08	
1.78	0.0204604	1.51074	8.95496	10.6092	0.30456	1.63467	-0.00321017	-1.81596	-0.876345	-0.756784	-2.10936	-0.562999	1.41887	-0.569124	0.271559	-0.161767	-0.128627	0.0257492	-0.179887	-0.0931024	0.0213981	0	-6.73531	9.77516	-0.238419	1.96695	-10.1328	4.58956	-0.0247823	-1.50204	-8.96147	-10.6079	-0.305976	-1.63408	0.00338881	-1.81867	-0.874757	-0.755456	-2.10962	-0.561193	1.41975	-0.569318	-1.82139	-0.873241	-0.754021	-2.10987	-0.559366	1.42053	-0.569461	0	1.69803	8.52773	10.4509	0.274896	1.61099	8.4036e-08	0.0087471	-0.0639237	-2.01154	5.57665e-05	0.000668965	-8.79901e-09	
1.79	0.022637	1.5906	8.90735	10.5575	0.299058	1.62996	-0.00263342	-1.81324	-0.877993	-0.758022	-2.1091	-0.564789	1.41789	-0.568883	0.271082	-0.16731	-0.120342	0.026226	-0.178099	-0.101089	0.0261664	-0.476837	-5.54323	8.28505	0.476837	1.78814	-7.98702	4.76837	-0.0169356	-1.5719	-8.90842	-10.5673	-0.29971	-1.63006	0.00267163	-1.81596	-0.876345	-0.756784	-2.10936	-0.562999	1.41887	-0.569124	-1.81867	-0.874757	-0.755456	-2.10962	-0.561193	1.41975	-0.569318	8.88178e-16	1.73691	8.55169	10.4344	0.274816	1.61098	2.62395e-08	0.00783837	-0.0512981	-2.00073	0.00112148	0.000786195	-6.76552e-09	
1.8	0.0150365	1.65512	8.86425	10.5191	0.293717	1.62603	-0.00201522	-1.81054	-0.879692	-0.759185	-2.10883	-0.566565	1.41684	-0.568594	0.270844	-0.1719	-0.113189	0.0264645	-0.177026	-0.107884	0.0309348	-0.238419	-4.58956	7.15256	0.238419	1.07288	-6.79493	4.76837	-0.0116907	-1.64035	-8.86428	-10.5297	-0.294077	-1.62665	0.00202863	-1.81324	-0.877993	-0.758022	-2.1091	-0.564789	1.41789	-0.568883	-1.81596	-0.876345	-0.756784	-2.10936	-0.562999	1.41887	-0.569124	-8.88178e-16	1.7761	8.57532	10.4177	0.274725	1.61097	8.76117e-08	0.00590025	-0.0404052	-1.99482	-0.000236641	-0.000762879	-3.56428e-09	
1.81	0.0108776	1.71581	8.83703	10.4851	0.289408	1.62335	-0.00153533	-1.80783	-0.881434	-0.760283	-2.10857	-0.568329	1.41573	-0.568259	0.270605	-0.175714	-0.107288	0.0267029	-0.176013	-0.113845	0.035882	-0.238419	-3.8147	5.90086	0.238419	1.01328	-5.96046	4.94719	-0.0163081	-1.70645	-8.84922	-10.4935	-0.290672	-1.62481	0.00169294	-1.81054	-0.879692	-0.759185	-2.10883	-0.566565	1.41684	-0.568594	-1.81324	-0.877993	-0.758022	-2.1091	-0.564789	1.41789	-0.568883	1.77636e-15	1.81555	8.59868	10.4007	0.274623	1.61096	7.56133e-08	0.00416737	-0.0366173	-1.98992	0.00149602	-0.000824848	-5.08969e-10	
1.82	0.0129887	1.77711	8.82488	10.4539	0.286137	1.62177	-0.0011904	-1.80513	-0.883211	-0.761328	-2.1083	-0.570083	1.41457	-0.567876	0.270128	-0.178993	-0.102401	0.0267029	-0.174999	-0.118494	0.0403523	-0.476837	-3.27826	4.88758	0	1.01328	-4.64916	4.47034	-0.00944848	-1.76627	-8.81641	-10.4576	-0.286008	-1.62114	0.0011544	-1.80783	-0.881434	-0.760283	-2.10857	-0.568329	1.41573	-0.568259	-1.81054	-0.879692	-0.759185	-2.10883	-0.566565	1.41684	-0.568594	2.66454e-15	1.85522	8.62179	10.3834	0.274512	1.61094	9.27632e-09	0.00434197	-0.029184	-1.98435	0.000611059	-0.00176738	1.91897e-09	
1.83	0.0177565	1.84305	8.80918	10.4177	0.282979	1.61945	-0.000865921	-1.80243	-0.885019	-0.762325	-2.10804	-0.571829	1.41336	-0.567442	0.269532	-0.182033	-0.0978112	0.0267029	-0.174165	-0.122309	0.0455379	-0.596046	-3.03984	4.58956	0	0.834465	-3.8147	5.1856	-0.0109025	-1.82486	-8.80757	-10.4282	-0.283023	-1.61962	0.000836106	-1.80513	-0.883211	-0.761328	-2.1083	-0.570083	1.41457	-0.567876	-1.80783	-0.881434	-0.760283	-2.10857	-0.568329	1.41573	-0.568259	1.77636e-15	1.89507	8.64469	10.3661	0.27439	1.61093	-8.45141e-10	0.0024803	-0.023163	-1.98047	0.00123505	-0.00243245	2.97529e-09	
1.84	0.0141939	1.89146	8.80695	10.3925	0.280536	1.61807	-0.000595945	-1.79973	-0.886852	-0.763285	-2.10777	-0.573569	1.41211	-0.566957	0.269651	-0.184357	-0.0944137	0.0269413	-0.173807	-0.126004	0.0508428	0.119209	-2.32458	3.39746	0.238419	0.357628	-3.6955	5.30481	-0.000736085	-1.86737	-8.80108	-10.4136	-0.279844	-1.61921	0.000438444	-1.80243	-0.885019	-0.762325	-2.10804	-0.571829	1.41336	-0.567442	-1.80513	-0.883211	-0.761328	-2.1083	-0.570083	1.41457	-0.567876	0	1.93506	8.66742	10.3485	0.274258	1.61091	2.86846e-09	0.00403358	-0.0189785	-1.98038	0.00250052	-0.00183939	5.14326e-09	
1.85	0.00563295	1.93812	8.79455	10.365	0.277582	1.61529	-0.000238113	-1.79704	-0.888706	-0.764209	-2.1075	-0.575304	1.41084	-0.566418	0.269413	-0.186145	-0.0909567	0.0271797	-0.173271	-0.128627	0.0563264	-0.238419	-1.78814	3.45707	0.238419	0.536442	-2.6226	5.48363	-0.00919623	-1.92949	-8.80082	-10.3741	-0.278277	-1.61685	0.000328505	-1.79973	-0.886852	-0.763285	-2.10777	-0.573569	1.41211	-0.566957	-1.80243	-0.885019	-0.762325	-2.10804	-0.571829	1.41336	-0.567442	1.77636e-15	1.97515	8.68998	10.3308	0.274114	1.61089	9.70216e-08	0.00219368	-0.0163801	-1.9746	0.00248428	-0.00218039	6.72191e-09	
1.86	0.0115301	1.99564	8.79772	10.336	0.275716	1.61439	-7.31994e-05	-1.79434	-0.890579	-0.765105	-2.10722	-0.577033	1.40954	-0.565822	0.269055	-0.188172	-0.0880957	0.0271797	-0.172734	-0.131249	0.0624061	-0.357628	-2.02656	2.86102	0	0.536442	-2.6226	6.07967	-0.0114235	-1.98078	-8.80726	-10.3454	-0.276713	-1.61539	0.000182612	-1.79704	-0.888706	-0.764209	-2.1075	-0.575304	1.41084	-0.566418	-1.79973	-0.886852	-0.763285	-2.10777	-0.573569	1.41211	-0.566957	0	2.01535	8.7124	10.313	0.273962	1.61087	8.44025e-09	0.00127015	-0.0145957	-1.972	0.00268353	-0.00259608	7.96127e-09	
1.87	0.0194535	2.0478	8.8174	10.3119	0.275044	1.61457	-5.04496e-05	-1.79166	-0.892467	-0.765975	-2.10695	-0.578759	1.40821	-0.565168	0.268579	-0.189602	-0.0860095	0.0271797	-0.172317	-0.133276	0.0680089	-0.476837	-1.43051	2.08616	0	0.417233	-2.02656	5.60284	-0.00653614	-2.02681	-8.80511	-10.3194	-0.274584	-1.61342	-6.06382e-05	-1.79434	-0.890579	-0.765105	-2.10722	-0.577033	1.40954	-0.565822	-1.79704	-0.888706	-0.764209	-2.1075	-0.575304	1.41084	-0.566418	8.88178e-16	2.05561	8.73469	10.2951	0.273797	1.61085	2.25753e-08	0.000878478	-0.0121477	-1.97188	0.00261866	-0.00349909	1.00637e-08	
1.88	0.00972943	2.08631	8.81833	10.2947	0.272886	1.61349	0.000222266	-1.78897	-0.894368	-0.766822	-2.10668	-0.580481	1.40687	-0.564452	0.268459	-0.190735	-0.0836849	0.0271797	-0.172198	-0.135183	0.074327	-0.119209	-1.13249	2.32458	0	0.119209	-1.90735	6.31809	-0.0162009	-2.083	-8.82004	-10.2882	-0.273855	-1.61261	-7.12342e-05	-1.79166	-0.892467	-0.765975	-2.10695	-0.578759	1.40821	-0.565168	-1.79434	-0.890579	-0.765105	-2.10722	-0.577033	1.40954	-0.565822	0	2.09593	8.75687	10.277	0.273622	1.61082	8.73865e-08	-0.000799329	-0.00928459	-1.96932	0.00245172	-0.003494	9.42112e-09	
1.89	0.0184511	2.13782	8.84032	10.2668	0.272781	1.61308	0.000169516	-1.78628	-0.896281	-0.767649	-2.10641	-0.582201	1.40551	-0.563674	0.268102	-0.191808	-0.0820756	0.0274181	-0.172019	-0.136733	0.0806451	-0.357628	-1.07288	1.60933	0.238419	0.178814	-1.54972	6.31808	-0.00705404	-2.12152	-8.82304	-10.2744	-0.271619	-1.61209	-0.000356863	-1.78897	-0.894368	-0.766822	-2.10668	-0.580481	1.40687	-0.564452	-1.79166	-0.892467	-0.765975	-2.10695	-0.578759	1.40821	-0.565168	-1.77636e-15	2.1363	8.77894	10.2589	0.273435	1.61079	1.33708e-07	-0.000264904	-0.00659168	-1.96702	0.0023153	-0.00406173	1.12194e-08	
1.9	0.00996006	2.175	8.84718	10.251	0.270973	1.61245	0.000388502	-1.7836	-0.898204	-0.768459	-2.10613	-0.583918	1.40413	-0.562829	0.267982	-0.192642	-0.0802278	0.0274181	-0.171721	-0.138283	0.0872612	-0.119209	-0.834465	1.84774	0	0.298023	-1.54972	6.61612	-0.00793423	-2.16624	-8.83886	-10.254	-0.270732	-1.61187	-0.000432866	-1.78628	-0.896281	-0.767649	-2.10641	-0.582201	1.40551	-0.563674	-1.78897	-0.894368	-0.766822	-2.10668	-0.580481	1.40687	-0.564452	0	2.17671	8.80092	10.2406	0.273237	1.61076	8.46351e-08	0.00022151	-0.00586209	-1.96786	0.00312137	-0.00374249	1.20973e-08	
1.91	0.00881852	2.21706	8.86335	10.2312	0.270149	1.61185	0.000471773	-1.78092	-0.900137	-0.769252	-2.10586	-0.585632	1.40274	-0.561917	0.267863	-0.193536	-0.0787973	0.0274181	-0.171542	-0.139117	0.0941753	-0.119209	-0.89407	1.43051	0	0.178814	-0.834465	6.91414	-0.0078439	-2.20935	-8.85579	-10.2379	-0.269765	-1.61228	-0.000526807	-1.7836	-0.898204	-0.768459	-2.10613	-0.583918	1.40413	-0.562829	-1.78628	-0.896281	-0.767649	-2.10641	-0.582201	1.40551	-0.563674	2.66454e-15	2.21714	8.8228	10.2223	0.273028	1.61073	-2.20731e-09	0.001067	-0.00612706	-1.96788	0.00357813	-0.0032756	1.18954e-08	
