0.62	0.662756	-0.668414	2.29852	4.20692	0.56068	1.39361	-0.0339883	1.57908	-0.534418	-0.00620804	-1.06619	-0.00624233	0.531787	-0.743728	-0.275016	0.137925	-0.050765	0.265121	-0.0508414	-0.126839	-1.82337	-275.016	137.925	-50.765	265.121	-50.8414	-126.839	-1823.37	-0.109736	-0.424974	-0.453525	-4.51814	0.0134642	-1.56229	-0.0287219	0	0	0	0	0	0	0	0	0	0	0	0	0	0	5.55112e-17	0.414377	-0.108781	4.75905	0.155606	1.61472	5.80439e-07	-0.113321	-0.0756339	-1.89606	0.285468	-0.271359	2.23875e-06	
0.63	0.428949	-0.328707	1.47844	4.35968	0.398914	1.46274	-0.0189213	1.57651	-0.53339	-0.00652444	-1.06422	-0.00655541	0.530843	-0.761122	-0.242949	0.0773668	-0.0183922	0.148416	-0.0182199	-0.0709295	-1.67549	32.0673	-60.5583	32.3728	-116.706	32.6214	55.9092	147.879	-0.470003	0.388274	-1.62237	-4.3388	-0.427453	-1.45178	0.0215807	1.57908	-0.534418	-0.00620804	-1.06619	-0.00624233	0.531787	-0.743728	0	0	0	0	0	0	0	-5.55112e-17	0.408355	-0.107697	4.74848	0.156824	1.61482	2.41548e-07	-0.261213	-0.232963	-1.75267	0.069758	-0.0656157	4.61388e-07	
0.64	0.247428	-0.107744	0.842127	4.42815	0.272628	1.50218	-0.00712617	1.57421	-0.532867	-0.00658261	-1.06322	-0.00661466	0.530365	-0.777175	-0.222325	0.0338554	0.00291085	0.064373	0.00273716	-0.0306368	-1.55115	20.6232	-43.5114	21.3031	-84.0425	20.9571	40.2927	124.335	-0.279527	0.147107	-0.954648	-4.42229	-0.29505	-1.49645	0.00922128	1.57651	-0.53339	-0.00652444	-1.06422	-0.00655541	0.530843	-0.761122	1.57908	-0.534418	-0.00620804	-1.06619	-0.00624233	0.531787	-0.743728	-2.77556e-17	0.405292	-0.108538	4.74312	0.158047	1.61486	3.43957e-07	-0.167737	-0.136563	-1.80562	0.0720876	-0.0668192	5.09639e-07	
0.65	0.11039	0.0296311	0.362025	4.44443	0.17669	1.52179	0.00188144	1.57205	-0.532723	-0.00647983	-1.06295	-0.00651196	0.530241	-0.792088	-0.211477	-0.000357628	0.0151237	-0.00214577	0.0151093	0.00166893	-1.44464	10.848	-34.2131	12.2129	-66.5188	12.3722	32.3057	106.514	-0.132279	-0.00658208	-0.438685	-4.44525	-0.192115	-1.51919	-0.000426024	1.57421	-0.532867	-0.00658261	-1.06322	-0.00661466	0.530365	-0.777175	1.57651	-0.53339	-0.00652444	-1.06422	-0.00655541	0.530843	-0.761122	-5.55112e-17	0.404392	-0.110561	4.7417	0.159268	1.61486	3.96319e-07	-0.0960924	-0.0604282	-1.82962	0.0739676	-0.0683341	5.59019e-07	
0.66	0.00384952	0.119424	-0.0113536	4.42852	0.101815	1.52954	0.00894867	1.56996	-0.532895	-0.0062917	-1.0633	-0.00632334	0.530419	-0.806015	-0.207782	-0.0306964	0.0208365	-0.061512	0.0209487	0.0306964	-1.35195	3.69549	-30.3388	5.71273	-59.3662	5.83939	29.0275	92.6852	-0.0209621	-0.117519	-0.048495	-4.42651	-0.113818	-1.52866	-0.00779782	1.57205	-0.532723	-0.00647983	-1.06295	-0.00651196	0.530241	-0.792088	1.57421	-0.532867	-0.00658261	-1.06322	-0.00661466	0.530365	-0.777175	2.77556e-17	0.405214	-0.113197	4.74366	0.160488	1.61483	4.18948e-07	-0.0435949	-0.00147726	-1.84026	0.0723436	-0.0712836	5.92498e-07	
0.67	-0.0773985	0.163606	-0.296261	4.4025	0.0447502	1.52964	0.0143834	1.56788	-0.533362	-0.00607592	-1.06423	-0.00610747	0.530884	-0.819073	-0.210166	-0.0600219	0.0214861	-0.119686	0.0216966	0.0594854	-1.26946	-2.38419	-29.3255	0.649597	-58.1741	0.747852	28.789	82.4928	0.0628121	-0.163016	0.245287	-4.40468	-0.0550595	-1.52992	-0.0133931	1.56996	-0.532895	-0.0062917	-1.0633	-0.00632334	0.530419	-0.806015	1.57205	-0.532723	-0.00647983	-1.06295	-0.00651196	0.530241	-0.792088	0	0.407558	-0.116016	4.74886	0.161715	1.61477	4.793e-07	-0.00268198	0.042679	-1.8371	0.0740063	-0.0723095	6.23037e-07	
0.68	-0.137776	0.190264	-0.508487	4.37167	0.00258125	1.52624	0.0184393	1.56574	-0.534129	-0.00587705	-1.06576	-0.00590834	0.531644	-0.831352	-0.21708	-0.0905394	0.0181459	-0.180602	0.0180653	0.089705	-1.1946	-6.91414	-30.5176	-3.34019	-60.9159	-3.63122	30.2196	74.8633	0.126404	-0.185448	0.468415	-4.3778	-0.0104459	-1.52692	-0.0176826	1.56788	-0.533362	-0.00607592	-1.06423	-0.00610747	0.530884	-0.819073	1.56996	-0.532895	-0.0062917	-1.0633	-0.00632334	0.530419	-0.806015	2.77556e-17	0.411359	-0.118692	4.7574	0.162959	1.61469	5.17786e-07	0.029821	0.0746336	-1.83017	0.0765165	-0.0710152	6.44783e-07	
0.69	-0.184357	0.21472	-0.672576	4.33619	-0.0297291	1.52042	0.0215742	1.56352	-0.53521	-0.00572798	-1.06792	-0.00575898	0.532719	-0.842917	-0.227332	-0.122845	0.0120178	-0.245213	0.0117016	0.122368	-1.12599	-10.252	-32.3057	-6.1281	-64.6114	-6.36373	32.6633	68.6049	0.175853	-0.218426	0.642557	-4.33888	0.0239932	-1.52174	-0.021011	1.56574	-0.534129	-0.00587705	-1.06576	-0.00590834	0.531644	-0.831352	1.56788	-0.533362	-0.00607592	-1.06423	-0.00610747	0.530884	-0.819073	0	0.416631	-0.120986	4.7695	0.164232	1.61459	5.38189e-07	0.0530171	0.101918	-1.81417	0.0781904	-0.070663	6.59443e-07	
0.7	-0.218728	0.240455	-0.793839	4.30416	-0.05334	1.51459	0.0238963	1.56118	-0.536626	-0.0056534	-1.07075	-0.0056841	0.534133	-0.853818	-0.240087	-0.157356	0.00351947	-0.314474	0.00364473	0.157297	-1.06114	-12.7554	-34.5111	-8.49832	-69.2606	-8.05687	34.9283	64.8499	0.212215	-0.227995	0.77082	-4.31417	0.0488333	-1.51583	-0.0234567	1.56352	-0.53521	-0.00572798	-1.06792	-0.00575898	0.532719	-0.842917	1.56574	-0.534129	-0.00587705	-1.06576	-0.00590834	0.531644	-0.831352	0	0.423425	-0.122714	4.78545	0.165548	1.61447	5.3926e-07	0.0712462	0.120796	-1.80466	0.0767392	-0.0707919	6.57306e-07	
0.71	-0.2431	0.254321	-0.880282	4.28832	-0.0692561	1.5096	0.0255016	1.5587	-0.538399	-0.00567197	-1.0743	-0.00570284	0.53591	-0.864091	-0.254989	-0.193953	-0.00655139	-0.388622	-0.00648899	0.194669	-1.00005	-14.9012	-36.5973	-10.0709	-74.1482	-10.1337	37.3721	61.0948	0.23872	-0.247032	0.864731	-4.29223	0.066405	-1.51028	-0.0252129	1.56118	-0.536626	-0.0056534	-1.07075	-0.0056841	0.534133	-0.853818	1.56352	-0.53521	-0.00572798	-1.06792	-0.00575898	0.532719	-0.842917	-5.55112e-17	0.431774	-0.123736	4.80554	0.166915	1.61435	5.49902e-07	0.0841616	0.135153	-1.79358	0.0774794	-0.0703965	6.59332e-07	
0.72	-0.264437	0.283004	-0.956096	4.27339	-0.0826986	1.50506	0.0268568	1.55606	-0.540546	-0.00579686	-1.07861	-0.00582732	0.53807	-0.873764	-0.270605	-0.231922	-0.0173827	-0.465631	-0.0172569	0.233829	-0.940919	-15.6164	-37.9682	-10.8313	-77.0092	-10.768	39.1603	59.1279	0.260493	-0.271976	0.942196	-4.27856	0.0801129	-1.50593	-0.0265969	1.5587	-0.538399	-0.00567197	-1.0743	-0.00570284	0.53591	-0.864091	1.56118	-0.536626	-0.0056534	-1.07075	-0.0056841	0.534133	-0.853818	0	0.441728	-0.123944	4.82999	0.168345	1.61421	4.90083e-07	0.0943106	0.14759	-1.78531	0.0770794	-0.0712701	6.5408e-07	
0.73	-0.27542	0.307657	-0.995723	4.27472	-0.088174	1.50208	0.0274658	1.55326	-0.543081	-0.00603788	-1.0837	-0.00606943	0.540632	-0.882859	-0.287175	-0.271082	-0.0295304	-0.54574	-0.0299034	0.274658	-0.883818	-16.5701	-39.1603	-12.1477	-80.1087	-12.6464	40.8292	57.1012	0.273749	-0.305127	0.989676	-4.2717	0.0875029	-1.50251	-0.0273835	1.55606	-0.540546	-0.00579686	-1.07861	-0.00582732	0.53807	-0.873764	1.5587	-0.538399	-0.00567197	-1.0743	-0.00570284	0.53591	-0.864091	5.55112e-17	0.453281	-0.123248	4.859	0.169842	1.61407	5.30371e-07	0.101872	0.153303	-1.77043	0.0814347	-0.0663535	6.51091e-07	
0.74	-0.283484	0.377154	-1.02487	4.26436	-0.0916902	1.50025	0.0278705	1.5503	-0.54601	-0.00640174	-1.0896	-0.00643349	0.543607	-0.891392	-0.304222	-0.310838	-0.0421391	-0.626564	-0.0422173	0.316381	-0.828505	-17.0469	-39.7563	-12.6087	-80.8239	-12.3139	41.7232	55.3131	0.283028	-0.360996	1.02303	-4.26784	0.091864	-1.50096	-0.0278733	1.55326	-0.543081	-0.00603788	-1.0837	-0.00606943	0.540632	-0.882859	1.55606	-0.540546	-0.00579686	-1.07861	-0.00582732	0.53807	-0.873764	0	0.466419	-0.121577	4.89269	0.171414	1.61393	4.7738e-07	0.1056	0.159114	-1.76499	0.081097	-0.0640761	6.3262e-07	
0.75	-0.290544	0.419469	-1.05025	4.28328	-0.0935815	1.50019	0.0281182	1.54716	-0.549336	-0.00689157	-1.09632	-0.00692404	0.547003	-0.899377	-0.320792	-0.350416	-0.0548032	-0.70858	-0.0549867	0.358582	-0.774383	-16.5701	-39.5775	-12.6641	-82.0159	-12.7694	42.2001	54.121	0.289329	-0.413918	1.04584	-4.27648	0.0934638	-1.50013	-0.0280933	1.5503	-0.54601	-0.00640174	-1.0896	-0.00643349	0.543607	-0.891392	1.55326	-0.543081	-0.00603788	-1.0837	-0.00606943	0.540632	-0.882859	-1.11022e-16	0.481066	-0.118874	4.93114	0.173064	1.61378	4.5222e-07	0.108501	0.162557	-1.76069	0.0802038	-0.0614882	6.08554e-07	
0.76	-0.292819	0.470427	-1.05838	4.30853	-0.0918097	1.50101	0.028014	1.54386	-0.553054	-0.00751037	-1.10385	-0.00754394	0.55082	-0.906827	-0.337481	-0.389159	-0.0678641	-0.789523	-0.067818	0.400662	-0.721037	-16.6893	-38.743	-13.0609	-80.9431	-12.8313	42.0809	53.3462	0.293419	-0.45341	1.06053	-4.30467	0.0928108	-1.50038	-0.0280945	1.54716	-0.549336	-0.00689157	-1.09632	-0.00692404	0.547003	-0.899377	1.5503	-0.54601	-0.00640174	-1.0896	-0.00643349	0.543607	-0.891392	-5.55112e-17	0.497135	-0.115078	4.97436	0.174791	1.61364	4.68615e-07	0.111736	0.162694	-1.75783	0.07974	-0.0577503	5.81466e-07	
0.77	-0.294949	0.541363	-1.06579	4.33448	-0.0895808	1.50285	0.0278526	1.5404	-0.557155	-0.0082589	-1.11218	-0.00829227	0.555056	-0.913751	-0.353098	-0.426769	-0.080823	-0.868559	-0.0806563	0.442266	-0.668883	-15.6164	-37.6105	-12.9589	-79.0358	-12.8383	41.604	52.1541	0.295886	-0.523177	1.06913	-4.3311	0.0909513	-1.50262	-0.0279719	1.54386	-0.553054	-0.00751037	-1.10385	-0.00754394	0.55082	-0.906827	1.54716	-0.549336	-0.00689157	-1.09632	-0.00692404	0.547003	-0.899377	-2.77556e-17	0.514501	-0.110139	5.02229	0.176598	1.61349	4.01686e-07	0.112561	0.164301	-1.75537	0.0807199	-0.0544635	5.57587e-07	
0.78	-0.295385	0.624674	-1.06694	4.36573	-0.0858026	1.50589	0.0275379	1.53678	-0.561623	-0.00913664	-1.12129	-0.00916924	0.559705	-0.920162	-0.368476	-0.462949	-0.0936147	-0.94533	-0.0933465	0.483155	-0.618219	-15.378	-36.18	-12.7917	-76.7708	-12.6902	40.8888	50.6639	0.29648	-0.621603	1.07117	-4.35213	0.0874625	-1.50532	-0.027682	1.5404	-0.557155	-0.0082589	-1.11218	-0.00829227	0.555056	-0.913751	1.54386	-0.553054	-0.00751037	-1.10385	-0.00754394	0.55082	-0.906827	5.55112e-17	0.533	-0.104011	5.07484	0.178483	1.61335	3.32914e-07	0.110506	0.166741	-1.75459	0.0796243	-0.0511803	5.26626e-07	
0.79	-0.295226	0.693129	-1.0654	4.41287	-0.0809467	1.50929	0.0271138	1.53302	-0.56644	-0.0101416	-1.13115	-0.0101731	0.564756	-0.92607	-0.383377	-0.496864	-0.106051	-1.01888	-0.105964	0.522852	-0.568688	-14.9012	-33.915	-12.436	-73.5522	-12.6176	39.6967	49.5315	0.294947	-0.678473	1.06465	-4.40371	0.0817174	-1.50862	-0.0271814	1.53678	-0.561623	-0.00913664	-1.12129	-0.00916924	0.559705	-0.920162	1.5404	-0.557155	-0.0082589	-1.11218	-0.00829227	0.555056	-0.913751	5.55112e-17	0.552451	-0.0966513	5.13188	0.180441	1.61322	3.2535e-07	0.110687	0.164038	-1.75547	0.0791735	-0.0460837	4.91309e-07	
0.8	-0.293671	0.78322	-1.05858	4.4573	-0.0749898	1.51343	0.0265821	1.52911	-0.571587	-0.0112735	-1.14173	-0.0113018	0.570197	-0.931492	-0.397086	-0.528693	-0.118404	-1.08862	-0.118384	0.561178	-0.520587	-13.7091	-31.8289	-12.3531	-69.7374	-12.4201	38.3258	48.1009	0.291167	-0.761335	1.04976	-4.4503	0.0744052	-1.51263	-0.026528	1.53302	-0.56644	-0.0101416	-1.13115	-0.0101731	0.564756	-0.92607	1.53678	-0.561623	-0.00913664	-1.12129	-0.00916924	0.559705	-0.920162	-2.77556e-17	0.572683	-0.0880046	5.19323	0.18247	1.61309	2.68058e-07	0.108324	0.162245	-1.75688	0.0793111	-0.0410783	4.58633e-07	
0.81	-0.28823	0.858968	-1.03681	4.51787	-0.0661019	1.51829	0.025779	1.52506	-0.577037	-0.0125283	-1.15298	-0.0125515	0.576013	-0.93644	-0.409961	-0.558078	-0.130978	-1.15478	-0.130384	0.598073	-0.474095	-12.8746	-29.3851	-12.5747	-66.1612	-12.0001	36.8953	46.4917	0.290737	-0.847718	1.0464	-4.50167	0.068866	-1.51689	-0.0260283	1.52911	-0.571587	-0.0112735	-1.14173	-0.0113018	0.570197	-0.931492	1.53302	-0.56644	-0.0101416	-1.13115	-0.0101731	0.564756	-0.92607	0	0.59347	-0.0780426	5.2587	0.184566	1.61297	2.31873e-07	0.108038	0.162088	-1.75692	0.079259	-0.0367653	4.25371e-07	
0.82	-0.282229	0.962843	-1.01294	4.56812	-0.0568564	1.52317	0.0249404	1.5209	-0.582766	-0.0139037	-1.16487	-0.0139202	0.582187	-0.940933	-0.422001	-0.5849	-0.143196	-1.21593	-0.142043	0.63312	-0.429213	-12.0401	-26.8221	-12.218	-61.1544	-11.6592	35.0475	44.8823	0.286385	-0.927663	1.02819	-4.56403	0.0603659	-1.52174	-0.0252555	1.52506	-0.577037	-0.0125283	-1.15298	-0.0125515	0.576013	-0.93644	1.52911	-0.571587	-0.0112735	-1.14173	-0.0113018	0.570197	-0.931492	8.32667e-17	0.614604	-0.0667201	5.32807	0.186723	1.61285	3.09219e-07	0.105832	0.158965	-1.75969	0.078416	-0.0311499	3.89362e-07	
0.83	-0.279212	1.03297	-0.998296	4.63945	-0.0488582	1.52754	0.0242064	1.51662	-0.588747	-0.0153976	-1.17734	-0.0154017	0.588703	-0.944988	-0.433087	-0.608623	-0.154595	-1.27268	-0.153254	0.666559	-0.386357	-11.0865	-23.7226	-11.3984	-56.7435	-11.2103	33.4382	42.8557	0.282941	-1.00573	1.01221	-4.63239	0.0523025	-1.52679	-0.0245198	1.5209	-0.582766	-0.0139037	-1.16487	-0.0139202	0.582187	-0.940933	1.52506	-0.577037	-0.0125283	-1.15298	-0.0125515	0.576013	-0.93644	-8.32667e-17	0.635867	-0.0539947	5.40113	0.188938	1.61275	2.0403e-07	0.103972	0.15763	-1.76305	0.0775477	-0.0266691	3.54187e-07	
0.84	-0.274609	1.1041	-0.977064	4.7168	-0.039617	1.53271	0.0233614	1.51223	-0.594952	-0.0170052	-1.19036	-0.0169925	0.595544	-0.948628	-0.443339	-0.629842	-0.16582	-1.32525	-0.164114	0.69809	-0.346124	-10.252	-21.2192	-11.2252	-52.5713	-10.8601	31.5309	40.2331	0.27695	-1.09195	0.986534	-4.69935	0.0424314	-1.53146	-0.0236169	1.51662	-0.588747	-0.0153976	-1.17734	-0.0154017	0.588703	-0.944988	1.5209	-0.582766	-0.0139037	-1.16487	-0.0139202	0.582187	-0.940933	-5.55112e-17	0.657033	-0.0398455	5.47763	0.191206	1.61265	1.32983e-07	0.099613	0.155932	-1.76729	0.0752513	-0.0224817	3.19615e-07	
0.85	-0.268986	1.19157	-0.951666	4.78867	-0.0298618	1.53781	0.0224729	1.50774	-0.601356	-0.018723	-1.20388	-0.0186901	0.602689	-0.951879	-0.452995	-0.648498	-0.176771	-1.37305	-0.174236	0.727892	-0.308394	-9.65595	-18.6563	-10.9505	-47.8029	-10.1216	29.8023	37.7297	0.270264	-1.16898	0.957118	-4.7766	0.0319118	-1.53676	-0.0226588	1.51223	-0.594952	-0.0170052	-1.19036	-0.0169925	0.595544	-0.948628	1.51662	-0.588747	-0.0153976	-1.17734	-0.0154017	0.588703	-0.944988	8.32667e-17	0.677895	-0.0242425	5.55736	0.193518	1.61256	2.46748e-07	0.0966713	0.151923	-1.77035	0.0749092	-0.0165695	2.87187e-07	
0.86	-0.264152	1.25011	-0.927184	4.87791	-0.0200441	1.54262	0.021575	1.50317	-0.607929	-0.02055	-1.21786	-0.0204872	0.610124	-0.954765	-0.46134	-0.664234	-0.187315	-1.41656	-0.184119	0.755906	-0.27287	-8.34465	-15.7356	-10.5444	-43.5114	-9.8832	28.0142	35.5244	0.265045	-1.24437	0.932146	-4.85713	0.0220419	-1.5418	-0.0217589	1.50774	-0.601356	-0.018723	-1.20388	-0.0186901	0.602689	-0.951879	1.51223	-0.594952	-0.0170052	-1.19036	-0.0169925	0.595544	-0.948628	2.77556e-17	0.698247	-0.00714444	5.64007	0.195877	1.61248	1.04209e-07	0.0939663	0.149997	-1.77599	0.0713835	-0.0107997	2.49688e-07	
0.87	-0.25845	1.3181	-0.899082	4.96514	-0.00955273	1.54748	0.020621	1.49851	-0.614648	-0.0224797	-1.23224	-0.0223809	0.61783	-0.957315	-0.469327	-0.677586	-0.197439	-1.45578	-0.193864	0.782311	-0.240862	-7.98702	-13.3514	-10.1235	-39.2199	-9.74536	26.4049	32.0077	0.256834	-1.30705	0.894875	-4.94751	0.0100414	-1.54678	-0.0206664	1.50317	-0.607929	-0.02055	-1.21786	-0.0204872	0.610124	-0.954765	1.50774	-0.601356	-0.018723	-1.20388	-0.0186901	0.602689	-0.951879	-5.55112e-17	0.717892	0.0114471	5.72555	0.198272	1.61241	1.31874e-07	0.0890707	0.147276	-1.78364	0.0673668	-0.00822118	2.18584e-07	
0.88	-0.249531	1.38875	-0.858096	5.05126	0.00259783	1.55179	0.0195216	1.49377	-0.621486	-0.0245111	-1.247	-0.0243673	0.625791	-0.959559	-0.476718	-0.688434	-0.207694	-1.49059	-0.202488	0.807226	-0.211894	-7.39098	-10.848	-10.2557	-34.8091	-8.62405	24.9147	28.9679	0.250681	-1.37268	0.864012	-5.03486	-0.000597054	-1.55102	-0.0197019	1.49851	-0.614648	-0.0224797	-1.23224	-0.0223809	0.61783	-0.957315	1.50317	-0.607929	-0.02055	-1.21786	-0.0204872	0.610124	-0.954765	2.77556e-17	0.736635	0.031568	5.81357	0.200702	1.61235	1.77505e-07	0.0869674	0.143497	-1.78727	0.0651789	-0.00139416	1.86565e-07	
0.89	-0.244843	1.44884	-0.831122	5.14563	0.012595	1.55643	0.0186237	1.48897	-0.628419	-0.02664	-1.26208	-0.0264396	0.633992	-0.96153	-0.483274	-0.696957	-0.216961	-1.52171	-0.211097	0.830352	-0.186026	-6.55651	-8.52346	-9.26666	-31.1136	-8.60915	23.1266	25.8684	0.245182	-1.42788	0.833991	-5.13188	-0.0111275	-1.55555	-0.0187512	1.49377	-0.621486	-0.0245111	-1.247	-0.0243673	0.625791	-0.959559	1.49851	-0.614648	-0.0224797	-1.23224	-0.0223809	0.61783	-0.957315	4.16334e-17	0.754299	0.0532189	5.90392	0.203164	1.61229	1.51926e-07	0.0852066	0.1402	-1.79048	0.0642281	0.00489356	1.59338e-07	
0.9	-0.234966	1.4912	-0.783094	5.24891	0.0258086	1.56038	0.0174342	1.4841	-0.635424	-0.0288634	-1.27745	-0.0285944	0.642417	-0.963262	-0.489235	-0.703037	-0.226626	-1.54901	-0.219073	0.852227	-0.163317	-5.96046	-6.07967	-9.66527	-27.2989	-7.97585	21.8749	22.7094	0.237224	-1.48373	0.793842	-5.22814	-0.0229608	-1.5598	-0.017692	1.48897	-0.628419	-0.02664	-1.26208	-0.0264396	0.633992	-0.96153	1.49377	-0.621486	-0.0245111	-1.247	-0.0243673	0.625791	-0.959559	1.249e-16	0.770721	0.0764104	5.9964	0.205656	1.61224	9.36194e-08	0.0804854	0.138251	-1.7967	0.0605924	0.00786448	1.33939e-07	
0.91	-0.229446	1.53659	-0.749706	5.35111	0.0363103	1.56408	0.0165017	1.47918	-0.642479	-0.0311775	-1.29307	-0.0308266	0.651053	-0.96479	-0.494242	-0.70709	-0.235474	-1.57273	-0.226507	0.87285	-0.14472	-5.00679	-4.05312	-8.84756	-23.7226	-7.43382	20.6232	18.5966	0.231637	-1.53789	0.761185	-5.32495	-0.0334721	-1.56347	-0.016758	1.4841	-0.635424	-0.0288634	-1.27745	-0.0285944	0.642417	-0.963262	1.48897	-0.628419	-0.02664	-1.26208	-0.0264396	0.633992	-0.96153	-6.93889e-17	0.785754	0.101136	6.09081	0.208173	1.61219	7.25485e-08	0.0780728	0.13674	-1.80033	0.0573032	0.012575	1.08488e-07	
0.92	-0.220006	1.58451	-0.701428	5.4535	0.0491362	1.56818	0.0153706	1.47421	-0.649564	-0.0335805	-1.30891	-0.0331319	0.659886	-0.966148	-0.499129	-0.709236	-0.244293	-1.59311	-0.233859	0.891805	-0.129521	-4.88758	-2.14577	-8.81962	-20.3848	-7.35186	18.9543	15.1992	0.223606	-1.57812	0.717531	-5.43231	-0.0455182	-1.56769	-0.0156942	1.47918	-0.642479	-0.0311775	-1.29307	-0.0308266	0.651053	-0.96479	1.4841	-0.635424	-0.0288634	-1.27745	-0.0285944	0.642417	-0.963262	-7.63278e-17	0.799255	0.127402	6.18698	0.210716	1.61215	-4.32033e-08	0.0761007	0.131024	-1.8045	0.0567531	0.0190987	8.95117e-08	
0.93	-0.212157	1.62381	-0.656961	5.55913	0.0609193	1.57154	0.01434	1.4692	-0.656659	-0.0360679	-1.32494	-0.0355064	0.668904	-0.967374	-0.50354	-0.709414	-0.252653	-1.61028	-0.240359	0.909865	-0.117779	-4.41077	-0.178814	-8.35957	-17.1661	-6.50063	18.0602	11.7421	0.215382	-1.60129	0.670845	-5.54576	-0.0579891	-1.57097	-0.0145941	1.47421	-0.649564	-0.0335805	-1.30891	-0.0331319	0.659886	-0.966148	1.47918	-0.642479	-0.0311775	-1.29307	-0.0308266	0.651053	-0.96479	-6.93889e-18	0.811088	0.155187	6.28473	0.213281	1.61212	-3.10235e-08	0.0723894	0.128085	-1.81334	0.0505956	0.021182	6.59437e-08	
0.94	-0.205475	1.64961	-0.614484	5.67353	0.0722629	1.57515	0.0133603	1.46414	-0.663745	-0.0386379	-1.34113	-0.0379463	0.678096	-0.968506	-0.507236	-0.707865	-0.260592	-1.62482	-0.246704	0.926793	-0.109971	-3.69549	1.54972	-7.93859	-14.5435	-6.34417	16.9277	7.80821	0.206496	-1.64459	0.621895	-5.65036	-0.0701199	-1.57446	-0.0135449	1.4692	-0.656659	-0.0360679	-1.32494	-0.0355064	0.668904	-0.967374	1.47421	-0.649564	-0.0335805	-1.30891	-0.0331319	0.659886	-0.966148	-7.97973e-17	0.821142	0.184485	6.3839	0.215867	1.61208	5.229e-08	0.0687176	0.124496	-1.81589	0.0496667	0.0261713	4.90193e-08	
0.95	-0.199026	1.65631	-0.569683	5.79573	0.0836163	1.57817	0.0123857	1.45905	-0.670807	-0.0412875	-1.35744	-0.0404444	0.68745	-0.96958	-0.510573	-0.704348	-0.268258	-1.63639	-0.25247	0.942528	-0.105798	-3.33786	3.51667	-7.66665	-11.5633	-5.76676	15.7356	4.17233	0.200564	-1.66932	0.580947	-5.76272	-0.0808851	-1.57742	-0.0126255	1.46414	-0.663745	-0.0386379	-1.34113	-0.0379463	0.678096	-0.968506	1.4692	-0.656659	-0.0360679	-1.32494	-0.0355064	0.668904	-0.967374	-1.73472e-18	0.829309	0.215271	6.48433	0.218477	1.61205	-2.72552e-08	0.0663586	0.122407	-1.82265	0.0448816	0.0291406	3.10099e-08	
0.96	-0.188768	1.68852	-0.512484	5.90486	0.0963837	1.58131	0.0113036	1.45393	-0.677826	-0.0440138	-1.37386	-0.0429991	0.696958	-0.970633	-0.513554	-0.699639	-0.275999	-1.64521	-0.257865	0.95731	-0.105441	-2.98023	4.70877	-7.74115	-8.82149	-5.39422	14.782	0.357628	0.190245	-1.68679	0.52229	-5.88183	-0.093969	-1.58106	-0.0115101	1.45905	-0.670807	-0.0412875	-1.35744	-0.0404444	0.68745	-0.96958	1.46414	-0.663745	-0.0386379	-1.34113	-0.0379463	0.678096	-0.968506	-9.71445e-17	0.835494	0.247521	6.58589	0.221108	1.61202	-6.16344e-08	0.0631884	0.116523	-1.82677	0.0436382	0.0339269	1.61509e-08	
0.97	-0.179365	1.70808	-0.456063	6.02006	0.108712	1.58435	0.0102723	1.44878	-0.68479	-0.0468144	-1.39035	-0.0456057	0.706608	-0.971701	-0.516057	-0.693381	-0.283379	-1.65164	-0.262912	0.971079	-0.108421	-2.5034	6.25849	-7.3798	-6.4373	-5.04777	13.7687	-2.98023	0.179102	-1.70437	0.459793	-5.99822	-0.107382	-1.58411	-0.0103751	1.45393	-0.677826	-0.0440138	-1.37386	-0.0429991	0.696958	-0.970633	1.45905	-0.670807	-0.0412875	-1.35744	-0.0404444	0.68745	-0.96958	-6.245e-17	0.839628	0.281207	6.68841	0.22376	1.61199	-5.67779e-08	0.0574927	0.113977	-1.83484	0.0378693	0.0356429	1.33158e-09	
0.98	-0.170324	1.7178	-0.398631	6.141	0.12072	1.58747	0.00928293	1.44361	-0.691683	-0.0496865	-1.40689	-0.04826	0.716391	-0.972819	-0.518203	-0.685811	-0.290487	-1.65606	-0.267345	0.984132	-0.114799	-2.14577	7.56979	-7.10785	-4.41074	-4.4331	13.0534	-6.3777	0.171277	-1.71562	0.407093	-6.11687	-0.118743	-1.5868	-0.00944046	1.44878	-0.68479	-0.0468144	-1.39035	-0.0456057	0.706608	-0.971701	1.45393	-0.677826	-0.0440138	-1.37386	-0.0429991	0.696958	-0.970633	-4.16334e-17	0.841616	0.31629	6.79178	0.226434	1.61195	-7.57523e-08	0.0564881	0.108695	-1.83718	0.0372995	0.0410177	-1.28252e-08	
0.99	-0.162279	1.72447	-0.34344	6.26119	0.132138	1.59013	0.00836146	1.43841	-0.698492	-0.0526281	-1.42347	-0.0509579	0.7263	-0.974021	-0.519991	-0.67687	-0.29714	-1.65808	-0.271782	0.996292	-0.125051	-1.78814	8.9407	-6.65337	-2.02656	-4.43682	12.1593	-10.252	0.161335	-1.72212	0.345563	-6.23871	-0.13132	-1.58985	-0.00840913	1.44361	-0.691683	-0.0496865	-1.40689	-0.04826	0.716391	-0.972819	1.44878	-0.68479	-0.0468144	-1.39035	-0.0456057	0.706608	-0.971701	2.08167e-16	0.841407	0.352738	6.89586	0.229131	1.61191	-1.37362e-07	0.0533195	0.104129	-1.84345	0.0333976	0.0443987	-2.48107e-08	
1	-0.152726	1.71107	-0.279137	6.39139	0.144386	1.59289	0.00737225	1.4332	-0.705204	-0.0556359	-1.44005	-0.0536965	0.736326	-0.975339	-0.521421	-0.666559	-0.303842	-1.6582	-0.275552	1.0075	-0.138044	-1.43051	10.3116	-6.7018	-0.119209	-3.76999	11.2057	-12.9938	0.156433	-1.69387	0.295644	-6.37609	-0.141426	-1.5922	-0.00760783	1.43841	-0.698492	-0.0526281	-1.42347	-0.0509579	0.7263	-0.974021	1.44361	-0.691683	-0.0496865	-1.40689	-0.04826	0.716391	-0.972819	-1.38778e-16	0.838932	0.390496	7.00054	0.23185	1.61187	-8.7855e-08	0.0527577	0.10038	-1.84987	0.0304748	0.0457088	-3.46781e-08	
1.01	-0.149168	1.6901	-0.233286	6.52441	0.153429	1.59534	0.00669222	1.42798	-0.711809	-0.058708	-1.45662	-0.0564707	0.746462	-0.976806	-0.522852	-0.655115	-0.309553	-1.65653	-0.278708	1.01823	-0.154197	-1.43051	11.4441	-5.71087	1.66893	-3.15532	10.7288	-16.1529	0.147196	-1.70655	0.234966	-6.49286	-0.152732	-1.59514	-0.00672947	1.4332	-0.705204	-0.0556359	-1.44005	-0.0536965	0.736326	-0.975339	1.43841	-0.698492	-0.0526281	-1.42347	-0.0509579	0.7263	-0.974021	0	0.834168	0.429525	7.1057	0.234594	1.61183	-1.10874e-07	0.0491772	0.0972978	-1.85551	0.0270748	0.0486325	-4.50239e-08	
1.02	-0.137598	1.68555	-0.160937	6.65002	0.16594	1.59823	0.00571404	1.42275	-0.718296	-0.0618414	-1.47317	-0.0592776	0.756702	-0.97845	-0.523329	-0.643015	-0.315987	-1.65319	-0.28193	1.02836	-0.173211	-0.476837	12.0997	-6.43355	3.33786	-3.22238	10.1328	-19.0139	0.137958	-1.69046	0.169454	-6.62246	-0.16445	-1.59756	-0.00581454	1.42798	-0.711809	-0.058708	-1.45662	-0.0564707	0.746462	-0.976806	1.4332	-0.705204	-0.0556359	-1.44005	-0.0536965	0.736326	-0.975339	-1.38778e-16	0.827059	0.469765	7.21123	0.237362	1.61177	-6.98666e-08	0.0465571	0.092585	-1.86032	0.025285	0.050244	-5.28402e-08	
1.03	-0.123243	1.68703	-0.07943	6.7706	0.179334	1.60107	0.0046707	1.41751	-0.724655	-0.0650354	-1.48968	-0.0621144	0.767036	-0.980299	-0.523925	-0.629961	-0.322275	-1.64795	-0.284847	1.0376	-0.194728	-0.596046	13.0534	-6.28829	5.24521	-2.9169	9.23872	-21.5173	0.127131	-1.68272	0.0987349	-6.74783	-0.176369	-1.60036	-0.0049031	1.42275	-0.718296	-0.0618414	-1.47317	-0.0592776	0.756702	-0.97845	1.42798	-0.711809	-0.058708	-1.45662	-0.0564707	0.746462	-0.976806	5.55112e-17	0.817577	0.511178	7.31704	0.240157	1.61171	-5.1805e-08	0.0426418	0.0898543	-1.86808	0.0204526	0.0516734	-6.19882e-08	
1.04	-0.117962	1.65648	-0.0230152	6.90492	0.188631	1.60326	0.00401062	1.41227	-0.730875	-0.0682859	-1.50612	-0.0649762	0.77746	-0.982376	-0.524282	-0.615597	-0.327468	-1.64115	-0.28719	1.0463	-0.218749	-0.357628	14.3647	-5.19305	6.79493	-2.34321	8.70228	-24.0207	0.117751	-1.66371	0.0302983	-6.87745	-0.187392	-1.60287	-0.00408426	1.41751	-0.724655	-0.0650354	-1.48968	-0.0621144	0.767036	-0.980299	1.42275	-0.718296	-0.0618414	-1.47317	-0.0592776	0.756702	-0.97845	-1.11022e-16	0.805697	0.553688	7.42301	0.242978	1.61165	-2.70183e-08	0.0405459	0.0838385	-1.87106	0.0206746	0.0541834	-6.6599e-08	
1.05	-0.108146	1.61386	0.0519873	7.04712	0.200073	1.60622	0.00316387	1.40703	-0.736949	-0.071592	-1.52249	-0.0678599	0.787967	-0.984706	-0.524282	-0.600398	-0.333004	-1.63317	-0.289127	1.05417	-0.244796	0	15.1992	-5.53578	7.98702	-1.93715	7.86781	-26.0472	0.109033	-1.63827	-0.0377504	-7.00756	-0.197916	-1.60487	-0.00332115	1.41227	-0.730875	-0.0682859	-1.50612	-0.0649762	0.77746	-0.982376	1.41751	-0.724655	-0.0650354	-1.48968	-0.0621144	0.767036	-0.980299	-5.55112e-17	0.791402	0.597247	7.52905	0.245829	1.61157	-1.22654e-07	0.0379562	0.0799699	-1.87763	0.0170068	0.0550899	-7.23337e-08	
1.06	-0.0989099	1.5983	0.120962	7.17073	0.210213	1.60839	0.00246152	1.40179	-0.742868	-0.0749496	-1.53877	-0.0707631	0.79855	-0.987308	-0.523806	-0.584662	-0.338085	-1.62327	-0.291005	1.06156	-0.272751	0.476837	15.7356	-5.0813	9.89437	-1.87755	7.39098	-27.9546	0.100324	-1.60825	-0.107315	-7.14236	-0.20826	-1.60793	-0.00259732	1.40703	-0.736949	-0.071592	-1.52249	-0.0678599	0.787967	-0.984706	1.41227	-0.730875	-0.0682859	-1.50612	-0.0649762	0.77746	-0.982376	5.55112e-16	0.774681	0.641775	7.63506	0.248707	1.61149	-5.91647e-08	0.0357366	0.0747965	-1.88339	0.0156741	0.0565947	-7.76566e-08	
1.07	-0.0908109	1.56555	0.18986	7.30385	0.219913	1.61108	0.00181238	1.39655	-0.748625	-0.0783577	-1.55494	-0.0736816	0.809202	-0.990199	-0.523329	-0.568092	-0.342801	-1.61231	-0.292487	1.06817	-0.302553	0.476837	16.5701	-4.71622	10.9673	-1.48267	6.61612	-29.8023	0.0904117	-1.575	-0.182127	-7.27681	-0.218913	-1.61076	-0.00185519	1.40179	-0.742868	-0.0749496	-1.53877	-0.0707631	0.79855	-0.987308	1.40703	-0.736949	-0.071592	-1.52249	-0.0678599	0.787967	-0.984706	0	0.755538	0.687217	7.74096	0.251614	1.61139	-9.08956e-08	0.0341384	0.0689797	-1.88739	0.0157525	0.058957	-8.18285e-08	
1.08	-0.0797428	1.53174	0.269262	7.43479	0.230664	1.61317	0.00107142	1.39132	-0.754211	-0.0818135	-1.57099	-0.0766129	0.819919	-0.993395	-0.522614	-0.550866	-0.347562	-1.60003	-0.293724	1.07467	-0.333905	0.715256	17.2257	-4.76092	12.2786	-1.2368	6.49691	-31.352	0.0818847	-1.53351	-0.25455	-7.41106	-0.228717	-1.61279	-0.00119736	1.39655	-0.748625	-0.0783577	-1.55494	-0.0736816	0.809202	-0.990199	1.40179	-0.742868	-0.0749496	-1.53877	-0.0707631	0.79855	-0.987308	-5.55112e-17	0.733962	0.733498	7.84665	0.254551	1.61128	-5.77921e-08	0.0306128	0.0668267	-1.89629	0.0108294	0.0570686	-8.56472e-08	
1.09	-0.0688026	1.48822	0.350761	7.57013	0.240992	1.61578	0.000381987	1.38611	-0.759622	-0.0853153	-1.58692	-0.0795535	0.830696	-0.996908	-0.521421	-0.532925	-0.352204	-1.58656	-0.294283	1.0801	-0.366032	1.19209	17.941	-4.64171	13.4706	-0.558794	5.42402	-32.1269	0.0708652	-1.49426	-0.335418	-7.54415	-0.23905	-1.61518	-0.000505032	1.39132	-0.754211	-0.0818135	-1.57099	-0.0766129	0.819919	-0.993395	1.39655	-0.748625	-0.0783577	-1.55494	-0.0736816	0.809202	-0.990199	1.11022e-16	0.709968	0.780558	7.95206	0.257519	1.61116	-1.05555e-07	0.0291287	0.0594149	-1.89928	0.0123161	0.0590238	-8.81009e-08	
1.1	-0.0587125	1.44884	0.428646	7.69993	0.250628	1.61788	-0.000229563	1.3809	-0.76485	-0.0888587	-1.60271	-0.0825009	0.841525	-1.00075	-0.52011	-0.514448	-0.356361	-1.57177	-0.294954	1.0851	-0.399113	1.3113	18.4774	-4.15742	14.782	-0.670552	5.00679	-33.0806	0.0616046	-1.45677	-0.410159	-7.67601	-0.248424	-1.618	7.62568e-05	1.38611	-0.759622	-0.0853153	-1.58692	-0.0795535	0.830696	-0.996908	1.39132	-0.754211	-0.0818135	-1.57099	-0.0766129	0.819919	-0.993395	-1.66533e-16	0.683558	0.8283	8.05709	0.260515	1.61102	3.86471e-08	0.0262731	0.0557389	-1.9051	0.0111545	0.059141	-9.01174e-08	
1.11	-0.0511608	1.38623	0.50401	7.84461	0.259279	1.62092	-0.000741033	1.37571	-0.769891	-0.0924435	-1.61834	-0.0854506	0.852401	-1.00492	-0.518322	-0.495434	-0.360258	-1.55652	-0.294931	1.08957	-0.43273	1.78814	19.0139	-3.89665	15.2588	0.0223517	4.47035	-33.617	0.0521254	-1.39845	-0.490778	-7.81657	-0.257771	-1.62041	0.000661339	1.3809	-0.76485	-0.0888587	-1.60271	-0.0825009	0.841525	-1.00075	1.38611	-0.759622	-0.0853153	-1.58692	-0.0795535	0.830696	-0.996908	2.22045e-16	0.654757	0.876674	8.16168	0.263543	1.61087	-2.3939e-08	0.0250643	0.0488539	-1.91084	0.0105066	0.0603574	-9.15732e-08	
1.12	-0.041167	1.34144	0.58335	7.97508	0.26814	1.62321	-0.00125788	1.37053	-0.774739	-0.0960662	-1.63382	-0.0884008	0.863319	-1.00944	-0.516653	-0.476062	-0.363864	-1.53983	-0.294723	1.09363	-0.466704	1.66893	19.3715	-3.60608	16.6893	0.208616	4.05312	-33.9746	0.0413968	-1.35733	-0.571416	-7.9453	-0.266997	-1.62276	0.00121105	1.37571	-0.769891	-0.0924435	-1.61834	-0.0854506	0.852401	-1.00492	1.3809	-0.76485	-0.0888587	-1.60271	-0.0825009	0.841525	-1.00075	1.66533e-16	0.623594	0.925594	8.26573	0.266601	1.61071	-7.61111e-08	0.0206156	0.0466956	-1.91759	0.00809533	0.0581749	-9.25038e-08	
1.13	-0.0334622	1.26649	0.662222	8.11912	0.27684	1.6255	-0.00176472	1.36538	-0.779389	-0.0997237	-1.64912	-0.0913498	0.874273	-1.01429	-0.514507	-0.455856	-0.367179	-1.52218	-0.29479	1.09684	-0.501156	2.14577	20.206	-3.31551	17.643	-0.0670552	3.21865	-34.4515	0.0354077	-1.29449	-0.642179	-8.08319	-0.274469	-1.6251	0.00159365	1.37053	-0.774739	-0.0960662	-1.63382	-0.0884008	0.863319	-1.00944	1.37571	-0.769891	-0.0924435	-1.61834	-0.0854506	0.852401	-1.00492	-2.22045e-16	0.59008	0.97498	8.36918	0.269684	1.61052	7.15067e-08	0.020409	0.0414004	-1.92243	0.00837278	0.0586921	-9.35768e-08	
1.14	-0.0222318	1.22	0.74577	8.2448	0.28538	1.62754	-0.00223525	1.36025	-0.783838	-0.103415	-1.66424	-0.0942921	0.885256	-1.01949	-0.512123	-0.43565	-0.370406	-1.50335	-0.293925	1.09953	-0.534773	2.38419	20.206	-3.2261	18.8351	0.864267	2.68221	-33.617	0.0221605	-1.23246	-0.735558	-8.21782	-0.284506	-1.62695	0.00222413	1.36538	-0.779389	-0.0997237	-1.64912	-0.0913498	0.874273	-1.01429	1.37053	-0.774739	-0.0960662	-1.63382	-0.0884008	0.863319	-1.00944	-3.33067e-16	0.554269	1.02477	8.47194	0.272798	1.61033	-2.26469e-08	0.0164353	0.0351139	-1.92739	0.00852087	0.0574942	-9.25956e-08	
1.15	-0.0127045	1.15912	0.827167	8.38006	0.293474	1.63028	-0.00265478	1.35515	-0.788083	-0.107136	-1.67916	-0.0972264	0.896266	-1.02502	-0.509143	-0.415206	-0.373326	-1.48416	-0.29318	1.10185	-0.568271	2.98023	20.4444	-2.92063	19.1927	0.745058	2.32458	-33.4978	0.0132919	-1.17424	-0.814422	-8.35078	-0.29211	-1.62954	0.0025985	1.36025	-0.783838	-0.103415	-1.66424	-0.0942921	0.885256	-1.01949	1.36538	-0.779389	-0.0997237	-1.64912	-0.0913498	0.874273	-1.01429	1.11022e-16	0.516204	1.07487	8.57395	0.275937	1.61011	-8.45904e-08	0.0143143	0.0311681	-1.93438	0.00701458	0.0565512	-9.20171e-08	
1.16	-0.00243905	1.0873	0.913331	8.51782	0.301755	1.63287	-0.00309583	1.35007	-0.792119	-0.110884	-1.69389	-0.100151	0.907293	-1.03089	-0.506043	-0.394285	-0.376098	-1.46401	-0.291981	1.10346	-0.601292	3.09944	20.9212	-2.77162	20.1464	1.19954	1.60933	-33.021	0.00525259	-1.1153	-0.89046	-8.48079	-0.299252	-1.63179	0.00292101	1.35515	-0.788083	-0.107136	-1.67916	-0.0972264	0.896266	-1.02502	1.36025	-0.783838	-0.103415	-1.66424	-0.0942921	0.885256	-1.01949	2.22045e-16	0.475899	1.1252	8.67514	0.279099	1.60988	-1.297e-08	0.0121207	0.0285954	-1.93992	0.00638206	0.055222	-9.1592e-08	
1.17	0.00555516	1.01868	0.991663	8.64878	0.308546	1.63483	-0.00338956	1.34503	-0.795945	-0.114658	-1.70842	-0.103061	0.918333	-1.03707	-0.503063	-0.373065	-0.378236	-1.44279	-0.290133	1.10447	-0.63324	2.98023	21.2193	-2.13832	21.2193	1.84774	1.01328	-31.948	-0.0061634	-1.02181	-0.985331	-8.63045	-0.308482	-1.63495	0.00346277	1.35007	-0.792119	-0.110884	-1.69389	-0.100151	0.907293	-1.03089	1.35515	-0.788083	-0.107136	-1.67916	-0.0972264	0.896266	-1.02502	-1.11022e-16	0.43342	1.17571	8.77543	0.282284	1.60962	-3.48101e-08	0.00957953	0.0192836	-1.95063	0.00624387	0.0535464	-8.83342e-08	
1.18	0.0117003	0.940027	1.06672	8.78377	0.314808	1.63695	-0.00362935	1.34002	-0.799557	-0.118452	-1.72272	-0.105955	0.92938	-1.04358	-0.499248	-0.351667	-0.380114	-1.42097	-0.288486	1.10489	-0.663996	3.81473	21.3981	-1.87755	21.8153	1.64658	0.417233	-30.756	-0.0118215	-0.953258	-1.05636	-8.75839	-0.314176	-1.63663	0.00364484	1.34503	-0.795945	-0.114658	-1.70842	-0.103061	0.918333	-1.03707	1.35007	-0.792119	-0.110884	-1.69389	-0.100151	0.907293	-1.03089	2.22045e-16	0.388813	1.22628	8.87475	0.285488	1.60935	-3.68558e-08	0.00887645	0.0153685	-1.95128	0.00785751	0.0533853	-8.76661e-08	
1.19	0.0244217	0.8538	1.16263	8.92155	0.323576	1.63932	-0.00411972	1.33504	-0.802955	-0.122266	-1.73681	-0.10883	0.940428	-1.05038	-0.495791	-0.330031	-0.382133	-1.39856	-0.286594	1.10483	-0.694036	3.45707	21.6365	-2.01911	22.4113	1.89245	-0.0596046	-30.0407	-0.0253829	-0.882934	-1.15046	-8.88749	-0.322726	-1.63886	0.00410201	1.34002	-0.799557	-0.118452	-1.72272	-0.105955	0.92938	-1.04358	1.34503	-0.795945	-0.114658	-1.70842	-0.103061	0.918333	-1.03707	0	0.342145	1.27687	8.97305	0.28871	1.60906	-4.36125e-08	0.00498898	0.0106581	-1.95771	0.00685543	0.0520011	-8.63822e-08	
1.2	0.0313223	0.771101	1.24005	9.05358	0.329727	1.64144	-0.00434421	1.33011	-0.806136	-0.126096	-1.75067	-0.111683	0.951471	-1.05748	-0.4915	-0.308394	-0.383422	-1.37532	-0.28459	1.10388	-0.721931	4.29153	21.6365	-1.28895	23.2458	2.00421	-0.953674	-27.895	-0.0364487	-0.798211	-1.24058	-9.02054	-0.330324	-1.64077	0.00448024	1.33504	-0.802955	-0.122266	-1.73681	-0.10883	0.940428	-1.05038	1.34002	-0.799557	-0.118452	-1.72272	-0.105955	0.92938	-1.04358	1.11022e-16	0.29347	1.32739	9.07025	0.291946	1.60874	-5.91454e-08	0.0027194	0.0036116	-1.96186	0.00869804	0.0507877	-8.59294e-08	
1.21	0.041336	0.692438	1.32489	9.18117	0.336337	1.64349	-0.00461356	1.32521	-0.809102	-0.129937	-1.76429	-0.114513	0.962503	-1.06484	-0.487328	-0.286818	-0.384584	-1.35148	-0.281788	1.10257	-0.748634	4.17233	21.5769	-1.16229	23.8419	2.80142	-1.3113	-26.7029	-0.0418354	-0.705841	-1.31581	-9.15802	-0.335986	-1.64335	0.00465817	1.33011	-0.806136	-0.126096	-1.75067	-0.111683	0.951471	-1.05748	1.33504	-0.802955	-0.122266	-1.73681	-0.10883	0.940428	-1.05038	4.44089e-16	0.242846	1.37776	9.1663	0.295192	1.60841	-6.15916e-08	0.0012427	-0.00122736	-1.96945	0.00788869	0.0488762	-8.30411e-08	
1.22	0.0512461	0.593296	1.41435	9.31659	0.343439	1.64554	-0.00495203	1.32037	-0.81185	-0.133789	-1.77767	-0.117316	0.973518	-1.07247	-0.482678	-0.264943	-0.385612	-1.32704	-0.279017	1.10048	-0.773549	4.64916	21.8749	-1.02818	24.4379	2.77162	-2.08616	-24.9147	-0.0488744	-0.611649	-1.39582	-9.2925	-0.342031	-1.64556	0.00488131	1.32521	-0.809102	-0.129937	-1.76429	-0.114513	0.962503	-1.06484	1.33011	-0.806136	-0.126096	-1.75067	-0.111683	0.951471	-1.05748	-2.22045e-16	0.190365	1.42792	9.26113	0.298446	1.60806	-1.08453e-07	0.000118164	-0.00632167	-1.97574	0.00955463	0.0476621	-7.96987e-08	
1.23	0.0629817	0.514374	1.50197	9.44044	0.350272	1.64793	-0.00523591	1.31556	-0.814382	-0.137648	-1.79081	-0.120091	0.984508	-1.08033	-0.478029	-0.243545	-0.386134	-1.30212	-0.276141	1.09768	-0.796318	4.64916	21.3981	-0.521541	24.9147	2.87592	-2.80142	-22.769	-0.0588122	-0.521154	-1.4823	-9.42098	-0.348519	-1.64744	0.00515218	1.32037	-0.81185	-0.133789	-1.77767	-0.117316	0.973518	-1.07247	1.32521	-0.809102	-0.129937	-1.76429	-0.114513	0.962503	-1.06484	3.33067e-16	0.136079	1.47779	9.35468	0.301703	1.60768	-7.15866e-08	-0.00252168	-0.0123322	-1.97773	0.0118401	0.0458785	-7.52394e-08	
1.24	0.0684157	0.403577	1.58093	9.5797	0.355701	1.65041	-0.00541535	1.31081	-0.816698	-0.141509	-1.80369	-0.122834	0.995467	-1.08841	-0.472784	-0.221908	-0.386223	-1.27697	-0.272818	1.09446	-0.81718	5.24521	21.6365	-0.089407	25.1532	3.32296	-3.21865	-20.8616	-0.0669825	-0.427162	-1.56374	-9.55351	-0.354555	-1.65043	0.00536288	1.31556	-0.814382	-0.137648	-1.79081	-0.120091	0.984508	-1.08033	1.32037	-0.81185	-0.133789	-1.77767	-0.117316	0.973518	-1.07247	-1.11022e-16	0.0800773	1.5273	9.4469	0.304959	1.60728	-9.87998e-08	-0.00570158	-0.0165318	-1.98379	0.0112722	0.0435253	-7.11683e-08	
1.25	0.0827458	0.315213	1.67611	9.70128	0.363224	1.65251	-0.00578736	1.30611	-0.8188	-0.14537	-1.81632	-0.125543	1.00639	-1.09668	-0.467777	-0.20057	-0.386268	-1.25086	-0.269547	1.09017	-0.836015	5.00679	21.3385	-0.0447035	26.1067	3.2708	-4.29153	-18.8351	-0.0743041	-0.327093	-1.6439	-9.67834	-0.360059	-1.65166	0.00555436	1.31081	-0.816698	-0.141509	-1.80369	-0.122834	0.995467	-1.08841	1.31556	-0.814382	-0.137648	-1.79081	-0.120091	0.984508	-1.08033	-1.11022e-16	0.0224496	1.57637	9.53772	0.30821	1.60687	-8.15059e-08	-0.00652401	-0.02302	-1.99032	0.0135066	0.0424278	-6.74814e-08	
1.26	0.0888857	0.2063	1.75466	9.83306	0.36831	1.65483	-0.00593841	1.30147	-0.820689	-0.149227	-1.82869	-0.128217	1.01727	-1.10514	-0.461936	-0.17935	-0.385717	-1.22464	-0.265718	1.0854	-0.852585	5.84126	21.2193	0.551343	26.226	3.8296	-4.76837	-16.5701	-0.0825856	-0.222546	-1.72725	-9.81121	-0.365867	-1.65447	0.00576595	1.30611	-0.8188	-0.14537	-1.81632	-0.125543	1.00639	-1.09668	1.31081	-0.816698	-0.141509	-1.80369	-0.122834	0.995467	-1.08841	1.11022e-16	-0.0367326	1.62496	9.62711	0.311452	1.60643	-4.01205e-08	-0.00965627	-0.0273306	-1.99805	0.0113948	0.0399568	-6.23063e-08	
1.27	0.0950978	0.100225	1.83169	9.96109	0.373124	1.65714	-0.00606255	1.29688	-0.822368	-0.153078	-1.84079	-0.130852	1.02809	-1.11374	-0.455976	-0.158489	-0.384733	-1.19805	-0.26159	1.08004	-0.86689	5.96046	20.8616	0.983477	26.5837	4.12762	-5.36442	-14.3051	-0.0921181	-0.123701	-1.81105	-9.93338	-0.371531	-1.65642	0.00597161	1.30147	-0.820689	-0.149227	-1.82869	-0.128217	1.01727	-1.10514	1.30611	-0.8188	-0.14537	-1.81632	-0.125543	1.00639	-1.09668	1.11022e-16	-0.0973636	1.67298	9.715	0.31468	1.60598	-9.79298e-08	-0.0119303	-0.0324555	-1.99991	0.0141338	0.0379424	-5.75695e-08	
1.28	0.104472	0.0080628	1.91111	10.0745	0.378481	1.65856	-0.00623539	1.29235	-0.823839	-0.156917	-1.85262	-0.133447	1.03886	-1.12248	-0.449896	-0.137985	-0.383377	-1.17064	-0.257716	1.07372	-0.878692	6.07967	20.504	1.35601	27.4181	3.8743	-6.31809	-11.8017	-0.0987007	-0.00961147	-1.89057	-10.0614	-0.376836	-1.6584	0.00616254	1.29688	-0.822368	-0.153078	-1.84079	-0.130852	1.02809	-1.11374	1.30147	-0.820689	-0.149227	-1.82869	-0.128217	1.01727	-1.10514	-4.44089e-16	-0.159353	1.72038	9.80133	0.317889	1.6055	-6.56706e-08	-0.0137619	-0.0391216	-2.00626	0.015813	0.0360636	-5.19299e-08	
1.29	0.107776	-0.119441	1.98521	10.209	0.383012	1.66104	-0.00636562	1.28789	-0.825105	-0.160742	-1.86418	-0.136	1.04956	-1.13132	-0.443339	-0.11754	-0.381634	-1.14346	-0.253484	1.0668	-0.888348	6.55651	20.4444	1.74344	27.1797	4.23193	-6.91414	-9.65595	-0.107391	0.0946864	-1.9714	-10.1819	-0.3822	-1.66047	0.00635094	1.29235	-0.823839	-0.156917	-1.85262	-0.133447	1.03886	-1.12248	1.29688	-0.822368	-0.153078	-1.84079	-0.130852	1.02809	-1.11374	-2.22045e-16	-0.222611	1.76709	9.88608	0.321074	1.60501	-2.67039e-08	-0.016737	-0.0438938	-2.01255	0.0153942	0.0343396	-4.76381e-08	
1.3	0.117177	-0.2435	2.07289	10.3406	0.389083	1.66401	-0.00665682	1.28349	-0.82617	-0.164549	-1.87546	-0.138508	1.06018	-1.14024	-0.436902	-0.0975728	-0.379831	-1.11604	-0.248834	1.05906	-0.8955	6.4373	19.9676	1.80304	27.4181	4.64918	-7.7486	-7.15256	-0.118935	0.19709	-2.0577	-10.2997	-0.388035	-1.66277	0.00659338	1.28789	-0.825105	-0.160742	-1.86418	-0.136	1.04956	-1.13132	1.29235	-0.823839	-0.156917	-1.85262	-0.133447	1.03886	-1.12248	4.44089e-16	-0.287025	1.81307	9.96918	0.324232	1.6045	-5.8252e-08	-0.0208265	-0.0477203	-2.01868	0.0155818	0.0313597	-4.30347e-08	
1.31	0.121469	-0.34843	2.14025	10.4528	0.392612	1.66538	-0.00668239	1.27916	-0.827039	-0.168334	-1.88646	-0.140969	1.07073	-1.14923	-0.429749	-0.0782609	-0.377253	-1.08778	-0.243902	1.05047	-0.900388	7.15256	19.3119	2.5779	28.2526	4.93228	-8.58307	-4.88758	-0.121669	0.326722	-2.1291	-10.4267	-0.392293	-1.66448	0.00672481	1.28349	-0.82617	-0.164549	-1.87546	-0.138508	1.06018	-1.14024	1.28789	-0.825105	-0.160742	-1.86418	-0.136	1.04956	-1.13132	4.44089e-16	-0.352497	1.85824	10.0506	0.327357	1.60397	-2.29917e-09	-0.0216581	-0.0538023	-2.02435	0.0164226	0.0296508	-3.89704e-08	
1.32	0.131101	-0.471979	2.22565	10.5746	0.398528	1.66742	-0.00698868	1.2749	-0.827716	-0.172094	-1.89718	-0.143382	1.08118	-1.15825	-0.422716	-0.0591874	-0.374705	-1.05953	-0.239074	1.04117	-0.902533	7.03335	19.0735	2.5481	28.2526	4.82798	-9.29832	-2.14577	-0.132085	0.436763	-2.21235	-10.5449	-0.397822	-1.66708	0.00695726	1.27916	-0.827039	-0.168334	-1.88646	-0.140969	1.07073	-1.14923	1.28349	-0.82617	-0.164549	-1.87546	-0.138508	1.06018	-1.14024	6.66134e-16	-0.418907	1.90257	10.1303	0.330445	1.60343	-6.75651e-08	-0.0251647	-0.0593702	-2.03203	0.0167069	0.0272348	-3.35771e-08	
1.33	0.140603	-0.582726	2.30511	10.6826	0.403592	1.66854	-0.00721062	1.27071	-0.828207	-0.175823	-1.90762	-0.145743	1.09153	-1.16727	-0.415325	-0.0407696	-0.371709	-1.03068	-0.233829	1.03092	-0.902653	7.39098	18.4178	2.99513	28.8486	5.24521	-10.252	-0.119209	-0.138523	0.557498	-2.28786	-10.6635	-0.402488	-1.66916	0.00713338	1.2749	-0.827716	-0.172094	-1.89718	-0.143382	1.08118	-1.15825	1.27916	-0.827039	-0.168334	-1.88646	-0.140969	1.07073	-1.14923	2.22045e-16	-0.486151	1.946	10.2082	0.33349	1.60288	-6.07307e-08	-0.0279366	-0.0641557	-2.0375	0.0177167	0.0248283	-2.91006e-08	
1.34	0.148327	-0.70362	2.38222	10.8017	0.408552	1.67155	-0.00741372	1.2666	-0.828517	-0.17952	-1.91778	-0.148053	1.10178	-1.17629	-0.407577	-0.0231266	-0.368267	-1.00231	-0.228703	1.0196	-0.900268	7.7486	17.643	3.44217	28.3718	5.126	-11.3249	2.38419	-0.144066	0.682198	-2.36129	-10.7826	-0.40697	-1.67151	0.00730241	1.27071	-0.828207	-0.175823	-1.90762	-0.145743	1.09153	-1.16727	1.2749	-0.827716	-0.172094	-1.89718	-0.143382	1.08118	-1.15825	4.44089e-16	-0.554099	1.9885	10.2844	0.336489	1.60231	-9.78397e-08	-0.0290345	-0.0708592	-2.04069	0.0203624	0.0246126	-2.48133e-08	
1.35	0.151634	-0.833389	2.45047	10.9169	0.412506	1.67298	-0.00756744	1.26257	-0.828653	-0.183179	-1.92764	-0.150309	1.11192	-1.18527	-0.399947	-0.00578165	-0.36411	-0.973463	-0.223145	1.00791	-0.895619	7.62939	17.345	4.15742	28.8487	5.55813	-11.6825	4.64916	-0.152105	0.806582	-2.43934	-10.8942	-0.411998	-1.67278	0.00756348	1.2666	-0.828517	-0.17952	-1.91778	-0.148053	1.10178	-1.17629	1.27071	-0.828207	-0.175823	-1.90762	-0.145743	1.09153	-1.16727	-2.22045e-16	-0.622654	2.03	10.3587	0.339436	1.60174	-9.28297e-08	-0.0325119	-0.0761244	-2.04694	0.0196229	0.022141	-2.02014e-08	
1.36	0.162483	-0.956204	2.53292	11.032	0.41825	1.67606	-0.00788154	1.25861	-0.82862	-0.186796	-1.93722	-0.152509	1.12193	-1.19419	-0.392079	0.01055	-0.359997	-0.944853	-0.217706	0.994921	-0.889063	7.86781	16.3317	4.11272	28.6102	5.43892	-12.9939	6.55651	-0.155465	0.928635	-2.50416	-11.004	-0.415594	-1.67452	0.00766655	1.26257	-0.828653	-0.183179	-1.92764	-0.150309	1.11192	-1.18527	1.2666	-0.828517	-0.17952	-1.91778	-0.148053	1.10178	-1.17629	0	-0.691677	2.07047	10.4311	0.342327	1.60115	-8.49894e-08	-0.0348995	-0.0784668	-2.05394	0.0176909	0.0193714	-1.7199e-08	
1.37	0.162486	-1.08918	2.59221	11.1441	0.421314	1.67744	-0.00797258	1.25474	-0.828426	-0.190368	-1.94651	-0.154652	1.1318	-1.20304	-0.383735	0.0264049	-0.354946	-0.915885	-0.211894	0.981569	-0.880241	8.34465	15.8548	5.05149	28.9679	5.81145	-13.3514	8.82149	-0.162872	1.06334	-2.58162	-11.1232	-0.420789	-1.67744	0.00795977	1.25861	-0.82862	-0.186796	-1.93722	-0.152509	1.12193	-1.19419	1.26257	-0.828653	-0.183179	-1.92764	-0.150309	1.11192	-1.18527	2.22045e-16	-0.761049	2.10987	10.5016	0.345159	1.60056	-5.19679e-08	-0.0374197	-0.0848161	-2.06018	0.0194217	0.0178772	-1.26846e-08	
1.38	0.169187	-1.21851	2.66474	11.2519	0.425847	1.67909	-0.00823149	1.25094	-0.828079	-0.193891	-1.9555	-0.156735	1.14154	-1.21178	-0.375509	0.0414848	-0.349849	-0.886798	-0.205651	0.967145	-0.869274	8.22544	15.08	5.0962	29.0871	6.24359	-14.4243	10.9673	-0.174574	1.18228	-2.66218	-11.2247	-0.426297	-1.67879	0.00830692	1.25474	-0.828426	-0.190368	-1.94651	-0.154652	1.1318	-1.20304	1.25861	-0.82862	-0.186796	-1.93722	-0.152509	1.12193	-1.19419	4.44089e-16	-0.83064	2.14817	10.5702	0.347928	1.59997	-5.14484e-08	-0.0414362	-0.0897152	-2.06514	0.0195273	0.0162645	-9.41986e-09	
1.39	0.172335	-1.34325	2.72609	11.3542	0.429396	1.68058	-0.00838329	1.24724	-0.827586	-0.19736	-1.96421	-0.158759	1.15113	-1.2204	-0.366688	0.0556111	-0.344142	-0.857592	-0.19972	0.951528	-0.85628	8.82149	14.1263	5.70714	29.2063	5.93066	-15.6164	12.9938	-0.176473	1.30961	-2.72165	-11.3272	-0.429581	-1.67999	0.00843764	1.25094	-0.828079	-0.193891	-1.9555	-0.156735	1.14154	-1.21178	1.25474	-0.828426	-0.190368	-1.94651	-0.154652	1.1318	-1.20304	6.66134e-16	-0.900326	2.18534	10.6369	0.350629	1.59937	-2.14483e-08	-0.0430053	-0.0961347	-2.06905	0.0211719	0.0150322	-5.40691e-09	
1.4	0.182624	-1.47028	2.80333	11.4548	0.4346	1.68201	-0.00875131	1.24362	-0.826956	-0.200771	-1.97263	-0.160722	1.16055	-1.22888	-0.357866	0.0689626	-0.338554	-0.828385	-0.193223	0.935316	-0.841498	8.82149	13.3514	5.58794	29.2063	6.49691	-16.2125	14.782	-0.182426	1.43777	-2.7896	-11.432	-0.433852	-1.68197	0.00868404	1.24724	-0.827586	-0.19736	-1.96421	-0.158759	1.15113	-1.2204	1.25094	-0.828079	-0.193891	-1.9555	-0.156735	1.14154	-1.21178	4.44089e-16	-0.969959	2.22135	10.7016	0.353259	1.59877	-1.00241e-08	-0.0453091	-0.101099	-2.07278	0.0222955	0.0138472	-1.5088e-09	
1.41	0.184353	-1.60166	2.86146	11.5582	0.437985	1.68395	-0.00892402	1.24009	-0.826198	-0.204121	-1.98075	-0.162621	1.16981	-1.23721	-0.349164	0.0814199	-0.331819	-0.799417	-0.186846	0.917911	-0.824928	8.70228	12.4574	6.73532	28.9679	6.3777	-17.4046	16.5701	-0.182913	1.58481	-2.85069	-11.5467	-0.437567	-1.68448	0.00891318	1.24362	-0.826956	-0.200771	-1.97263	-0.160722	1.16055	-1.22888	1.24724	-0.827586	-0.19736	-1.96421	-0.158759	1.15113	-1.2204	0	-1.03942	2.25617	10.7642	0.355817	1.59817	-6.17407e-08	-0.0465599	-0.108158	-2.08183	0.0218289	0.0125138	1.43849e-09	
1.42	0.193428	-1.7337	2.93482	11.6592	0.443245	1.6858	-0.00932882	1.23664	-0.82532	-0.207404	-1.98859	-0.164456	1.17889	-1.24536	-0.339866	0.0929236	-0.325382	-0.77045	-0.180677	0.899792	-0.806689	9.29832	11.5037	6.4373	28.9679	6.16908	-18.1198	18.239	-0.185911	1.71454	-2.91025	-11.6419	-0.441095	-1.68523	0.00914264	1.24009	-0.826198	-0.204121	-1.98075	-0.162621	1.16981	-1.23721	1.24362	-0.826956	-0.200771	-1.97263	-0.160722	1.16055	-1.22888	-2.22045e-16	-1.10857	2.28977	10.8249	0.358297	1.59757	-3.41737e-08	-0.0492803	-0.112583	-2.08445	0.0226813	0.0107706	3.82323e-09	
1.43	0.19514	-1.85991	2.9889	11.7524	0.44629	1.68705	-0.00950586	1.23329	-0.824331	-0.210617	-1.99613	-0.166226	1.18778	-1.25332	-0.330687	0.103474	-0.317872	-0.741363	-0.173897	0.88048	-0.786781	9.17912	10.55	7.51019	29.0871	6.78003	-19.3119	19.908	-0.198693	1.83675	-2.98726	-11.7325	-0.446754	-1.68644	0.00960109	1.23664	-0.82532	-0.207404	-1.98859	-0.164456	1.17889	-1.24536	1.24009	-0.826198	-0.204121	-1.98075	-0.162621	1.16981	-1.23721	0	-1.17726	2.32215	10.8836	0.360698	1.59698	-5.38085e-08	-0.0546247	-0.11673	-2.09008	0.0217326	0.00917199	5.76269e-09	
1.44	0.204405	-1.99533	3.06128	11.8523	0.451712	1.6893	-0.00996413	1.23004	-0.823243	-0.213756	-2.00339	-0.167929	1.19648	-1.26107	-0.321507	0.11313	-0.310481	-0.712633	-0.167534	0.860333	-0.76592	9.17912	9.65595	7.39095	28.7294	6.3628	-20.1464	20.8616	-0.20037	1.97443	-3.04451	-11.8383	-0.4503	-1.68936	0.00984018	1.23329	-0.824331	-0.210617	-1.99613	-0.166226	1.18778	-1.25332	1.23664	-0.82532	-0.207404	-1.98859	-0.164456	1.17889	-1.24536	0	-1.24536	2.35327	10.9402	0.363019	1.59639	-8.60242e-08	-0.0562615	-0.120993	-2.09937	0.0206629	0.00763279	8.16543e-09	
1.45	0.207218	-2.132	3.11929	11.9502	0.455475	1.69118	-0.0102731	1.22688	-0.822063	-0.216816	-2.01036	-0.169565	1.20497	-1.26861	-0.311732	0.121713	-0.302494	-0.684023	-0.160813	0.839353	-0.743389	9.77513	8.58307	7.98702	28.6102	6.72042	-20.9808	22.5306	-0.202691	2.11165	-3.10193	-11.9349	-0.453914	-1.69103	0.0101328	1.23004	-0.823243	-0.213756	-2.00339	-0.167929	1.19648	-1.26107	1.23329	-0.824331	-0.210617	-1.99613	-0.166226	1.18778	-1.25332	1.11022e-15	-1.31272	2.38312	10.9948	0.365255	1.59581	-9.03444e-08	-0.05804	-0.127993	-2.10484	0.021513	0.00662185	1.15996e-08	
1.46	0.217318	-2.24241	3.1821	12.0225	0.459852	1.69111	-0.0106509	1.22381	-0.820804	-0.219793	-2.01704	-0.171134	1.21324	-1.27591	-0.302315	0.129223	-0.294089	-0.654697	-0.15381	0.81706	-0.719786	9.41753	7.51019	8.40425	29.3255	7.00353	-22.2921	23.6034	-0.210477	2.2341	-3.16436	-12.0201	-0.458499	-1.6922	0.0105246	1.22688	-0.822063	-0.216816	-2.01036	-0.169565	1.20497	-1.26861	1.23004	-0.823243	-0.213756	-2.00339	-0.167929	1.19648	-1.26107	-2.22045e-16	-1.37921	2.41169	11.0473	0.367406	1.59524	-4.07755e-08	-0.0607983	-0.131665	-2.11024	0.0203605	0.00591128	1.15852e-08	
1.47	0.217265	-2.38034	3.23247	12.1173	0.463019	1.69297	-0.0109355	1.22084	-0.819474	-0.222683	-2.02343	-0.172634	1.22128	-1.28297	-0.29242	0.135779	-0.285074	-0.626326	-0.146881	0.794053	-0.695229	9.89437	6.55651	9.0152	28.3718	6.92904	-23.0074	24.5571	-0.210413	2.36738	-3.2134	-12.1132	-0.461467	-1.69402	0.0107724	1.22381	-0.820804	-0.219793	-2.01704	-0.171134	1.21324	-1.27591	1.22688	-0.822063	-0.216816	-2.01036	-0.169565	1.20497	-1.26861	-4.44089e-16	-1.44467	2.43897	11.0977	0.369471	1.59469	-7.83493e-08	-0.0634135	-0.137473	-2.11619	0.0204975	0.00457371	1.4306e-08	
1.48	0.218408	-2.51831	3.28442	12.2087	0.46657	1.69457	-0.0112889	1.21797	-0.818084	-0.225482	-2.02954	-0.174065	1.22909	-1.28979	-0.282884	0.141442	-0.275522	-0.597954	-0.139877	0.769973	-0.669599	9.53674	5.66244	9.55164	28.3718	7.00355	-24.0803	25.63	-0.213846	2.50361	-3.26987	-12.2042	-0.465387	-1.69562	0.0111633	1.22084	-0.819474	-0.222683	-2.02343	-0.172634	1.22128	-1.28297	1.22381	-0.820804	-0.219793	-2.01704	-0.171134	1.21324	-1.27591	0	-1.50896	2.46494	11.1461	0.371448	1.59414	-1.54503e-08	-0.0660112	-0.140674	-2.12281	0.0190693	0.00288771	1.44171e-08	
1.49	0.224874	-2.63942	3.34043	12.2887	0.470627	1.69599	-0.0116828	1.2152	-0.816647	-0.228186	-2.03536	-0.175426	1.23665	-1.29634	-0.272751	0.145674	-0.265941	-0.569582	-0.132963	0.7447	-0.643134	10.1328	4.23193	9.58145	28.3718	6.91414	-25.2724	26.4645	-0.220905	2.62469	-3.32725	-12.2818	-0.469622	-1.69657	0.0115828	1.21797	-0.818084	-0.225482	-2.02954	-0.174065	1.22909	-1.28979	1.22084	-0.819474	-0.222683	-2.02343	-0.172634	1.22128	-1.28297	-4.44089e-16	-1.57194	2.48962	11.1924	0.373336	1.59361	-3.22288e-08	-0.069348	-0.147766	-2.12722	0.0196641	0.00288955	1.74388e-08	
1.5	0.231897	-2.7659	3.39861	12.3729	0.475041	1.69781	-0.0121491	1.21253	-0.815171	-0.230789	-2.04091	-0.176716	1.24396	-1.30262	-0.262737	0.148833	-0.255987	-0.541687	-0.1259	0.718951	-0.615835	10.0136	3.15905	9.95398	27.895	7.06315	-25.7492	27.2989	-0.221862	2.75267	-3.37391	-12.361	-0.47264	-1.69716	0.0119195	1.2152	-0.816647	-0.228186	-2.03536	-0.175426	1.23665	-1.29634	1.21797	-0.818084	-0.225482	-2.02954	-0.174065	1.22909	-1.28979	-4.44089e-16	-1.63346	2.51298	11.2365	0.375135	1.5931	-1.65079e-09	-0.071048	-0.151755	-2.13343	0.018698	0.000905581	1.78082e-08	
1.51	0.228674	-2.89409	3.43584	12.4514	0.477289	1.69853	-0.0124139	1.20995	-0.813668	-0.233289	-2.04617	-0.177935	1.251	-1.30863	-0.252724	0.151157	-0.24496	-0.513554	-0.118598	0.691891	-0.588298	10.0136	2.32458	11.0269	28.1334	7.30158	-27.0605	27.5373	-0.232722	2.8717	-3.43641	-12.4399	-0.477747	-1.69916	0.012451	1.21253	-0.815171	-0.230789	-2.04091	-0.176716	1.24396	-1.30262	1.2152	-0.816647	-0.228186	-2.03536	-0.175426	1.23665	-1.29634	0	-1.69337	2.53503	11.2786	0.376844	1.5926	-3.47259e-08	-0.0770467	-0.156013	-2.13626	0.0186312	0.000400001	1.71582e-08	
1.52	0.230344	-3.02696	3.48399	12.5365	0.480869	1.70071	-0.0128303	1.20748	-0.81215	-0.235681	-2.05115	-0.179083	1.25776	-1.31435	-0.242591	0.152349	-0.233918	-0.485897	-0.111476	0.663638	-0.560045	10.1328	1.19209	11.0418	27.6566	7.12276	-28.2526	28.2526	-0.237541	2.98681	-3.48453	-12.5087	-0.48124	-1.69945	0.0128576	1.20995	-0.813668	-0.233289	-2.04617	-0.177935	1.251	-1.30863	1.21253	-0.815171	-0.230789	-2.04091	-0.176716	1.24396	-1.30262	2.22045e-16	-1.75152	2.55576	11.3187	0.378465	1.59212	-1.11933e-07	-0.0793726	-0.160059	-2.14254	0.0170035	-0.000239188	1.75276e-08	
1.53	0.244461	-3.13877	3.54857	12.6076	0.486321	1.70248	-0.013442	1.20511	-0.810627	-0.237961	-2.05586	-0.180159	1.26424	-1.3198	-0.232339	0.152111	-0.223055	-0.45824	-0.104487	0.634551	-0.531435	10.252	-0.238419	10.8629	27.6566	6.98864	-29.0871	28.6102	-0.236997	3.12082	-3.52809	-12.5914	-0.484378	-1.70115	0.013258	1.20748	-0.81215	-0.235681	-2.05115	-0.179083	1.25776	-1.31435	1.20995	-0.813668	-0.233289	-2.04617	-0.177935	1.251	-1.30863	6.66134e-16	-1.80778	2.57517	11.3566	0.379995	1.59166	-1.11167e-07	-0.080338	-0.164606	-2.14798	0.0158496	3.31794e-05	1.64729e-08	
1.54	0.237687	-3.26722	3.57706	12.6801	0.488024	1.70272	-0.0137214	1.20285	-0.80911	-0.240123	-2.06029	-0.181163	1.27042	-1.32495	-0.221968	0.151336	-0.210732	-0.430346	-0.0971258	0.604391	-0.502467	10.3712	-0.77486	12.3233	27.895	7.36117	-30.1599	28.9679	-0.242754	3.23607	-3.57676	-12.665	-0.488267	-1.70307	0.0137061	1.20511	-0.810627	-0.237961	-2.05586	-0.180159	1.26424	-1.3198	1.20748	-0.81215	-0.235681	-2.05115	-0.179083	1.25776	-1.31435	-4.44089e-16	-1.86199	2.59325	11.3924	0.381434	1.59122	-6.30117e-08	-0.0845537	-0.171048	-2.157	0.0153609	-0.00136168	2.13816e-08	
1.55	0.245419	-3.38171	3.62868	12.7525	0.492355	1.70469	-0.0142478	1.20068	-0.807609	-0.242167	-2.06444	-0.182094	1.27629	-1.32982	-0.211835	0.149012	-0.198603	-0.403166	-0.0899285	0.573516	-0.47338	10.1328	-2.32458	12.1295	27.1797	7.19726	-30.8752	29.0871	-0.251255	3.35195	-3.63055	-12.7325	-0.4925	-1.70408	0.0142569	1.20285	-0.80911	-0.240123	-2.06029	-0.181163	1.27042	-1.32495	1.20511	-0.810627	-0.237961	-2.05586	-0.180159	1.26424	-1.3198	-4.44089e-16	-1.91401	2.61004	11.4261	0.382786	1.59081	-1.07779e-07	-0.0881945	-0.175501	-2.16052	0.014686	-0.00172724	1.94452e-08	
1.56	0.252407	-3.49535	3.67792	12.8229	0.496489	1.70671	-0.0147692	1.19862	-0.806137	-0.244084	-2.06832	-0.182953	1.28185	-1.33439	-0.201464	0.145674	-0.18613	-0.375986	-0.0827014	0.541329	-0.443935	10.3712	-3.33786	12.4723	27.1797	7.22706	-32.1865	29.4447	-0.255338	3.45978	-3.67193	-12.7959	-0.495939	-1.70487	0.0147037	1.20068	-0.807609	-0.242167	-2.06444	-0.182094	1.27629	-1.32982	1.20285	-0.80911	-0.240123	-2.06029	-0.181163	1.27042	-1.32495	-4.44089e-16	-1.96369	2.6255	11.4577	0.384048	1.59041	-8.63211e-08	-0.0907603	-0.178988	-2.16486	0.0136845	-0.00228958	1.85726e-08	
1.57	0.253251	-3.60505	3.71334	12.8885	0.499324	1.70799	-0.0151647	1.19666	-0.804703	-0.245873	-2.07193	-0.183739	1.28709	-1.33866	-0.190854	0.141263	-0.172943	-0.348806	-0.0754446	0.508308	-0.414491	10.6096	-4.41074	13.1875	27.1797	7.25686	-33.021	29.4447	-0.253432	3.58011	-3.70581	-12.8712	-0.498744	-1.70717	0.0150872	1.19862	-0.806137	-0.244084	-2.06832	-0.182953	1.28185	-1.33439	1.20068	-0.807609	-0.242167	-2.06444	-0.182094	1.27629	-1.32982	0	-2.0109	2.63965	11.4873	0.385222	1.59004	-2.02152e-08	-0.0915575	-0.184446	-2.17143	0.0138108	-0.00246653	1.83827e-08	
1.58	0.259458	-3.71032	3.75724	12.9502	0.503026	1.70927	-0.0156786	1.19481	-0.803318	-0.24753	-2.07527	-0.184452	1.29198	-1.34265	-0.180483	0.135899	-0.159547	-0.321627	-0.0679195	0.474334	-0.385165	10.3712	-5.36442	13.3961	27.1797	7.52509	-33.9747	29.3255	-0.263056	3.67789	-3.75368	-12.9262	-0.502728	-1.70787	0.0156287	1.19666	-0.804703	-0.245873	-2.07193	-0.183739	1.28709	-1.33866	1.19862	-0.806137	-0.244084	-2.06832	-0.182953	1.28185	-1.33439	0	-2.05549	2.65249	11.5147	0.38631	1.58969	-8.73035e-08	-0.0967471	-0.188763	-2.17743	0.0123064	-0.00396421	1.86732e-08	
1.59	0.26505	-3.81491	3.79923	13.0075	0.506682	1.70998	-0.0162202	1.19307	-0.801992	-0.249049	-2.07833	-0.185091	1.29653	-1.34634	-0.169873	0.1297	-0.145823	-0.294209	-0.0604987	0.439167	-0.355363	10.6096	-6.19888	13.724	27.4181	7.42078	-35.1667	29.8023	-0.257378	3.80253	-3.78128	-13.004	-0.50517	-1.71047	0.0160137	1.19481	-0.803318	-0.24753	-2.07527	-0.184452	1.29198	-1.34265	1.19666	-0.804703	-0.245873	-2.07193	-0.183739	1.28709	-1.33866	2.22045e-16	-2.09732	2.66402	11.54	0.387309	1.58936	-6.20224e-08	-0.0961956	-0.194913	-2.18438	0.0118215	-0.00275822	1.72079e-08	
1.6	0.269081	-3.91762	3.83727	13.0701	0.510213	1.71196	-0.016718	1.19142	-0.800735	-0.250428	-2.08113	-0.185657	1.30073	-1.34973	-0.159383	0.122368	-0.131488	-0.267267	-0.0532865	0.403047	-0.326037	10.4904	-7.33138	14.3349	26.9413	7.21216	-36.1204	29.3255	-0.270768	3.89389	-3.83321	-13.054	-0.509911	-1.71122	0.0166632	1.19307	-0.801992	-0.249049	-2.07833	-0.185091	1.29653	-1.34634	1.19481	-0.803318	-0.24753	-2.07527	-0.184452	1.29198	-1.34265	-6.66134e-16	-2.13626	2.67425	11.5632	0.388223	1.58906	-3.23171e-08	-0.101729	-0.198612	-2.18851	0.0105283	-0.0033668	1.59082e-08	
1.61	0.274306	-4.00902	3.8734	13.1229	0.513511	1.71307	-0.0172067	1.18989	-0.799556	-0.251662	-2.08365	-0.186149	1.30456	-1.35283	-0.148654	0.114024	-0.116855	-0.240087	-0.0458062	0.366092	-0.296712	10.7288	-8.34465	14.6329	27.1797	7.48038	-36.9549	29.3255	-0.265579	4.00393	-3.85646	-13.1229	-0.511812	-1.71356	0.0170028	1.19142	-0.800735	-0.250428	-2.08113	-0.185657	1.30073	-1.34973	1.19307	-0.801992	-0.249049	-2.07833	-0.185091	1.29653	-1.34634	6.66134e-16	-2.17217	2.68316	11.5842	0.389052	1.58878	-6.02238e-08	-0.101321	-0.205053	-2.19579	0.0104193	-0.0035396	1.65906e-08	
1.62	0.275245	-4.11449	3.90634	13.1871	0.516667	1.71531	-0.0177053	1.18846	-0.798465	-0.252747	-2.08591	-0.186566	1.30801	-1.35564	-0.137687	0.105023	-0.101864	-0.213146	-0.0384897	0.328064	-0.267386	10.9673	-9.0003	14.9906	26.9413	7.31647	-38.0278	29.3255	-0.269884	4.09069	-3.88906	-13.1703	-0.514869	-1.71409	0.0174793	1.18989	-0.799556	-0.251662	-2.08365	-0.186149	1.30456	-1.35283	1.19142	-0.800735	-0.250428	-2.08113	-0.185657	1.30073	-1.34973	-8.88178e-16	-2.20492	2.69077	11.6031	0.389796	1.58853	-3.93282e-08	-0.10442	-0.209221	-2.19928	0.0097781	-0.00373659	1.44182e-08	
1.63	0.270874	-4.11537	3.89146	13.1692	0.514691	1.71159	-0.0174367	1.18715	-0.79747	-0.25368	-2.08789	-0.186909	1.31108	-1.35815	-0.127077	0.0950098	-0.0864863	-0.185966	-0.0310242	0.28944	-0.238538	10.6096	-10.0136	15.378	27.1797	7.46548	-38.6238	28.8487	-0.267565	4.1302	-3.89196	-13.185	-0.514892	-1.71328	0.0174828	1.18846	-0.798465	-0.252747	-2.08591	-0.186566	1.30801	-1.35564	1.18989	-0.799556	-0.251662	-2.08365	-0.186149	1.30456	-1.35283	6.66134e-16	-2.23438	2.69708	11.6199	0.390456	1.58831	-3.24666e-08	-0.104155	-0.208816	-2.19985	0.00952775	-0.00427684	1.43126e-08	
1.64	0.253906	-4.03457	3.82369	13.0854	0.507011	1.70299	-0.0163684	1.18593	-0.796575	-0.254463	-2.08961	-0.18718	1.31376	-1.36038	-0.116825	0.0849962	-0.0717342	-0.160217	-0.023827	0.252247	-0.210524	10.252	-10.0136	14.7521	25.7492	7.19726	-37.1933	28.0142	-0.256619	4.06777	-3.8421	-13.1233	-0.509161	-1.70741	0.0166242	1.18715	-0.79747	-0.25368	-2.08789	-0.186909	1.31108	-1.35815	1.18846	-0.798465	-0.252747	-2.08591	-0.186566	1.30801	-1.35564	-2.22045e-16	-2.26057	2.70212	11.6345	0.391036	1.58811	-9.78078e-08	-0.099767	-0.197916	-2.18809	0.00843786	-0.00346748	1.39956e-08	
1.65	0.223111	-3.9209	3.71865	12.9831	0.495484	1.69413	-0.0147376	1.18482	-0.795779	-0.255103	-2.09108	-0.187383	1.31609	-1.36234	-0.107288	0.0753403	-0.0578165	-0.137329	-0.0171959	0.217438	-0.184298	9.53674	-9.65595	13.9177	22.8882	6.63101	-34.8091	26.226	-0.231534	3.94541	-3.74443	-13.0042	-0.498315	-1.69599	0.0151268	1.18593	-0.796575	-0.254463	-2.08961	-0.18718	1.31376	-1.36038	1.18715	-0.79747	-0.25368	-2.08789	-0.186909	1.31108	-1.35815	-2.22045e-16	-2.28362	2.70597	11.6472	0.391538	1.58793	-7.97194e-08	-0.0917953	-0.182496	-2.1677	0.0088354	-0.00407178	1.6117e-08	
1.66	0.197057	-3.77033	3.6095	12.8477	0.48369	1.68221	-0.0130534	1.18379	-0.795076	-0.255613	-2.09234	-0.187524	1.31809	-1.36405	-0.0988245	0.0663996	-0.0454187	-0.116348	-0.0114441	0.186205	-0.160217	8.46386	-8.9407	12.3978	20.9808	5.75185	-31.2328	24.0803	-0.20214	3.79822	-3.63021	-12.8746	-0.486019	-1.6847	0.0133723	1.18482	-0.795779	-0.255103	-2.09108	-0.187383	1.31609	-1.36234	1.18593	-0.796575	-0.254463	-2.08961	-0.18718	1.31376	-1.36038	-6.66134e-16	-2.30378	2.70876	11.6582	0.391972	1.58777	-7.19356e-08	-0.081023	-0.161358	-2.14567	0.00727313	-0.00401116	1.21583e-08	
1.67	0.173035	-3.59552	3.49578	12.6939	0.471585	1.66882	-0.0113049	1.18284	-0.794459	-0.256006	-2.0934	-0.187611	1.3198	-1.36553	-0.0914335	0.0581145	-0.0343025	-0.0975132	-0.0064075	0.158429	-0.138044	7.39098	-8.28505	11.1163	18.8351	5.03659	-27.7758	22.1729	-0.17958	3.63427	-3.52308	-12.7307	-0.474495	-1.67252	0.011692	1.18379	-0.795076	-0.255613	-2.09234	-0.187524	1.31809	-1.36405	1.18482	-0.795779	-0.255103	-2.09108	-0.187383	1.31609	-1.36234	2.22045e-16	-2.32134	2.71061	11.6675	0.392343	1.58764	-8.09003e-08	-0.0728862	-0.14196	-2.1221	0.00705743	-0.00430351	1.42964e-08	
1.68	0.149883	-3.45106	3.39517	12.5748	0.460896	1.65955	-0.00971813	1.18197	-0.793919	-0.256297	-2.09429	-0.18765	1.32124	-1.3668	-0.0852346	0.0507832	-0.0247657	-0.0822544	-0.00190735	0.134349	-0.117898	6.19888	-7.33137	9.53675	15.2588	4.50015	-24.0803	20.1464	-0.15246	3.48695	-3.41395	-12.6022	-0.462879	-1.66158	0.0100317	1.18284	-0.794459	-0.256006	-2.0934	-0.187611	1.3198	-1.36553	1.18379	-0.795076	-0.255613	-2.09234	-0.187524	1.31809	-1.36405	-6.66134e-16	-2.33662	2.71163	11.6755	0.39266	1.58752	-7.94977e-08	-0.0621622	-0.123643	-2.10242	0.00625312	-0.00493193	1.24329e-08	
1.69	0.129645	-3.29881	3.29734	12.4444	0.450704	1.64869	-0.00821962	1.18115	-0.793447	-0.256499	-2.09503	-0.187649	1.32247	-1.36787	-0.0795126	0.0442862	-0.0165701	-0.0684261	0.00166893	0.113249	-0.0995397	5.72205	-6.49691	8.19564	13.8283	3.57628	-21.1001	18.3582	-0.136999	3.32965	-3.32322	-12.4709	-0.453272	-1.65111	0.00858078	1.18197	-0.793919	-0.256297	-2.09429	-0.18765	1.32124	-1.3668	1.18284	-0.794459	-0.256006	-2.0934	-0.187611	1.3198	-1.36553	-2.22045e-16	-2.34989	2.71196	11.6824	0.392927	1.58742	-1.16136e-07	-0.0542716	-0.106162	-2.08151	0.00612394	-0.00371177	1.3964e-08	
1.7	0.102388	-3.19141	3.20308	12.3528	0.44091	1.64106	-0.00683626	1.18038	-0.793034	-0.256624	-2.09565	-0.187613	1.3235	-1.36877	-0.0749826	0.0389814	-0.00923872	-0.0574589	0.0051707	0.0956058	-0.0829697	4.52995	-5.30481	7.33137	10.9673	3.50177	-17.643	16.5701	-0.111635	3.19862	-3.22378	-12.3581	-0.44304	-1.64139	0.00712282	1.18115	-0.793447	-0.256499	-2.09503	-0.187649	1.32247	-1.36787	1.18197	-0.793919	-0.256297	-2.09429	-0.18765	1.32124	-1.3668	-4.44089e-16	-2.36144	2.71168	11.6882	0.393151	1.58734	-1.03447e-07	-0.0453477	-0.0899565	-2.06284	0.00543352	-0.00406644	1.24308e-08	
1.71	0.091092	-3.06784	3.1327	12.25	0.433736	1.63279	-0.00574682	1.17965	-0.792673	-0.256684	-2.09617	-0.187547	1.32437	-1.36952	-0.0711679	0.0340939	-0.00339746	-0.0476837	0.00786781	0.0804663	-0.0679493	3.8147	-4.88758	5.84126	9.77516	2.69711	-15.1396	15.0204	-0.0962163	3.08229	-3.14839	-12.2629	-0.435306	-1.63393	0.00596291	1.18038	-0.793034	-0.256624	-2.09565	-0.187613	1.3235	-1.36877	1.18115	-0.793447	-0.256499	-2.09503	-0.187649	1.32247	-1.36787	0	-2.37151	2.71089	11.6932	0.393338	1.58727	-1.01349e-07	-0.039089	-0.0774556	-2.04768	0.00553854	-0.00363823	1.24586e-08	
1.72	0.0814459	-2.95835	3.07065	12.1607	0.427513	1.62569	-0.00479434	1.17896	-0.792355	-0.256689	-2.0966	-0.187457	1.3251	-1.37013	-0.0678301	0.0298023	0.00146031	-0.0395775	0.010103	0.0678301	-0.0547171	3.33786	-4.29154	4.85778	8.10623	2.23517	-12.6362	13.2322	-0.0790153	2.98293	-3.07584	-12.1789	-0.428121	-1.62693	0.00491332	1.17965	-0.792673	-0.256684	-2.09617	-0.187547	1.32437	-1.36952	1.18038	-0.793034	-0.256624	-2.09565	-0.187613	1.3235	-1.36877	-4.44089e-16	-2.38034	2.70967	11.6975	0.393491	1.58722	-2.96538e-08	-0.0326168	-0.0645845	-2.0341	0.0050253	-0.00384456	1.28238e-08	
1.73	0.0674177	-2.87116	3.00859	12.0856	0.421397	1.61928	-0.00391196	1.17829	-0.792076	-0.256648	-2.09696	-0.187346	1.32572	-1.37061	-0.0650883	0.0264049	0.00584125	-0.0326633	0.0120401	0.056982	-0.0427961	2.74181	-3.39746	4.38094	6.91414	1.93715	-10.848	11.9209	-0.0648013	2.88963	-3.01129	-12.0992	-0.421683	-1.62003	0.00398997	1.17896	-0.792355	-0.256689	-2.0966	-0.187457	1.3251	-1.37013	1.17965	-0.792673	-0.256684	-2.09617	-0.187547	1.32437	-1.36952	-1.33227e-15	-2.38811	2.70811	11.7011	0.393617	1.58717	-4.06847e-08	-0.0270667	-0.0538252	-2.02108	0.00461816	-0.00369709	1.16559e-08	
1.74	0.0498277	-2.79907	2.94554	12.0262	0.415309	1.61421	-0.00304911	1.17766	-0.791828	-0.256568	-2.09725	-0.187217	1.32624	-1.37098	-0.0627041	0.0234246	0.00977516	-0.0271797	0.0136793	0.0480413	-0.0320673	2.38419	-2.98023	3.93391	5.48363	1.63913	-8.9407	10.7288	-0.0575756	2.8135	-2.96595	-12.0406	-0.417336	-1.61586	0.00329991	1.17829	-0.792076	-0.256648	-2.09696	-0.187346	1.32572	-1.37061	1.17896	-0.792355	-0.256689	-2.0966	-0.187457	1.3251	-1.37013	-6.66134e-16	-2.39499	2.70624	11.7043	0.393718	1.58714	-5.24314e-08	-0.0228737	-0.0450945	-2.01246	0.00419261	-0.00258647	1.10448e-08	
1.75	0.0363612	-2.74686	2.89731	11.9838	0.410813	1.61069	-0.00240593	1.17704	-0.791607	-0.256455	-2.0975	-0.187074	1.32668	-1.37124	-0.0606775	0.0209808	0.0128448	-0.0228882	0.014931	0.0407696	-0.0226498	2.02656	-2.44379	3.06964	4.29153	1.2517	-7.27177	9.41754	-0.0431263	2.75356	-2.91305	-11.9892	-0.412395	-1.61126	0.00260657	1.17766	-0.791828	-0.256568	-2.09725	-0.187217	1.32624	-1.37098	1.17829	-0.792076	-0.256648	-2.09696	-0.187346	1.32572	-1.37061	-2.22045e-16	-2.40113	2.70412	11.7071	0.393797	1.58711	-9.05576e-08	-0.0188422	-0.0367596	-2.00405	0.00310524	-0.00322875	9.48691e-09	
1.76	0.0339052	-2.68602	2.86641	11.9286	0.407977	1.60555	-0.00200028	1.17644	-0.791409	-0.256315	-2.09771	-0.186918	1.32705	-1.37142	-0.0590086	0.0189543	0.0150502	-0.0185966	0.0161082	0.0346899	-0.0141859	1.66893	-2.02656	2.20537	4.29153	1.17719	-6.07967	8.46386	-0.0360095	2.69166	-2.87315	-11.9353	-0.408689	-1.6064	0.00207776	1.17704	-0.791607	-0.256455	-2.0975	-0.187074	1.32668	-1.37124	1.17766	-0.791828	-0.256568	-2.09725	-0.187217	1.32624	-1.37098	4.44089e-16	-2.40665	2.7018	11.7095	0.393857	1.5871	-1.01607e-07	-0.015177	-0.0310344	-1.99467	0.00390384	-0.00279465	1.0352e-08	
1.77	0.0259478	-2.64286	2.83169	11.8966	0.405011	1.60328	-0.00154393	1.17586	-0.791229	-0.256153	-2.09788	-0.186753	1.32737	-1.37152	-0.0578165	0.0171065	0.0172853	-0.0157356	0.0169277	0.0294447	-0.00631809	1.19209	-1.84774	2.23518	2.86102	0.819564	-5.24521	7.86781	-0.0341576	2.65184	-2.85097	-11.9024	-0.406781	-1.60379	0.00178255	1.17644	-0.791409	-0.256315	-2.09771	-0.186918	1.32705	-1.37142	1.17704	-0.791607	-0.256455	-2.0975	-0.187074	1.32668	-1.37124	0	-2.41165	2.69931	11.7116	0.393902	1.58709	-9.53367e-08	-0.0128288	-0.025005	-1.99027	0.00257739	-0.00240563	8.09834e-09	
1.78	0.0271976	-2.60403	2.81547	11.8652	0.403925	1.60097	-0.00133716	1.17528	-0.791066	-0.255972	-2.09802	-0.186579	1.32764	-1.37155	-0.056982	0.015676	0.0187755	-0.013113	0.0174791	0.0250339	0	0.834465	-1.43051	1.49012	2.62261	0.551343	-4.41074	6.31809	-0.0245623	2.62514	-2.81908	-11.881	-0.404165	-1.60202	0.00140936	1.17586	-0.791229	-0.256153	-2.09788	-0.186753	1.32737	-1.37152	1.17644	-0.791409	-0.256315	-2.09771	-0.186918	1.32705	-1.37142	4.44089e-16	-2.41624	2.69668	11.7135	0.393931	1.58709	-5.5641e-08	-0.0100506	-0.0237789	-1.98564	0.00430508	-0.00163624	8.78201e-09	
1.79	0.0184259	-2.58552	2.78819	11.8482	0.401672	1.59912	-0.00105073	1.17472	-0.790915	-0.255776	-2.09814	-0.186399	1.32787	-1.37152	-0.0560284	0.0146031	0.0202656	-0.0112057	0.0181645	0.0218153	0.00572205	0.953674	-1.07288	1.49011	1.90735	0.685453	-3.21865	5.72205	-0.0226356	2.58744	-2.79754	-11.8493	-0.40246	-1.59936	0.00114837	1.17528	-0.791066	-0.255972	-2.09802	-0.186579	1.32764	-1.37155	1.17586	-0.791229	-0.256153	-2.09788	-0.186753	1.32737	-1.37152	0	-2.42047	2.69394	11.7152	0.39395	1.58709	-4.69451e-08	-0.00977213	-0.017229	-1.98109	0.00310272	-0.00229971	9.11164e-09	
1.8	0.0172958	-2.5562	2.77114	11.8224	0.400459	1.59672	-0.000874939	1.17416	-0.790775	-0.255567	-2.09824	-0.186212	1.32807	-1.37143	-0.0553131	0.0135899	0.0213385	-0.00929832	0.0186712	0.0189543	0.0104904	0.715256	-1.01328	1.07288	1.90735	0.506639	-2.86102	4.76837	-0.0181414	2.56044	-2.77517	-11.8282	-0.400723	-1.59745	0.000902654	1.17472	-0.790915	-0.255776	-2.09814	-0.186399	1.32787	-1.37152	1.17528	-0.791066	-0.255972	-2.09802	-0.186579	1.32764	-1.37155	2.22045e-16	-2.4244	2.6911	11.7168	0.393958	1.5871	-6.01205e-08	-0.00773274	-0.0143321	-1.97827	0.00210985	-0.00152417	6.1863e-09	
1.81	0.0154112	-2.53818	2.75695	11.8091	0.399392	1.59565	-0.000725829	1.17361	-0.790644	-0.255348	-2.09833	-0.186022	1.32825	-1.3713	-0.0547171	0.0126958	0.0221729	-0.00810623	0.019446	0.0168085	0.014782	0.596046	-0.89407	0.834465	1.19209	0.77486	-2.14577	4.29153	-0.016055	2.53715	-2.75851	-11.8064	-0.399597	-1.59528	0.000750703	1.17416	-0.790775	-0.255567	-2.09824	-0.186212	1.32807	-1.37143	1.17472	-0.790915	-0.255776	-2.09814	-0.186399	1.32787	-1.37152	-4.44089e-16	-2.42809	2.68819	11.7182	0.393958	1.58711	-7.53346e-08	-0.00678912	-0.011414	-1.9748	0.00162032	-0.00180641	5.32172e-09	
