0.62	-0.581469	0.24882	-2.23791	3.83364	-0.261466	1.46144	-0.00431425	-1.58891	-0.5329	0.000322259	-1.07027	0.000316502	0.537364	0.288925	0.283003	0.134528	0.0367752	0.245452	0.0363569	-0.110567	2.60195	283.003	134.528	36.7752	245.452	36.3569	-110.567	2601.95	0.126901	-0.261383	0.541758	-4.71412	-0.100039	-1.71216	0.0262568	0	0	0	0	0	0	0	0	0	0	0	0	0	0	2.77556e-17	0.416492	-0.0875208	4.73388	0.0857266	1.52771	4.90952e-07	-0.0366913	0.113213	-1.9037	-0.179938	0.157774	-9.4718e-07	
0.63	-0.388609	0.263502	-1.55617	4.12812	-0.1321	1.52307	-0.00980965	-1.58631	-0.531886	0.000520066	-1.06849	0.000510413	0.536603	0.313716	0.242829	0.0769496	0.00763294	0.127912	0.00757805	-0.0510812	2.38219	-40.1735	-57.5781	-29.1423	-117.54	-28.7789	59.4854	-219.762	0.423169	-0.251657	1.67826	-4.08752	0.155145	-1.51314	0.00872419	-1.58891	-0.5329	0.000322259	-1.07027	0.000316502	0.537364	0.288925	0	0	0	0	0	0	0	0	0.41255	-0.087883	4.72156	0.0846336	1.52406	6.37339e-07	-0.166454	0.310583	-1.7442	-0.109292	0.0866435	-4.50826e-07	
0.64	-0.262203	0.332036	-1.10997	4.24711	-0.0479631	1.55717	-0.0141933	-1.58404	-0.531358	0.000480264	-1.0677	0.00047164	0.536342	0.336419	0.214457	0.0348687	-0.0126949	0.0424385	-0.0122192	-0.00751018	2.18052	-28.3718	-42.0809	-20.3278	-85.4731	-19.7973	43.571	-201.672	0.285754	-0.315759	1.19329	-4.234	0.0633829	-1.55215	0.01333	-1.58631	-0.531886	0.000520066	-1.06849	0.000510413	0.536603	0.313716	-1.58891	-0.5329	0.000322259	-1.07027	0.000316502	0.537364	0.288925	0	0.410392	-0.0866515	4.71521	0.0837395	1.52068	5.68711e-07	-0.130674	0.213699	-1.79673	-0.109596	0.0893942	-4.76033e-07	
0.65	-0.183583	0.413093	-0.8327	4.26769	0.00389073	1.57379	-0.0176374	-1.58202	-0.531202	0.000271096	-1.06767	0.000264471	0.536469	0.357164	0.193596	0.000536442	-0.0268478	-0.0281334	-0.0264012	0.0284314	1.98871	-20.8616	-34.3323	-14.1529	-70.5719	-14.182	35.9416	-191.808	0.194829	-0.405962	0.87237	-4.26474	0.00357169	-1.57168	0.0171025	-1.58404	-0.531358	0.000480264	-1.0677	0.00047164	0.536342	0.336419	-1.58631	-0.531886	0.000520066	-1.06849	0.000510413	0.536603	0.313716	5.55112e-17	0.409518	-0.0843111	4.71356	0.0830084	1.51755	5.68975e-07	-0.112333	0.147797	-1.81709	-0.112646	0.0929986	-5.04601e-07	
0.66	-0.133239	0.514704	-0.655281	4.2222	0.0365997	1.57876	-0.0205639	-1.58017	-0.531373	-6.04774e-05	-1.06832	-6.50765e-05	0.536945	0.376022	0.177383	-0.0312328	-0.0377	-0.0941753	-0.0377035	0.0631213	1.80206	-16.2125	-31.7693	-10.8523	-66.0419	-11.3024	34.6899	-186.652	0.140499	-0.485467	0.680724	-4.2398	-0.0319553	-1.57854	0.0199863	-1.58202	-0.531202	0.000271096	-1.06767	0.000264471	0.536469	0.357164	-1.58404	-0.531358	0.000480264	-1.0677	0.00047164	0.536342	0.336419	-2.77556e-17	0.409626	-0.0811928	4.71614	0.0824211	1.51468	5.12e-07	-0.106838	0.105886	-1.81672	-0.115382	0.0949666	-5.22825e-07	
0.67	-0.102869	0.579156	-0.547088	4.16671	0.0555936	1.57659	-0.0227218	-1.57847	-0.531859	-0.000489483	-1.06963	-0.000488698	0.537772	0.39303	0.164032	-0.0630021	-0.0466558	-0.162482	-0.0461398	0.0993013	1.618	-13.3514	-31.7693	-8.95578	-68.3069	-8.43624	36.18	-184.059	0.107946	-0.589696	0.565542	-4.16754	-0.0523631	-1.57774	0.0224686	-1.58017	-0.531373	-6.04774e-05	-1.06832	-6.50765e-05	0.536945	0.376022	-1.58202	-0.531202	0.000271096	-1.06767	0.000264471	0.536469	0.357164	-2.77556e-17	0.410533	-0.0774688	4.723	0.0819709	1.51208	5.15579e-07	-0.113164	0.0763061	-1.81122	-0.115986	0.09322	-5.27739e-07	
0.68	-0.0882189	0.67931	-0.494268	4.08096	0.0638212	1.57068	-0.0246036	-1.5769	-0.532674	-0.000994599	-1.07165	-0.000988132	0.538977	0.408198	0.152111	-0.0969171	-0.0541338	-0.235438	-0.053088	0.138521	1.43412	-11.9209	-33.915	-7.478	-72.9561	-6.94822	39.2199	-183.88	0.0955239	-0.662755	0.520587	-4.09729	-0.0594702	-1.57222	0.0241558	-1.57847	-0.531859	-0.000489483	-1.06963	-0.000488698	0.537772	0.39303	-1.58017	-0.531373	-6.04774e-05	-1.06832	-6.50765e-05	0.536945	0.376022	0	0.412165	-0.0732792	4.7344	0.0816501	1.50974	4.79471e-07	-0.119456	0.0626209	-1.79195	-0.117951	0.098374	-5.24016e-07	
0.69	-0.0840642	0.75166	-0.477442	4.00995	0.065155	1.5625	-0.0258782	-1.57544	-0.533841	-0.00156871	-1.07444	-0.0015548	0.540598	0.421529	0.14019	-0.133276	-0.0606086	-0.315309	-0.0591483	0.181854	1.25057	-11.9209	-36.3588	-6.47479	-79.8702	-6.06029	43.3326	-183.552	0.0854169	-0.747143	0.483182	-4.01891	-0.0647794	-1.56441	0.0257065	-1.5769	-0.532674	-0.000994599	-1.07165	-0.000988132	0.538977	0.408198	-1.57847	-0.531859	-0.000489483	-1.06963	-0.000488698	0.537772	0.39303	-5.55112e-17	0.414458	-0.0686601	4.7508	0.081458	1.50767	4.67137e-07	-0.130864	0.0481545	-1.7782	-0.117266	0.0957054	-5.16283e-07	
0.7	-0.0851246	0.842899	-0.478813	3.93618	0.0631654	1.55341	-0.0269394	-1.5741	-0.535387	-0.00220642	-1.07806	-0.00218401	0.542672	0.433024	0.128388	-0.172377	-0.0667812	-0.401378	-0.0656093	0.229239	1.06713	-11.8017	-39.1006	-6.17257	-86.0691	-6.46105	47.3857	-183.433	0.0861413	-0.824266	0.483056	-3.94922	-0.0628377	-1.55508	0.0267292	-1.57544	-0.533841	-0.00156871	-1.07444	-0.0015548	0.540598	0.421529	-1.5769	-0.532674	-0.000994599	-1.07165	-0.000988132	0.538977	0.408198	8.32667e-17	0.417392	-0.0636301	4.77262	0.0813925	1.50588	4.58944e-07	-0.143106	0.0415201	-1.76155	-0.116289	0.0947319	-5.01625e-07	
0.71	-0.0890943	0.919788	-0.48942	3.8807	0.0593191	1.54407	-0.0276189	-1.57288	-0.537335	-0.00290793	-1.08257	-0.00287356	0.545239	0.442689	0.116467	-0.213444	-0.0729954	-0.49293	-0.0720397	0.279784	0.883907	-11.9209	-41.0676	-6.21425	-91.5527	-6.43032	50.5448	-183.225	0.0874154	-0.901732	0.484081	-3.89191	-0.0605701	-1.5459	0.0275047	-1.5741	-0.535387	-0.00220642	-1.07806	-0.00218401	0.542672	0.433024	-1.57544	-0.533841	-0.00156871	-1.07444	-0.0015548	0.540598	0.421529	2.77556e-17	0.420932	-0.058164	4.80029	0.0814552	1.50437	4.0242e-07	-0.152045	0.03653	-1.74377	-0.116215	0.0960668	-4.88467e-07	
0.72	-0.095852	1.00067	-0.508869	3.8392	0.0534796	1.53557	-0.0280009	-1.57179	-0.539704	-0.00367119	-1.08803	-0.00362286	0.548329	0.450535	0.103831	-0.2563	-0.0791838	-0.589132	-0.0776597	0.33319	0.703126	-12.6362	-42.8558	-6.1884	-96.2019	-5.62006	53.4057	-180.781	0.0946718	-0.973823	0.505447	-3.85155	-0.0545939	-1.53703	0.0278699	-1.57288	-0.537335	-0.00290793	-1.08257	-0.00287356	0.545239	0.442689	-1.5741	-0.535387	-0.00220642	-1.07806	-0.00218401	0.542672	0.433024	0	0.42503	-0.0522466	4.83414	0.0816434	1.50313	4.01326e-07	-0.160297	0.0362313	-1.72338	-0.115842	0.100318	-4.66831e-07	
0.73	-0.101628	1.07776	-0.523913	3.81525	0.0484072	1.52765	-0.0281299	-1.57082	-0.542507	-0.00449787	-1.09446	-0.00443219	0.551964	0.456579	0.0907183	-0.29999	-0.0857091	-0.688195	-0.083636	0.388622	0.523895	-13.113	-43.6902	-6.52532	-99.0629	-5.9763	55.4323	-179.231	0.102316	-1.06144	0.527478	-3.81995	-0.0482484	-1.52927	0.0280718	-1.57179	-0.539704	-0.00367119	-1.08803	-0.00362286	0.548329	0.450535	-1.57288	-0.537335	-0.00290793	-1.08257	-0.00287356	0.545239	0.442689	2.77556e-17	0.429627	-0.0458322	4.87442	0.0819571	1.50218	4.06562e-07	-0.17034	0.0358072	-1.71557	-0.114016	0.0969935	-4.50301e-07	
0.74	-0.10864	1.15532	-0.542659	3.80673	0.0428083	1.52051	-0.0280128	-1.56999	-0.545748	-0.00538966	-1.1019	-0.00530333	0.556161	0.460851	0.0770092	-0.34374	-0.0920482	-0.78845	-0.0899136	0.445187	0.348598	-13.7091	-43.7498	-6.33904	-100.255	-6.27758	56.5648	-175.297	0.105403	-1.13428	0.532216	-3.80992	-0.0449994	-1.52179	0.0280492	-1.57082	-0.542507	-0.00449787	-1.09446	-0.00443219	0.551964	0.456579	-1.57179	-0.539704	-0.00367119	-1.08803	-0.00362286	0.548329	0.450535	-8.32667e-17	0.434626	-0.0388695	4.92127	0.0823938	1.50151	3.61259e-07	-0.175461	0.0334932	-1.70532	-0.111204	0.0970278	-4.28392e-07	
0.75	-0.114272	1.2445	-0.555651	3.80874	0.0379449	1.51438	-0.0277468	-1.56929	-0.549424	-0.00634809	-1.11033	-0.00623495	0.560926	0.463388	0.0636578	-0.387073	-0.0988766	-0.888586	-0.0959909	0.502348	0.176966	-13.3514	-43.3326	-6.82846	-100.136	-6.07735	57.1609	-171.632	0.11389	-1.22112	0.555684	-3.81003	-0.0385151	-1.51558	0.0277755	-1.56999	-0.545748	-0.00538966	-1.1019	-0.00530333	0.556161	0.460851	-1.57082	-0.542507	-0.00449787	-1.09446	-0.00443219	0.551964	0.456579	0	0.439902	-0.0313071	4.97475	0.0829538	1.50111	3.7433e-07	-0.184078	0.0341904	-1.70122	-0.107003	0.0935141	-4.02372e-07	
0.76	-0.119366	1.31367	-0.56538	3.83524	0.0336155	1.5091	-0.0271894	-1.56873	-0.553525	-0.00737383	-1.11976	-0.00722853	0.566261	0.464239	0.0498295	-0.428796	-0.105707	-0.987053	-0.101951	0.558734	0.0104606	-13.8283	-41.7233	-6.83079	-98.4669	-5.96046	56.386	-166.506	0.119842	-1.29542	0.568677	-3.82982	-0.033583	-1.50958	0.0272485	-1.56929	-0.549424	-0.00634809	-1.11033	-0.00623495	0.560926	0.463388	-1.56999	-0.545748	-0.00538966	-1.1019	-0.00530333	0.556161	0.460851	0	0.445306	-0.0230941	5.03483	0.0836335	1.50098	3.61251e-07	-0.186867	0.0353832	-1.69408	-0.104207	0.093994	-3.8022e-07	
0.77	-0.128364	1.39213	-0.588551	3.86912	0.027228	1.50391	-0.0264192	-1.56831	-0.558034	-0.00846624	-1.13016	-0.00828298	0.572158	0.46346	0.0361204	-0.468612	-0.111832	-1.08242	-0.108308	0.614643	-0.149816	-13.7091	-39.8159	-6.12484	-95.3675	-6.35674	55.9092	-160.277	0.123455	-1.39423	0.57339	-3.85313	-0.0302094	-1.5052	0.0267486	-1.56873	-0.553525	-0.00737383	-1.11976	-0.00722853	0.566261	0.464239	-1.56929	-0.549424	-0.00634809	-1.11033	-0.00623495	0.560926	0.463388	2.77556e-17	0.450678	-0.0141893	5.10137	0.0844298	1.5011	3.18161e-07	-0.192761	0.033588	-1.69349	-0.0984274	0.0909455	-3.52391e-07	
0.78	-0.129653	1.47893	-0.58359	3.91183	0.0253623	1.49999	-0.0257092	-1.56802	-0.562929	-0.00962763	-1.14149	-0.00939773	0.578605	0.461117	0.0222921	-0.506163	-0.119001	-1.17397	-0.114319	0.668883	-0.302911	-13.8283	-37.551	-7.16839	-91.5527	-6.01076	54.2402	-153.095	0.126316	-1.45208	0.573292	-3.90783	-0.0275209	-1.5009	0.0258649	-1.56831	-0.558034	-0.00846624	-1.13016	-0.00828298	0.572158	0.46346	-1.56873	-0.553525	-0.00737383	-1.11976	-0.00722853	0.566261	0.464239	5.55112e-17	0.455817	-0.00452825	5.1742	0.0853418	1.50147	3.40766e-07	-0.191243	0.0348517	-1.69178	-0.0952231	0.0904448	-3.31322e-07	
0.79	-0.130805	1.55517	-0.576949	3.97106	0.0236819	1.4965	-0.0247915	-1.56787	-0.568184	-0.0108557	-1.15372	-0.0105718	0.585585	0.457283	0.00882149	-0.540912	-0.126109	-1.26111	-0.120169	0.721514	-0.448167	-13.4706	-34.7495	-7.10879	-87.1419	-5.85057	52.6309	-145.256	0.132703	-1.55256	0.58631	-3.95197	-0.0226309	-1.49731	0.0250243	-1.56802	-0.562929	-0.00962763	-1.14149	-0.00939773	0.578605	0.461117	-1.56831	-0.558034	-0.00846624	-1.13016	-0.00828298	0.572158	0.46346	-5.55112e-17	0.460527	0.00591965	5.25307	0.0863644	1.50207	3.22092e-07	-0.196922	0.0355284	-1.69315	-0.0884983	0.0871447	-3.02101e-07	
0.8	-0.136694	1.63566	-0.586417	4.03602	0.0192144	1.49315	-0.0237036	-1.56786	-0.573769	-0.0121521	-1.16678	-0.0118042	0.593078	0.452037	-0.00405312	-0.572503	-0.132425	-1.34265	-0.125712	0.77182	-0.585735	-12.8746	-31.5905	-6.31531	-81.5392	-5.54231	50.3063	-137.568	0.132482	-1.61404	0.573747	-4.02641	-0.0219946	-1.49419	0.0239661	-1.56787	-0.568184	-0.0108557	-1.15372	-0.0105718	0.585585	0.457283	-1.56802	-0.562929	-0.00962763	-1.14149	-0.00939773	0.578605	0.461117	-8.32667e-17	0.46458	0.0172131	5.3377	0.0874964	1.5029	2.93369e-07	-0.193803	0.0353317	-1.69445	-0.0830375	0.0866672	-2.77673e-07	
0.81	-0.136043	1.702	-0.571359	4.11654	0.0186318	1.49041	-0.0225862	-1.56797	-0.579653	-0.0135157	-1.18063	-0.0130927	0.601061	0.445466	-0.0165701	-0.600755	-0.139522	-1.41871	-0.131064	0.819623	-0.713915	-12.517	-28.2526	-7.0976	-76.0555	-5.3523	47.8029	-128.18	0.137445	-1.69169	0.579139	-4.09866	-0.0181083	-1.49088	0.0228014	-1.56786	-0.573769	-0.0121521	-1.16678	-0.0118042	0.593078	0.452037	-1.56787	-0.568184	-0.0108557	-1.15372	-0.0105718	0.585585	0.457283	-8.32667e-17	0.467763	0.0293887	5.42776	0.0887346	1.50393	2.95909e-07	-0.193185	0.03828	-1.69402	-0.0786838	0.0865052	-2.56144e-07	
0.82	-0.137896	1.77013	-0.56455	4.20365	0.0167714	1.48786	-0.0213508	-1.5682	-0.585801	-0.0149451	-1.19521	-0.0144354	0.609511	0.437661	-0.0289679	-0.625849	-0.145899	-1.48916	-0.13649	0.8654	-0.833362	-12.3978	-25.0936	-6.37677	-70.4527	-5.42589	45.7764	-119.448	0.138404	-1.75904	0.569109	-4.18483	-0.0165435	-1.48852	0.0216014	-1.56797	-0.579653	-0.0135157	-1.18063	-0.0130927	0.601061	0.445466	-1.56786	-0.573769	-0.0121521	-1.16678	-0.0118042	0.593078	0.452037	0	0.46986	0.042478	5.52293	0.0900756	1.50515	2.56011e-07	-0.192663	0.0383161	-1.70045	-0.0706433	0.0824849	-2.26462e-07	
0.83	-0.135672	1.81891	-0.541827	4.3032	0.0173689	1.48498	-0.0200643	-1.56855	-0.592179	-0.01644	-1.21046	-0.0158302	0.618402	0.428718	-0.0405312	-0.647128	-0.152722	-1.55318	-0.141876	0.908256	-0.942945	-11.5633	-21.2788	-6.82287	-64.0154	-5.38585	42.8557	-109.583	0.13665	-1.81158	0.548432	-4.28151	-0.016924	-1.48558	0.0203331	-1.5682	-0.585801	-0.0149451	-1.19521	-0.0144354	0.609511	0.437661	-1.56797	-0.579653	-0.0135157	-1.18063	-0.0130927	0.601061	0.445466	4.16334e-17	0.470648	0.0565176	5.62284	0.0915169	1.50655	2.07424e-07	-0.18865	0.038025	-1.70353	-0.0651095	0.0805298	-2.04732e-07	
0.84	-0.137128	1.87959	-0.531794	4.40239	0.0157316	1.48265	-0.0187512	-1.56902	-0.598754	-0.0179996	-1.22632	-0.017275	0.627709	0.418734	-0.0516176	-0.665367	-0.158781	-1.61147	-0.146786	0.948727	-1.04195	-11.0865	-18.239	-6.05917	-58.2933	-4.90993	40.4716	-99.0034	0.137204	-1.86718	0.534902	-4.38303	-0.0156631	-1.48325	0.0189931	-1.56855	-0.592179	-0.01644	-1.21046	-0.0158302	0.618402	0.428718	-1.5682	-0.585801	-0.0149451	-1.19521	-0.0144354	0.609511	0.437661	5.55112e-17	0.469931	0.0715373	5.72715	0.0930559	1.50811	1.33691e-07	-0.185929	0.0388868	-1.70847	-0.0581698	0.0779064	-1.81839e-07	
0.85	-0.136704	1.93539	-0.514077	4.5081	0.0149658	1.48071	-0.0174393	-1.56959	-0.605493	-0.019621	-1.24273	-0.0187662	0.637407	0.407814	-0.0618696	-0.680387	-0.165021	-1.66404	-0.151193	0.986516	-1.1315	-10.252	-15.0204	-6.23986	-52.5713	-4.40702	37.7893	-89.556	0.136481	-1.92288	0.516604	-4.48723	-0.0154206	-1.48084	0.0176891	-1.56902	-0.598754	-0.0179996	-1.22632	-0.017275	0.627709	0.418734	-1.56855	-0.592179	-0.01644	-1.21046	-0.0158302	0.618402	0.428718	2.77556e-17	0.467505	0.0875446	5.83551	0.0946887	1.5098	1.25462e-07	-0.184355	0.0385084	-1.71343	-0.0503413	0.0746378	-1.54344e-07	
0.86	-0.137679	1.96282	-0.49902	4.62976	0.0138424	1.47808	-0.0159245	-1.57026	-0.612362	-0.0213045	-1.25963	-0.0203036	0.647472	0.396055	-0.0716448	-0.69201	-0.170799	-1.71113	-0.15568	1.0224	-1.21051	-9.77517	-11.6229	-5.77793	-47.0877	-4.48711	35.8821	-79.006	0.135218	-1.96397	0.494518	-4.60109	-0.0151118	-1.4785	0.0163075	-1.56959	-0.605493	-0.019621	-1.24273	-0.0187662	0.637407	0.407814	-1.56902	-0.598754	-0.0179996	-1.22632	-0.017275	0.627709	0.418734	1.38778e-17	0.463187	0.104573	5.94757	0.0964121	1.51161	1.45236e-07	-0.182679	0.038325	-1.72164	-0.0424321	0.0686635	-1.27596e-07	
0.87	-0.133543	1.99893	-0.46583	4.74782	0.0150154	1.47569	-0.0145961	-1.57103	-0.619332	-0.0230484	-1.27697	-0.0218827	0.657881	0.383566	-0.0805855	-0.700653	-0.177171	-1.7525	-0.159351	1.05566	-1.27912	-8.94069	-8.64267	-6.37211	-41.3656	-3.67126	33.2594	-68.6048	0.134602	-2.0015	0.474088	-4.71935	-0.0147227	-1.47627	0.0149193	-1.57026	-0.612362	-0.0213045	-1.25963	-0.0203036	0.647472	0.396055	-1.56959	-0.605493	-0.019621	-1.24273	-0.0187662	0.637407	0.407814	1.38778e-17	0.456817	0.122628	6.06299	0.0982237	1.51353	1.00577e-07	-0.177823	0.0398979	-1.72673	-0.0364862	0.0665987	-1.08136e-07	
0.88	-0.131142	2.01782	-0.437385	4.87704	0.015773	1.4735	-0.0131897	-1.57188	-0.626372	-0.0248504	-1.2947	-0.0235003	0.668611	0.370448	-0.0892878	-0.706434	-0.182867	-1.78909	-0.16362	1.08689	-1.33687	-8.70228	-5.78165	-5.69597	-36.5973	-4.26918	31.2328	-57.7569	0.132537	-2.00456	0.445529	-4.85643	-0.0151569	-1.47399	0.0133897	-1.57103	-0.619332	-0.0230484	-1.27697	-0.0218827	0.657881	0.383566	-1.57026	-0.612362	-0.0213045	-1.25963	-0.0203036	0.647472	0.396055	-8.32667e-17	0.448237	0.14171	6.18147	0.10012	1.51553	1.6211e-07	-0.170874	0.0408883	-1.73091	-0.029907	0.0642037	-8.73475e-08	
0.89	-0.128615	2.02154	-0.406603	5.01616	0.0165064	1.47167	-0.0117348	-1.57282	-0.633456	-0.0267095	-1.31277	-0.025156	0.679643	0.356806	-0.0972748	-0.709534	-0.188488	-1.82116	-0.16728	1.11604	-1.38518	-7.98702	-3.09944	-5.62146	-32.0673	-3.6601	29.1467	-48.3096	0.12947	-2.02145	0.413899	-4.9868	-0.0160476	-1.47167	0.0120037	-1.57188	-0.626372	-0.0248504	-1.2947	-0.0235003	0.668611	0.370448	-1.57103	-0.619332	-0.0230484	-1.27697	-0.0218827	0.657881	0.383566	-1.04083e-16	0.437324	0.161827	6.30269	0.102095	1.51761	1.46083e-07	-0.167632	0.0399813	-1.73778	-0.0223267	0.0591092	-6.56575e-08	
0.9	-0.129311	2.02952	-0.386306	5.15292	0.0154103	1.46992	-0.0102935	-1.57383	-0.640557	-0.0286248	-1.33114	-0.0268449	0.690955	0.34274	-0.104547	-0.710189	-0.193559	-1.84858	-0.170419	1.14328	-1.42288	-7.27177	-0.655651	-5.07012	-27.4181	-3.13856	27.2393	-37.6999	0.125623	-2.02742	0.378388	-5.12498	-0.0174468	-1.47002	0.0106447	-1.57282	-0.633456	-0.0267095	-1.31277	-0.025156	0.679643	0.356806	-1.57188	-0.626372	-0.0248504	-1.2947	-0.0235003	0.668611	0.370448	4.68375e-17	0.423958	0.182978	6.42635	0.104148	1.51973	5.31689e-08	-0.162883	0.0393261	-1.74339	-0.0147496	0.0560397	-4.38917e-08	
0.91	-0.123132	2.03078	-0.34178	5.29135	0.0177817	1.46802	-0.0090323	-1.57491	-0.64765	-0.0305941	-1.34975	-0.0285654	0.702529	0.328351	-0.111222	-0.708342	-0.199281	-1.87147	-0.173349	1.16867	-1.45057	-6.67572	1.84774	-5.72205	-22.8882	-2.92994	25.3916	-27.6864	0.125815	-2.03088	0.355532	-5.26332	-0.0165331	-1.46835	0.00924618	-1.57383	-0.640557	-0.0286248	-1.33114	-0.0268449	0.690955	0.34274	-1.57282	-0.633456	-0.0267095	-1.31277	-0.025156	0.679643	0.356806	-9.1073e-18	0.408022	0.205151	6.55218	0.106272	1.52189	6.56414e-08	-0.158645	0.0408485	-1.75118	-0.00886662	0.0502224	-2.41301e-08	
0.92	-0.119302	2.00822	-0.302893	5.44403	0.0193578	1.46658	-0.00765875	-1.57606	-0.654714	-0.0326155	-1.36858	-0.0303156	0.714349	0.313735	-0.117183	-0.704288	-0.204563	-1.8909	-0.176456	1.19251	-1.46955	-5.96046	4.05312	-5.28246	-19.4311	-3.10689	23.8419	-18.9841	0.120733	-2.02085	0.313402	-5.41147	-0.0184145	-1.4675	0.00795681	-1.57491	-0.64765	-0.0305941	-1.34975	-0.0285654	0.702529	0.328351	-1.57383	-0.640557	-0.0286248	-1.33114	-0.0268449	0.690955	0.34274	6.93889e-18	0.389434	0.22833	6.67992	0.108462	1.52406	1.06171e-07	-0.15436	0.039044	-1.75668	-0.000510422	0.047644	-2.33328e-09	
0.93	-0.114923	1.99488	-0.262414	5.59121	0.0209275	1.46544	-0.00642867	-1.57727	-0.661727	-0.0346888	-1.38758	-0.0320922	0.726398	0.298983	-0.123024	-0.698328	-0.209611	-1.90651	-0.178915	1.2148	-1.47909	-5.84126	5.96046	-5.04777	-15.6164	-2.45869	22.2921	-9.53674	0.115893	-2.00469	0.271379	-5.55749	-0.0203743	-1.46557	0.00670265	-1.57606	-0.654714	-0.0326155	-1.36858	-0.0303156	0.714349	0.313735	-1.57491	-0.64765	-0.0305941	-1.34975	-0.0285654	0.702529	0.328351	-2.08167e-17	0.368133	0.252509	6.80931	0.110713	1.52624	5.59257e-08	-0.149597	0.0380833	-1.7645	0.00527503	0.0410886	1.59531e-08	
0.94	-0.111557	1.95951	-0.222885	5.74988	0.0222426	1.46468	-0.00514417	-1.57852	-0.668668	-0.0368113	-1.40671	-0.0338935	0.738662	0.284185	-0.12815	-0.690341	-0.214484	-1.91891	-0.181124	1.2356	-1.47957	-5.12601	7.98702	-4.87268	-12.3978	-2.2091	20.802	-0.476837	0.112622	-1.96766	0.232266	-5.71733	-0.0218334	-1.46473	0.00539379	-1.57727	-0.661727	-0.0346888	-1.38758	-0.0320922	0.726398	0.298983	-1.57606	-0.654714	-0.0326155	-1.36858	-0.0303156	0.714349	0.313735	-9.02056e-17	0.344044	0.277659	6.94013	0.113018	1.52841	5.60053e-08	-0.143197	0.0380193	-1.77026	0.0112884	0.0382301	3.21831e-08	
0.95	-0.107159	1.92247	-0.179543	5.9106	0.0241735	1.46475	-0.00397672	-1.57983	-0.675521	-0.038982	-1.42596	-0.0357156	0.751126	0.269424	-0.132918	-0.680745	-0.219218	-1.92833	-0.18334	1.25498	-1.472	-4.76837	9.59635	-4.73484	-9.41753	-2.21655	19.3714	7.56979	0.1078	-1.93795	0.188129	-5.87501	-0.0237051	-1.46481	0.00423812	-1.57852	-0.668668	-0.0368113	-1.40671	-0.0338935	0.738662	0.284185	-1.57727	-0.661727	-0.0346888	-1.38758	-0.0320922	0.726398	0.298983	-6.93889e-17	0.317131	0.303756	7.07215	0.115374	1.53055	4.7476e-09	-0.13895	0.0365812	-1.77782	0.0173827	0.0337319	4.90804e-08	
0.96	-0.101481	1.8765	-0.130921	6.07237	0.0267831	1.46455	-0.00288358	-1.58118	-0.682268	-0.0411994	-1.44528	-0.0375586	0.763775	0.254781	-0.136971	-0.6693	-0.224035	-1.93441	-0.185352	1.27298	-1.45715	-4.05312	11.4441	-4.8168	-6.07967	-2.01166	18.0006	14.8416	0.106609	-1.89504	0.154263	-6.03556	-0.024195	-1.46459	0.00304251	-1.57983	-0.675521	-0.038982	-1.42596	-0.0357156	0.751126	0.269424	-1.57852	-0.668668	-0.0368113	-1.40671	-0.0338935	0.738662	0.284185	4.16334e-17	0.287353	0.330774	7.20514	0.117769	1.53266	4.78405e-08	-0.132557	0.0378763	-1.78475	0.0218512	0.0295239	6.17552e-08	
0.97	-0.0995926	1.83436	-0.09441	6.23325	0.0275554	1.46515	-0.00181284	-1.58257	-0.688894	-0.0434625	-1.46464	-0.0394191	0.7766	0.240327	-0.140548	-0.656605	-0.228312	-1.93799	-0.186861	1.2899	-1.43483	-3.57628	12.6958	-4.27663	-3.57628	-1.50874	16.9277	22.3219	0.0982113	-1.84451	0.0961694	-6.20128	-0.0280098	-1.4652	0.00205536	-1.58118	-0.682268	-0.0411994	-1.44528	-0.0375586	0.763775	0.254781	-1.57983	-0.675521	-0.038982	-1.42596	-0.0357156	0.751126	0.269424	-5.55112e-17	0.254694	0.358685	7.33892	0.1202	1.53473	5.17415e-08	-0.12781	0.0342848	-1.79266	0.0275704	0.0249092	7.68658e-08	
0.98	-0.0935143	1.78738	-0.0441797	6.39533	0.0304986	1.46606	-0.000919732	-1.584	-0.695384	-0.0457703	-1.48403	-0.0412963	0.789587	0.226134	-0.144005	-0.642478	-0.232741	-1.93894	-0.188503	1.30576	-1.40581	-3.45707	14.1263	-4.42937	-0.953674	-1.64285	15.8548	29.0275	0.0963556	-1.78871	0.0583143	-6.3678	-0.0292001	-1.466	0.00101008	-1.58257	-0.688894	-0.0434625	-1.46464	-0.0394191	0.7766	0.240327	-1.58118	-0.682268	-0.0411994	-1.44528	-0.0375586	0.763775	0.254781	-8.32667e-17	0.219141	0.387459	7.47329	0.122658	1.53674	2.72415e-08	-0.123305	0.0344092	-1.80119	0.0317064	0.0196548	8.94137e-08	
0.99	-0.0885475	1.72899	0.00416272	6.56352	0.0328489	1.46775	-3.21857e-05	-1.58546	-0.701724	-0.0481213	-1.50341	-0.0431864	0.802726	0.212263	-0.146866	-0.627041	-0.237089	-1.93763	-0.189405	1.32036	-1.37083	-2.86102	15.4375	-4.34741	1.3113	-0.90152	14.6031	34.973	0.0917327	-1.73768	0.0120601	-6.53156	-0.0315782	-1.46736	0.000143211	-1.584	-0.695384	-0.0457703	-1.48403	-0.0412963	0.789587	0.226134	-1.58257	-0.688894	-0.0434625	-1.46464	-0.0394191	0.7766	0.240327	-1.38778e-16	0.180665	0.417056	7.60808	0.125137	1.53869	5.13365e-08	-0.118313	0.0332312	-1.80769	0.0354169	0.0164344	1.00556e-07	
1	-0.0835129	1.6551	0.0542886	6.73697	0.0358029	1.4694	0.000821027	-1.58694	-0.707902	-0.0505143	-1.52277	-0.0450888	0.816006	0.198772	-0.149369	-0.610173	-0.24128	-1.93393	-0.19069	1.33395	-1.33105	-2.5034	16.8681	-4.19095	3.69549	-1.28523	13.5899	39.7861	0.0884543	-1.66811	-0.0324856	-6.70349	-0.0335102	-1.46908	-0.000757541	-1.58546	-0.701724	-0.0481213	-1.50341	-0.0431864	0.802726	0.212263	-1.584	-0.695384	-0.0457703	-1.48403	-0.0412963	0.789587	0.226134	-2.77556e-17	0.139296	0.447437	7.7431	0.127628	1.54057	1.80042e-08	-0.113767	0.032662	-1.81527	0.0400337	0.0130148	1.08952e-07	
1.01	-0.0811606	1.58506	0.0958436	6.90869	0.0377399	1.4717	0.00161919	-1.58844	-0.713907	-0.052948	-1.54208	-0.047003	0.829417	0.185711	-0.151515	-0.592411	-0.245053	-1.92833	-0.191767	1.34683	-1.28542	-2.14577	17.7622	-3.77372	5.60284	-1.07661	12.8746	45.6274	0.0820926	-1.61296	-0.0844227	-6.86499	-0.0369034	-1.47075	-0.00141352	-1.58694	-0.707902	-0.0505143	-1.52277	-0.0450888	0.816006	0.198772	-1.58546	-0.701724	-0.0481213	-1.50341	-0.0431864	0.802726	0.212263	-1.66533e-16	0.0950403	0.478562	7.87819	0.130122	1.54237	1.15013e-08	-0.108127	0.0304474	-1.81898	0.0435159	0.0121356	1.17232e-07	
1.02	-0.0747829	1.5084	0.150227	7.07972	0.0415979	1.47393	0.00224908	-1.58997	-0.719727	-0.0554221	-1.56132	-0.0489267	0.84295	0.173126	-0.153184	-0.573397	-0.24914	-1.92034	-0.192918	1.35851	-1.23601	-1.66893	19.0139	-4.08664	7.98702	-1.15111	11.6825	49.4121	0.0772604	-1.51082	-0.137532	-7.05338	-0.0404317	-1.47372	-0.00222058	-1.58844	-0.713907	-0.052948	-1.54208	-0.047003	0.829417	0.185711	-1.58694	-0.707902	-0.0505143	-1.52277	-0.0450888	0.816006	0.198772	-1.66533e-16	0.0479014	0.510394	8.0132	0.132613	1.54409	3.37071e-08	-0.100109	0.02971	-1.82831	0.0452022	0.0091011	1.22689e-07	
1.03	-0.0688909	1.42208	0.204419	7.25749	0.0453559	1.47717	0.00285262	-1.59151	-0.725353	-0.0579356	-1.58048	-0.0508583	0.856596	0.161057	-0.154495	-0.553548	-0.253141	-1.91092	-0.193629	1.36948	-1.18257	-1.3113	19.8483	-4.00098	9.41753	-0.71153	10.9673	53.4356	0.0702672	-1.42961	-0.194496	-7.22724	-0.0444372	-1.47668	-0.00279066	-1.58997	-0.719727	-0.0554221	-1.56132	-0.0489267	0.84295	0.173126	-1.58844	-0.713907	-0.052948	-1.54208	-0.047003	0.829417	0.185711	-1.11022e-16	-0.00208424	0.542891	8.14797	0.135093	1.54573	-3.61672e-08	-0.094302	0.0270002	-1.83491	0.0477118	0.00750256	1.27237e-07	
1.04	-0.0661134	1.34001	0.24866	7.43082	0.0480367	1.48069	0.0034024	-1.59306	-0.730776	-0.0604868	-1.59952	-0.052797	0.870346	0.149537	-0.155807	-0.532866	-0.256613	-1.8996	-0.194248	1.37943	-1.12662	-1.3113	20.6828	-3.47197	11.3249	-0.618398	9.95398	55.9539	0.065844	-1.35541	-0.242455	-7.39686	-0.0477047	-1.48005	-0.00328703	-1.59151	-0.725353	-0.0579356	-1.58048	-0.0508583	0.856596	0.161057	-1.58997	-0.719727	-0.0554221	-1.56132	-0.0489267	0.84295	0.173126	1.11022e-16	-0.0548936	0.576	8.28237	0.137554	1.54728	-3.02709e-08	-0.0900486	0.0259406	-1.84241	0.0494027	0.00474094	1.32006e-07	
1.05	-0.0579662	1.25253	0.309088	7.60447	0.0528189	1.48448	0.00377267	-1.59462	-0.735986	-0.0630765	-1.61845	-0.0547422	0.884191	0.138592	-0.156522	-0.511289	-0.260606	-1.88649	-0.194587	1.38849	-1.068	-0.715256	21.5769	-3.99351	13.113	-0.339001	9.05991	58.6212	0.0606636	-1.26192	-0.295112	-7.57543	-0.0516376	-1.48384	-0.00377208	-1.59306	-0.730776	-0.0604868	-1.59952	-0.052797	0.870346	0.149537	-1.59151	-0.725353	-0.0579356	-1.58048	-0.0508583	0.856596	0.161057	-1.66533e-16	-0.110488	0.609692	8.41625	0.139989	1.54874	2.98885e-08	-0.0835721	0.0242961	-1.84903	0.05078	0.00385092	1.33579e-07	
1.06	-0.0560417	1.14823	0.353657	7.78434	0.0558628	1.48834	0.00426153	-1.59619	-0.740975	-0.065702	-1.63724	-0.0566914	0.898123	0.128245	-0.156999	-0.488758	-0.263967	-1.87182	-0.195049	1.39678	-1.00695	-0.476822	22.5306	-3.36021	14.6627	-0.461936	8.28505	61.0501	0.0533787	-1.15894	-0.354919	-7.75839	-0.0564887	-1.48851	-0.0041497	-1.59462	-0.735986	-0.0630765	-1.61845	-0.0547422	0.884191	0.138592	-1.59306	-0.730776	-0.0604868	-1.59952	-0.052797	0.870346	0.149537	-1.66533e-16	-0.168828	0.643898	8.54947	0.14239	1.5501	6.85949e-08	-0.0771714	0.0214622	-1.8568	0.0517122	0.00333623	1.33382e-07	
1.07	-0.0513736	1.04459	0.405898	7.96582	0.0599941	1.49321	0.00461347	-1.59776	-0.745738	-0.0683641	-1.65587	-0.0586445	0.912135	0.118514	-0.157118	-0.46581	-0.267498	-1.85609	-0.195373	1.40452	-0.944838	-0.119209	22.9478	-3.53158	15.7356	-0.3241	7.7486	62.1081	0.0486392	-1.05727	-0.406917	-7.9366	-0.0606217	-1.49281	-0.00450112	-1.59619	-0.740975	-0.065702	-1.63724	-0.0566914	0.898123	0.128245	-1.59462	-0.735986	-0.0630765	-1.61845	-0.0547422	0.884191	0.138592	1.66533e-16	-0.229873	0.678589	8.68192	0.144753	1.55138	2.90538e-08	-0.0715915	0.0200362	-1.8638	0.0525602	0.00243705	1.34539e-07	
1.08	-0.0457046	0.944065	0.460022	8.1421	0.064577	1.49821	0.00483355	-1.59933	-0.750266	-0.0710608	-1.67434	-0.0606002	0.926218	0.10941	-0.156999	-0.442207	-0.270993	-1.83868	-0.195686	1.4112	-0.882029	0.119209	23.6034	-3.49432	17.4046	-0.312924	6.67572	62.8084	0.0448928	-0.953586	-0.456282	-8.10971	-0.0644176	-1.4966	-0.00481046	-1.59776	-0.745738	-0.0683641	-1.65587	-0.0586445	0.912135	0.118514	-1.59619	-0.740975	-0.065702	-1.63724	-0.0566914	0.898123	0.128245	2.22045e-16	-0.293567	0.713702	8.81346	0.14707	1.55257	5.70581e-08	-0.0682021	0.0191057	-1.87111	0.0530438	0.000323614	1.3653e-07	
1.09	-0.0351862	0.813742	0.531619	8.33073	0.0713186	1.50315	0.00502095	-1.6009	-0.754553	-0.0737923	-1.69263	-0.0625581	0.940366	0.100938	-0.156879	-0.41759	-0.274897	-1.81997	-0.195656	1.4174	-0.818573	0.119209	24.6167	-3.9041	18.7159	0.0298023	6.19888	63.4566	0.0373127	-0.850276	-0.515487	-8.28619	-0.0699691	-1.50168	-0.00494344	-1.59933	-0.750266	-0.0710608	-1.67434	-0.0606002	0.926218	0.10941	-1.59776	-0.745738	-0.0683641	-1.65587	-0.0586445	0.912135	0.118514	-3.33067e-16	-0.359869	0.749199	8.94398	0.149335	1.55367	2.26481e-08	-0.0611825	0.0166133	-1.87687	0.0533694	0.00164835	1.32382e-07	
1.1	-0.0291251	0.704205	0.587195	8.50953	0.0763509	1.50905	0.00512197	-1.60247	-0.758594	-0.076558	-1.71072	-0.0645166	0.954569	0.0931021	-0.156164	-0.392973	-0.278287	-1.80018	-0.195846	1.42264	-0.755139	0.715241	24.6167	-3.39001	19.7887	-0.18999	5.24521	63.4342	0.0333278	-0.735712	-0.566599	-8.46548	-0.0741436	-1.50709	-0.00513761	-1.6009	-0.754553	-0.0737923	-1.69263	-0.0625581	0.940366	0.100938	-1.59933	-0.750266	-0.0710608	-1.67434	-0.0606002	0.926218	0.10941	5.55112e-17	-0.428722	0.785031	9.07337	0.151545	1.55467	8.17255e-08	-0.0588884	0.0154098	-1.88753	0.0525398	-0.00188385	1.34632e-07	
1.11	-0.0283735	0.586552	0.629358	8.68442	0.0801649	1.51372	0.00530592	-1.60402	-0.762384	-0.0793562	-1.7286	-0.0664763	0.968821	0.0858996	-0.15533	-0.367582	-0.28111	-1.77872	-0.196263	1.42735	-0.691988	0.834465	25.3916	-2.82377	21.4577	-0.417233	4.70877	63.1511	0.0270643	-0.617221	-0.623676	-8.64531	-0.0796659	-1.51267	-0.00521764	-1.60247	-0.758594	-0.076558	-1.71072	-0.0645166	0.954569	0.0931021	-1.6009	-0.754553	-0.0737923	-1.69263	-0.0625581	0.940366	0.100938	1.11022e-16	-0.500053	0.821138	9.20152	0.153691	1.55559	9.07726e-08	-0.0549082	0.0128374	-1.89574	0.0520974	-0.00242841	1.33122e-07	
1.12	-0.0177393	0.484847	0.694741	8.84867	0.0864253	1.51896	0.00516058	-1.60557	-0.765919	-0.0821877	-1.74626	-0.0684347	0.983114	0.0793224	-0.154376	-0.342011	-0.284627	-1.75595	-0.195727	1.43099	-0.629626	0.953674	25.5704	-3.51667	22.769	0.536442	3.63588	62.3614	0.0227509	-0.478949	-0.678786	-8.83281	-0.0845826	-1.51862	-0.00536706	-1.60402	-0.762384	-0.0793562	-1.7286	-0.0664763	0.968821	0.0858996	-1.60247	-0.758594	-0.076558	-1.71072	-0.0645166	0.954569	0.0931021	1.11022e-16	-0.573802	0.857488	9.32832	0.155774	1.55643	3.96913e-08	-0.0441155	0.0118414	-1.89625	0.0513456	0.00168301	1.26243e-07	
1.13	-0.017357	0.339373	0.740316	9.03832	0.0905173	1.52515	0.00535254	-1.6071	-0.769194	-0.085051	-1.7637	-0.0703921	0.997442	0.0733609	-0.152826	-0.315785	-0.287525	-1.73283	-0.19566	1.43415	-0.568822	1.54972	26.226	-2.89828	23.1266	0.0670552	3.15905	60.8041	0.0183258	-0.358563	-0.730698	-9.00476	-0.0894862	-1.52373	-0.00538661	-1.60557	-0.765919	-0.0821877	-1.74626	-0.0684347	0.983114	0.0793224	-1.60402	-0.762384	-0.0793562	-1.7286	-0.0664763	0.968821	0.0858996	-1.66533e-16	-0.649916	0.894019	9.45367	0.157788	1.55718	1.97723e-10	-0.0430586	0.0100923	-1.90713	0.0504707	-0.00136024	1.27404e-07	
1.14	-0.0110328	0.212663	0.797471	9.21247	0.0961934	1.53093	0.00528276	-1.60862	-0.772206	-0.0879449	-1.78089	-0.0723487	1.0118	0.0680012	-0.151038	-0.28944	-0.290714	-1.70827	-0.19554	1.43647	-0.509389	1.78814	26.3452	-3.18885	24.5571	0.119209	2.32458	59.4333	0.00946585	-0.235788	-0.793401	-9.17805	-0.0961386	-1.52964	-0.00523545	-1.6071	-0.769194	-0.085051	-1.7637	-0.0703921	0.997442	0.0733609	-1.60557	-0.765919	-0.0821877	-1.74626	-0.0684347	0.983114	0.0793224	-1.11022e-16	-0.728315	0.930682	9.57747	0.159729	1.55785	6.79564e-08	-0.0362205	0.00703451	-1.91306	0.0494177	0.00133633	1.19247e-07	
1.15	-0.00323815	0.0931639	0.856359	9.377	0.102143	1.53627	0.00510276	-1.61013	-0.774953	-0.0908704	-1.79783	-0.0743008	1.02617	0.0632268	-0.14925	-0.262856	-0.293791	-1.6824	-0.19522	1.4379	-0.45184	1.78814	26.5837	-3.07709	25.8684	0.320375	1.43051	57.5483	0.00605285	-0.103051	-0.844179	-9.35251	-0.100649	-1.53545	-0.00523281	-1.60862	-0.772206	-0.0879449	-1.78089	-0.0723487	1.0118	0.0680012	-1.6071	-0.769194	-0.085051	-1.7637	-0.0703921	0.997442	0.0733609	2.22045e-16	-0.808922	0.967442	9.69963	0.161599	1.55845	-5.70524e-08	-0.0295684	0.00612279	-1.92326	0.0478884	0.0032278	1.12247e-07	
1.16	0.00264465	-0.0543627	0.914775	9.55946	0.108154	1.54288	0.00502101	-1.61161	-0.777432	-0.0938255	-1.81451	-0.076252	1.04056	0.0590172	-0.147343	-0.235975	-0.296697	-1.65629	-0.195034	1.43886	-0.395868	1.90735	26.8817	-2.90573	26.1068	0.186265	0.953674	55.9725	-0.00205698	0.0383883	-0.906925	-9.52898	-0.107469	-1.54125	-0.00508711	-1.61013	-0.774953	-0.0908704	-1.79783	-0.0743008	1.02617	0.0632268	-1.60862	-0.772206	-0.0879449	-1.78089	-0.0723487	1.0118	0.0680012	0	-0.891666	1.00424	9.82007	0.163389	1.55898	4.74426e-08	-0.0240372	0.00358096	-1.93039	0.0466628	0.00422407	1.06821e-07	
1.17	0.00903699	-0.204265	0.974617	9.73565	0.113953	1.54874	0.00492519	-1.61307	-0.779641	-0.0968093	-1.83093	-0.0781985	1.05495	0.0553496	-0.144839	-0.208795	-0.299789	-1.62888	-0.194281	1.43886	-0.343073	2.5034	27.1797	-3.09199	27.4181	0.752509	0	52.7948	-0.00487353	0.182845	-0.957209	-9.70652	-0.112284	-1.5478	-0.00503026	-1.61161	-0.777432	-0.0938255	-1.81451	-0.076252	1.04056	0.0590172	-1.61013	-0.774953	-0.0908704	-1.79783	-0.0743008	1.02617	0.0632268	2.22045e-16	-0.976466	1.04103	9.93868	0.165104	1.55943	8.21281e-08	-0.0193367	0.0027903	-1.9438	0.04435	0.0032146	1.01285e-07	
1.18	0.0105334	-0.345086	1.02024	9.9006	0.118659	1.55369	0.00483924	-1.6145	-0.78158	-0.0998211	-1.84706	-0.0801397	1.06933	0.0522008	-0.142455	-0.181615	-0.302143	-1.60038	-0.193991	1.43826	-0.292461	2.38419	27.1797	-2.35438	28.491	0.290573	-0.596046	50.6118	-0.0171763	0.316493	-1.02775	-9.87169	-0.119333	-1.55362	-0.00472999	-1.61307	-0.779641	-0.0968093	-1.83093	-0.0781985	1.05495	0.0553496	-1.61161	-0.777432	-0.0938255	-1.81451	-0.076252	1.04056	0.0590172	-3.33067e-16	-1.06323	1.07776	10.0554	0.166741	1.55982	8.01228e-09	-0.0138295	-0.00164945	-1.94936	0.043523	0.00628585	9.09096e-08	
1.19	0.0186893	-0.506638	1.0852	10.0808	0.125203	1.5605	0.00466861	-1.61591	-0.783247	-0.10286	-1.86291	-0.0820763	1.08371	0.0495419	-0.139594	-0.154436	-0.305139	-1.57177	-0.19338	1.43683	-0.244558	2.86102	27.1797	-2.99513	28.6102	0.610948	-1.43051	47.9035	-0.0234303	0.464427	-1.08511	-10.0397	-0.125557	-1.55915	-0.00452905	-1.6145	-0.78158	-0.0998211	-1.84706	-0.0801397	1.06933	0.0522008	-1.61307	-0.779641	-0.0968093	-1.83093	-0.0781985	1.05495	0.0553496	1.11022e-16	-1.15188	1.11439	10.1701	0.168299	1.56015	7.33027e-08	-0.009064	-0.003618	-1.94965	0.0413047	0.0084127	8.4609e-08	
1.2	0.0229005	-0.644891	1.13582	10.2407	0.130363	1.56609	0.00445626	-1.61729	-0.784644	-0.105925	-1.87847	-0.0840058	1.09807	0.0473463	-0.136614	-0.127554	-0.30753	-1.54197	-0.192828	1.43456	-0.199571	2.98023	26.8817	-2.39164	29.8023	0.551343	-2.26498	44.9866	-0.0200596	0.621832	-1.12218	-10.2133	-0.128754	-1.56533	-0.00456563	-1.61591	-0.783247	-0.10286	-1.86291	-0.0820763	1.08371	0.0495419	-1.6145	-0.78158	-0.0998211	-1.84706	-0.0801397	1.06933	0.0522008	0	-1.24232	1.15087	10.2828	0.169781	1.56042	-8.11038e-09	-0.00282924	-0.00277933	-1.9649	0.039324	0.00913924	7.75645e-08	
1.21	0.0310092	-0.815735	1.20128	10.4179	0.136591	1.57283	0.00427872	-1.61864	-0.78577	-0.109016	-1.89372	-0.0859281	1.1124	0.045585	-0.133634	-0.100374	-0.310257	-1.51181	-0.191547	1.43135	-0.157621	2.98023	27.1797	-2.72691	30.16	1.2815	-3.21865	41.9505	-0.032689	0.76513	-1.19241	-10.3711	-0.136058	-1.57066	-0.00419632	-1.61729	-0.784644	-0.105925	-1.87847	-0.0840058	1.09807	0.0473463	-1.61591	-0.783247	-0.10286	-1.86291	-0.0820763	1.08371	0.0495419	1.11022e-16	-1.33446	1.18716	10.3933	0.171185	1.56064	2.33814e-09	0.00133749	-0.00661387	-1.96471	0.037362	0.0108245	6.90181e-08	
1.22	0.0373353	-0.965559	1.25766	10.5748	0.142255	1.57791	0.00404275	-1.61996	-0.786627	-0.112131	-1.90867	-0.087842	1.12669	0.0442261	-0.130177	-0.0736117	-0.312649	-1.48058	-0.19078	1.42765	-0.118509	3.45707	26.7625	-2.39164	31.2328	0.76741	-3.69549	39.1118	-0.0351255	0.935488	-1.24421	-10.5453	-0.141039	-1.57716	-0.00409966	-1.61864	-0.78577	-0.109016	-1.89372	-0.0859281	1.1124	0.045585	-1.61729	-0.784644	-0.105925	-1.87847	-0.0840058	1.09807	0.0473463	2.22045e-16	-1.42819	1.22322	10.5016	0.172514	1.5608	-8.82025e-08	0.00754672	-0.00801216	-1.97724	0.0351054	0.0117485	6.07269e-08	
1.23	0.0415922	-1.12119	1.30977	10.7359	0.147616	1.58393	0.00382142	-1.62124	-0.787218	-0.115268	-1.9233	-0.0897488	1.14094	0.0432397	-0.126481	-0.0472069	-0.314742	-1.44911	-0.190429	1.42288	-0.0831261	3.69549	26.4049	-2.09358	31.4713	0.350177	-4.76837	35.3828	-0.0324549	1.08457	-1.28021	-10.6987	-0.144439	-1.58197	-0.00401735	-1.61996	-0.786627	-0.112131	-1.90867	-0.087842	1.12669	0.0442261	-1.61864	-0.78577	-0.109016	-1.89372	-0.0859281	1.1124	0.045585	-3.33067e-16	-1.52342	1.259	10.6077	0.173766	1.56093	-5.26525e-08	0.0109647	-0.00659263	-1.98665	0.0331414	0.0121051	5.54035e-08	
1.24	0.0463289	-1.28119	1.36347	10.89	0.152756	1.58873	0.0036323	-1.62248	-0.787544	-0.118427	-1.93761	-0.0916451	1.15514	0.0425927	-0.122666	-0.0208616	-0.316799	-1.41668	-0.189379	1.4174	-0.050772	3.8147	26.3453	-2.05636	32.4249	1.05053	-5.48363	32.3541	-0.0453218	1.25249	-1.35342	-10.8616	-0.151645	-1.58791	-0.00369015	-1.62124	-0.787218	-0.115268	-1.9233	-0.0897488	1.14094	0.0432397	-1.61996	-0.786627	-0.112131	-1.90867	-0.087842	1.12669	0.0442261	-3.33067e-16	-1.62005	1.29445	10.7114	0.174946	1.56101	-6.86886e-08	0.0168821	-0.0108963	-1.99166	0.0310732	0.0135665	4.79147e-08	
1.25	0.0510234	-1.45684	1.41994	11.0552	0.15768	1.59508	0.00348661	-1.62369	-0.787608	-0.121607	-1.9516	-0.0935315	1.16928	0.0422531	-0.118613	0.005126	-0.318855	-1.38426	-0.187777	1.41084	-0.0211596	4.05312	25.9876	-2.05636	32.4249	1.60187	-6.55651	29.6123	-0.0516775	1.42015	-1.41155	-11.0177	-0.157241	-1.5931	-0.00347299	-1.62248	-0.787544	-0.118427	-1.93761	-0.0916451	1.15514	0.0425927	-1.62124	-0.787218	-0.115268	-1.9233	-0.0897488	1.14094	0.0432397	3.33067e-16	-1.71796	1.32956	10.8127	0.176054	1.56105	-1.09678e-08	0.0252141	-0.0126724	-1.99476	0.0289853	0.0168435	3.74799e-08	
1.26	0.0539103	-1.62941	1.47092	11.213	0.162635	1.60072	0.00332638	-1.62485	-0.787416	-0.124805	-1.96526	-0.095405	1.18335	0.0421914	-0.114202	0.0306368	-0.320561	-1.35124	-0.187203	1.40345	0.00555068	4.41074	25.5108	-1.70618	33.021	0.573695	-7.39098	26.7103	-0.0533448	1.58276	-1.45843	-11.1715	-0.161306	-1.59873	-0.00333105	-1.62369	-0.787608	-0.121607	-1.9516	-0.0935315	1.16928	0.0422531	-1.62248	-0.787544	-0.118427	-1.93761	-0.0916451	1.15514	0.0425927	-3.33067e-16	-1.81704	1.36427	10.9116	0.177096	1.56105	-6.94988e-08	0.0286135	-0.0137262	-2.00595	0.0269442	0.016986	3.15185e-08	
1.27	0.0541676	-1.79438	1.51483	11.3588	0.166366	1.60522	0.00322523	-1.62597	-0.786971	-0.128021	-1.97859	-0.097267	1.19734	0.0423749	-0.109673	0.0556111	-0.32194	-1.3175	-0.185773	1.39523	0.0282861	4.52995	24.9743	-1.37836	33.7362	1.43051	-8.22544	22.7354	-0.0658614	1.76291	-1.53042	-11.3297	-0.168378	-1.60434	-0.00303292	-1.62485	-0.787416	-0.124805	-1.96526	-0.095405	1.18335	0.0421914	-1.62369	-0.787608	-0.121607	-1.9516	-0.0935315	1.16928	0.0422531	2.22045e-16	-1.91718	1.39855	11.008	0.17807	1.56103	-2.85078e-08	0.0351826	-0.0179079	-2.01505	0.0244514	0.0173381	2.44229e-08	
1.28	0.0637291	-1.98102	1.58169	11.5122	0.172285	1.61013	0.00303073	-1.62705	-0.786279	-0.131253	-1.99158	-0.0991144	1.21124	0.0427753	-0.105381	0.0804663	-0.323698	-1.28341	-0.184134	1.38605	0.0490062	4.29153	24.8551	-1.75834	34.0939	1.63913	-9.17912	20.7201	-0.0668756	1.93524	-1.5772	-11.4789	-0.17169	-1.6095	-0.00296475	-1.62597	-0.786971	-0.128021	-1.97859	-0.097267	1.19734	0.0423749	-1.62485	-0.787416	-0.124805	-1.96526	-0.095405	1.18335	0.0421914	3.33067e-16	-2.01826	1.43237	11.1019	0.178982	1.56098	-9.13171e-08	0.039757	-0.0185377	-2.02045	0.0232568	0.0188349	1.74156e-08	
1.29	0.0693164	-2.15274	1.63665	11.6616	0.176971	1.61611	0.0028356	-1.62807	-0.785346	-0.134497	-2.00423	-0.100948	1.22505	0.04336	-0.100255	0.10401	-0.325173	-1.24955	-0.182882	1.37579	0.0658259	5.126	23.5438	-1.47521	33.8553	1.2517	-10.252	16.8197	-0.0700976	2.11787	-1.62966	-11.6303	-0.176115	-1.61472	-0.0028618	-1.62705	-0.786279	-0.131253	-1.99158	-0.0991144	1.21124	0.0427753	-1.62597	-0.786971	-0.128021	-1.97859	-0.097267	1.19734	0.0423749	1.11022e-16	-2.12013	1.46568	11.1932	0.17983	1.56091	-6.8187e-09	0.0465296	-0.0198427	-2.03006	0.020993	0.0202076	8.99938e-09	
1.3	0.0694837	-2.31923	1.67933	11.7948	0.180137	1.61984	0.00276093	-1.62905	-0.784177	-0.137755	-2.01653	-0.102765	1.23875	0.0441028	-0.0952482	0.127077	-0.325993	-1.21474	-0.180893	1.36471	0.0804663	5.00679	23.067	-0.819564	34.8091	1.98931	-11.0865	14.6404	-0.0739332	2.29382	-1.68149	-11.7755	-0.180307	-1.62002	-0.00272278	-1.62807	-0.785346	-0.134497	-2.00423	-0.100948	1.22505	0.04336	-1.62705	-0.786279	-0.131253	-1.99158	-0.0991144	1.21124	0.0427753	-6.66134e-16	-2.2227	1.49847	11.2819	0.180623	1.56082	-7.61521e-08	0.052051	-0.0214177	-2.03761	0.0198399	0.0216168	3.08999e-09	
1.31	0.077265	-2.50566	1.74042	11.9409	0.185226	1.62509	0.00259992	-1.62998	-0.782782	-0.141022	-2.02849	-0.104566	1.25233	0.0449752	-0.0902414	0.149548	-0.327066	-1.18017	-0.179373	1.35255	0.0923313	5.00679	22.471	-1.07288	34.5707	1.51992	-12.1593	11.865	-0.0817531	2.47355	-1.74112	-11.9146	-0.185464	-1.62427	-0.00254773	-1.62905	-0.784177	-0.137755	-2.01653	-0.102765	1.23875	0.0441028	-1.62807	-0.785346	-0.134497	-2.00423	-0.100948	1.22505	0.04336	-5.55112e-16	-2.32583	1.53071	11.3679	0.181359	1.56071	-8.59215e-08	0.0554605	-0.024618	-2.04535	0.0176479	0.0211401	-1.16269e-09	
1.32	0.0801295	-2.6844	1.78986	12.0722	0.188814	1.62881	0.00252782	-1.63085	-0.781167	-0.144297	-2.0401	-0.106349	1.26578	0.0459505	-0.084877	0.171244	-0.327721	-1.14489	-0.177324	1.33908	0.101548	5.36442	21.6961	-0.655651	35.2859	2.04891	-13.4706	9.21637	-0.0785929	2.65115	-1.7786	-12.0514	-0.188115	-1.62872	-0.00255509	-1.62998	-0.782782	-0.141022	-2.02849	-0.104566	1.25233	0.0449752	-1.62905	-0.784177	-0.137755	-2.01653	-0.102765	1.23875	0.0441028	-2.22045e-16	-2.42937	1.56235	11.4513	0.182042	1.56059	4.94749e-08	0.0631916	-0.0237098	-2.0529	0.0151542	0.0227903	-1.04787e-08	
1.33	0.090794	-2.86124	1.85304	12.2027	0.193821	1.63294	0.00233622	-1.63167	-0.779341	-0.147577	-2.05135	-0.108112	1.2791	0.0470065	-0.0793934	0.191808	-0.328556	-1.10984	-0.175506	1.32513	0.108529	5.48363	20.5636	-0.834465	35.0475	1.81794	-13.9475	6.98119	-0.0850803	2.83439	-1.83567	-12.186	-0.192168	-1.63304	-0.0024639	-1.63085	-0.781167	-0.144297	-2.0401	-0.106349	1.26578	0.0459505	-1.62998	-0.782782	-0.141022	-2.02849	-0.104566	1.25233	0.0449752	-1.11022e-16	-2.53319	1.59338	11.532	0.182675	1.56046	1.16777e-08	0.0697624	-0.0261479	-2.05927	0.0143443	0.0246319	-1.64303e-08	
1.34	0.0894782	-3.04869	1.89534	12.3365	0.196555	1.63727	0.002381	-1.63243	-0.777313	-0.150861	-2.06226	-0.109856	1.29226	0.0481176	-0.0736713	0.211537	-0.328541	-1.07479	-0.173561	1.30975	0.112861	5.72204	19.7291	0.0149012	35.0475	1.9446	-15.378	4.33251	-0.0875239	3.02413	-1.88569	-12.3255	-0.195638	-1.63836	-0.00243039	-1.63167	-0.779341	-0.147577	-2.05135	-0.108112	1.2791	0.0470065	-1.63085	-0.781167	-0.144297	-2.0401	-0.106349	1.26578	0.0459505	-3.33067e-16	-2.63715	1.62378	11.6099	0.183261	1.56033	5.13279e-08	0.0754943	-0.0268277	-2.06996	0.0117382	0.0229002	-1.95359e-08	
1.35	0.0933166	-3.23216	1.94606	12.4658	0.199889	1.64186	0.00233375	-1.63314	-0.775094	-0.154147	-2.07282	-0.111577	1.30527	0.0492654	-0.0679493	0.230134	-0.328496	-1.03974	-0.171311	1.29318	0.115804	5.72205	18.5966	0.0447035	35.0475	2.25008	-16.5701	2.94298	-0.0918872	3.20351	-1.93668	-12.4459	-0.199009	-1.64134	-0.00239646	-1.63243	-0.777313	-0.150861	-2.06226	-0.109856	1.29226	0.0481176	-1.63167	-0.779341	-0.147577	-2.05135	-0.108112	1.2791	0.0470065	-2.22045e-16	-2.7411	1.65354	11.6852	0.183805	1.56018	4.20097e-08	0.0783286	-0.0297494	-2.07225	0.0109121	0.02255	-2.31949e-08	
1.36	0.0938014	-3.42848	1.99309	12.5962	0.202586	1.64582	0.00244104	-1.63378	-0.772694	-0.15743	-2.08302	-0.113276	1.31811	0.0504297	-0.0619888	0.247896	-0.328198	-1.0047	-0.168733	1.27602	0.116669	5.96047	17.7622	0.298023	35.0475	2.5779	-17.1661	0.864267	-0.0923672	3.38242	-1.97967	-12.5626	-0.201867	-1.64411	-0.0024157	-1.63314	-0.775094	-0.154147	-2.07282	-0.111577	1.30527	0.0492654	-1.63243	-0.777313	-0.150861	-2.06226	-0.109856	1.29226	0.0481176	2.22045e-16	-2.8449	1.68261	11.7577	0.184305	1.56004	7.25162e-08	0.0839668	-0.0302318	-2.08101	0.0100274	0.0234463	-2.79061e-08	
1.37	0.103396	-3.60196	2.05081	12.7055	0.206603	1.64861	0.00231344	-1.63437	-0.770124	-0.160709	-2.09288	-0.11495	1.33077	0.051594	-0.0560284	0.264287	-0.32787	-0.969171	-0.166565	1.25718	0.116043	5.96046	16.3913	0.327826	35.5244	2.16812	-18.8351	-0.625849	-0.100285	3.56726	-2.03733	-12.6887	-0.205421	-1.64906	-0.00234373	-1.63378	-0.772694	-0.15743	-2.08302	-0.113276	1.31811	0.0504297	-1.63314	-0.775094	-0.154147	-2.07282	-0.111577	1.30527	0.0492654	-4.44089e-16	-2.94838	1.711	11.8275	0.184767	1.5599	1.72999e-08	0.0904541	-0.0329752	-2.08898	0.00898805	0.0246029	-3.31157e-08	
1.38	0.102454	-3.80383	2.09566	12.838	0.208794	1.65378	0.00245901	-1.6349	-0.767396	-0.16398	-2.10238	-0.1166	1.34323	0.0527411	-0.0498295	0.279605	-0.326961	-0.934601	-0.16392	1.23727	0.113513	6.19888	15.3184	0.908971	34.5707	2.64496	-19.9078	-2.52947	-0.100422	3.75423	-2.08069	-12.8001	-0.207923	-1.65122	-0.00244993	-1.63437	-0.770124	-0.160709	-2.09288	-0.11495	1.33077	0.051594	-1.63378	-0.772694	-0.15743	-2.08302	-0.113276	1.31811	0.0504297	-2.22045e-16	-3.0514	1.73868	11.8945	0.185191	1.55975	7.4993e-08	0.0960089	-0.0344105	-2.0937	0.00747812	0.0238532	-3.6163e-08	
1.39	0.0992048	-3.99661	2.13419	12.9556	0.210468	1.65711	0.00266147	-1.63536	-0.764522	-0.167241	-2.11153	-0.118223	1.35549	0.0538584	-0.0436306	0.293672	-0.325531	-0.899792	-0.161096	1.21665	0.110097	6.19888	14.0667	1.43051	34.8091	2.82377	-20.6232	-3.41609	-0.0966524	3.95277	-2.11976	-12.9291	-0.209509	-1.65619	-0.00265334	-1.6349	-0.767396	-0.16398	-2.10238	-0.1166	1.34323	0.0527411	-1.63437	-0.770124	-0.160709	-2.09288	-0.11495	1.33077	0.051594	-8.88178e-16	-3.15378	1.76564	11.9589	0.185582	1.55962	2.32804e-09	0.103082	-0.033763	-2.10438	0.00648319	0.0245926	-4.09236e-08	
1.4	0.103708	-4.16666	2.18075	13.0494	0.213108	1.65845	0.00269229	-1.63576	-0.761515	-0.170489	-2.12033	-0.119819	1.36754	0.0549334	-0.0373125	0.306249	-0.32407	-0.864506	-0.158481	1.1946	0.105347	6.31809	12.5766	1.46031	35.2859	2.61515	-22.0537	-4.74975	-0.106577	4.14077	-2.17984	-13.0404	-0.213221	-1.65949	-0.00263872	-1.63536	-0.764522	-0.167241	-2.11153	-0.118223	1.35549	0.0538584	-1.6349	-0.767396	-0.16398	-2.10238	-0.1166	1.34323	0.0527411	2.22045e-16	-3.25537	1.79188	12.0205	0.18594	1.55948	-5.85679e-09	0.107965	-0.0373042	-2.11262	0.00515538	0.022978	-4.29717e-08	
1.41	0.101422	-4.35604	2.21968	13.1617	0.214638	1.66228	0.00287323	-1.6361	-0.75839	-0.17372	-2.12879	-0.121387	1.37935	0.0559574	-0.0311136	0.317514	-0.321954	-0.830173	-0.155501	1.17111	0.0998676	6.19888	11.2652	2.11596	34.3323	2.98022	-23.4842	-5.4799	-0.10509	4.31976	-2.21783	-13.1412	-0.214761	-1.66177	-0.00279908	-1.63576	-0.761515	-0.170489	-2.12033	-0.119819	1.36754	0.0549334	-1.63536	-0.764522	-0.167241	-2.11153	-0.118223	1.35549	0.0538584	-4.44089e-16	-3.356	1.81739	12.0795	0.186269	1.55936	2.80916e-09	0.110233	-0.0385064	-2.12133	0.00418285	0.0212805	-4.32078e-08	
1.42	0.111129	-4.54371	2.27827	13.2657	0.217882	1.66527	0.00291445	-1.63638	-0.755158	-0.17693	-2.13691	-0.122925	1.39093	0.0569236	-0.0247955	0.327468	-0.320226	-0.795841	-0.152536	1.14679	0.0937581	6.31809	9.95398	1.72853	34.3323	2.96533	-24.3187	-6.10948	-0.100743	4.50496	-2.25209	-13.2448	-0.215974	-1.66439	-0.00303665	-1.6361	-0.75839	-0.17372	-2.12879	-0.121387	1.37935	0.0559574	-1.63576	-0.761515	-0.170489	-2.12033	-0.119819	1.36754	0.0549334	2.22045e-16	-3.45551	1.84215	12.1358	0.186568	1.55924	7.0752e-08	0.118654	-0.0374371	-2.12616	0.00305611	0.0215913	-4.67175e-08	
1.43	0.107634	-4.74167	2.3166	13.3785	0.219107	1.66938	0.0031852	-1.63659	-0.751836	-0.180117	-2.14468	-0.124432	1.40226	0.0578258	-0.0185966	0.335991	-0.317395	-0.762224	-0.149265	1.12116	0.0874475	6.19888	8.52346	2.83122	33.617	3.2708	-25.63	-6.31064	-0.1085	4.69896	-2.30862	-13.3541	-0.218741	-1.66839	-0.00312837	-1.63638	-0.755158	-0.17693	-2.13691	-0.122925	1.39093	0.0569236	-1.6361	-0.75839	-0.17372	-2.12879	-0.121387	1.37935	0.0559574	0	-3.55371	1.86618	12.1894	0.186843	1.55912	3.37038e-08	0.123359	-0.0422674	-2.13454	0.00307412	0.0211731	-4.79811e-08	
1.44	0.112891	-4.91554	2.36393	13.4637	0.221195	1.67057	0.0033231	-1.63674	-0.748438	-0.183276	-2.15211	-0.125909	1.41333	0.0586577	-0.0119209	0.342846	-0.314832	-0.72813	-0.146016	1.09446	0.079751	6.67572	6.85453	2.563	34.0939	3.24845	-26.7029	-7.69645	-0.112166	4.87842	-2.35438	-13.448	-0.220943	-1.67081	-0.00325413	-1.63659	-0.751836	-0.180117	-2.14468	-0.124432	1.40226	0.0578258	-1.63638	-0.755158	-0.17693	-2.13691	-0.122925	1.39093	0.0569236	2.22045e-16	-3.65044	1.88944	12.2405	0.187091	1.55902	8.36569e-08	0.12972	-0.0430395	-2.14085	0.00227326	0.0210365	-5.0121e-08	
1.45	0.104787	-5.11176	2.39402	13.5716	0.221642	1.67466	0.00368087	-1.63682	-0.744979	-0.186403	-2.15921	-0.127352	1.42412	0.0594192	-0.00548363	0.34827	-0.311136	-0.695229	-0.142768	1.06621	0.0727773	6.4373	5.42402	3.69546	32.9018	3.24845	-28.2526	-6.97374	-0.103302	5.0701	-2.38236	-13.5468	-0.221124	-1.67325	-0.00365667	-1.63674	-0.748438	-0.183276	-2.15211	-0.125909	1.41333	0.0586577	-1.63659	-0.751836	-0.180117	-2.14468	-0.124432	1.40226	0.0578258	2.22045e-16	-3.74551	1.91197	12.289	0.187318	1.55893	1.07829e-07	0.134076	-0.0428617	-2.15054	0.00137525	0.0191321	-5.05e-08	
1.46	0.0955781	-5.29206	2.41881	13.6585	0.221854	1.67619	0.00406264	-1.63685	-0.741475	-0.189495	-2.16598	-0.128761	1.43462	0.0601095	0.000715256	0.352144	-0.30677	-0.662088	-0.139385	1.037	0.065621	6.19888	3.8743	4.36604	33.1402	3.38256	-29.2063	-7.15628	-0.107524	5.2555	-2.43017	-13.6462	-0.223082	-1.67716	-0.00381579	-1.63682	-0.744979	-0.186403	-2.15921	-0.127352	1.42412	0.0594192	-1.63674	-0.748438	-0.183276	-2.15211	-0.125909	1.41333	0.0586577	2.22045e-16	-3.83875	1.93375	12.3349	0.187523	1.55884	5.63314e-08	0.140437	-0.0454262	-2.1545	0.00174646	0.0199357	-5.13555e-08	
1.47	0.110416	-5.47412	2.48285	13.7531	0.225038	1.68004	0.00409877	-1.63681	-0.737941	-0.192546	-2.17243	-0.130136	1.44483	0.0607267	0.00679493	0.35423	-0.303313	-0.629902	-0.135884	1.00672	0.05842	6.07967	2.08616	3.45707	32.1865	3.50177	-30.2792	-7.20099	-0.104646	5.43037	-2.46387	-13.7275	-0.224029	-1.67845	-0.00410949	-1.63685	-0.741475	-0.189495	-2.16598	-0.128761	1.43462	0.0601095	-1.63682	-0.744979	-0.186403	-2.15921	-0.127352	1.42412	0.0594192	-6.66134e-16	-3.92998	1.95479	12.3784	0.187707	1.55876	1.04625e-07	0.146337	-0.0449809	-2.1628	0.000177359	0.018471	-5.2597e-08	
1.48	0.111463	-5.64395	2.52166	13.8333	0.226235	1.68215	0.0043204	-1.6367	-0.734394	-0.195554	-2.17855	-0.131476	1.45472	0.0612737	0.0128746	0.354648	-0.298604	-0.597715	-0.132293	0.974894	0.0516958	6.07967	0.417233	4.70877	32.1864	3.59118	-31.8289	-6.72415	-0.109062	5.6173	-2.51204	-13.818	-0.225832	-1.68129	-0.00434151	-1.63681	-0.737941	-0.192546	-2.17243	-0.130136	1.44483	0.0607267	-1.63685	-0.741475	-0.189495	-2.16598	-0.128761	1.43462	0.0601095	2.22045e-16	-4.019	1.9751	12.4194	0.187874	1.5587	3.08334e-08	0.152093	-0.0487829	-2.16867	0.000321885	0.0179845	-5.43763e-08	
1.49	0.104617	-5.82693	2.55087	13.9225	0.226642	1.6851	0.00470028	-1.63654	-0.730851	-0.198512	-2.18435	-0.13278	1.46429	0.0617545	0.0188351	0.353634	-0.293121	-0.566244	-0.128806	0.941873	0.0452176	5.96047	-1.01328	5.48363	31.4713	3.48687	-33.021	-6.47828	-0.111931	5.78446	-2.55314	-13.8966	-0.227164	-1.68348	-0.00455234	-1.6367	-0.734394	-0.195554	-2.17855	-0.131476	1.45472	0.0612737	-1.63681	-0.737941	-0.192546	-2.17243	-0.130136	1.44483	0.0607267	-2.22045e-16	-4.10565	1.99467	12.458	0.188022	1.55864	9.2481e-08	0.155994	-0.0511552	-2.1773	9.38805e-05	0.0159963	-5.21054e-08	
1.5	0.112428	-5.99835	2.60066	13.9972	0.228573	1.68692	0.00488382	-1.63632	-0.727327	-0.201416	-2.18984	-0.134046	1.47352	0.0621728	0.0245571	0.351012	-0.287846	-0.534773	-0.124946	0.907659	0.0392869	5.72204	-2.6226	5.27501	31.4713	3.85941	-34.2131	-5.93066	-0.115623	5.96852	-2.59913	-13.9844	-0.228843	-1.68682	-0.00478659	-1.63654	-0.730851	-0.198512	-2.18435	-0.13278	1.46429	0.0617545	-1.6367	-0.734394	-0.195554	-2.17855	-0.131476	1.45472	0.0612737	-4.44089e-16	-4.18974	2.01352	12.4943	0.188154	1.55858	6.81942e-09	0.16296	-0.0536243	-2.18326	0.000217343	0.015973	-5.2174e-08	
1.51	0.104209	-6.1751	2.62667	14.0766	0.228611	1.68894	0.00532859	-1.63604	-0.723839	-0.204259	-2.19502	-0.135275	1.4824	0.062535	0.0305176	0.34672	-0.281528	-0.504017	-0.121161	0.872374	0.0338554	5.96046	-4.29153	6.31809	30.756	3.78489	-35.2859	-5.43147	-0.108869	6.14481	-2.62719	-14.069	-0.229123	-1.68985	-0.00517632	-1.63632	-0.727327	-0.201416	-2.18984	-0.134046	1.47352	0.0621728	-1.63654	-0.730851	-0.198512	-2.18435	-0.13278	1.46429	0.0617545	0	-4.27107	2.03165	12.5283	0.188269	1.55854	6.33805e-08	0.166734	-0.0534832	-2.19138	-0.000223588	0.0148656	-5.06224e-08	
1.52	0.110879	-6.34813	2.67524	14.1613	0.230151	1.69301	0.00553612	-1.63571	-0.720404	-0.207041	-2.1999	-0.136467	1.49092	0.0628453	0.0361204	0.340521	-0.275359	-0.474215	-0.117078	0.835776	0.02902	5.60284	-6.19888	6.16908	29.8024	4.08292	-36.5973	-4.83543	-0.103619	6.31663	-2.65685	-14.1468	-0.229521	-1.69225	-0.00555856	-1.63604	-0.723839	-0.204259	-2.19502	-0.135275	1.4824	0.062535	-1.63632	-0.727327	-0.201416	-2.18984	-0.134046	1.47352	0.0621728	0	-4.34947	2.04909	12.5601	0.188371	1.5585	1.21579e-07	0.174091	-0.0540059	-2.19878	-0.000757028	0.0143901	-5.10522e-08	
1.53	0.107203	-6.50976	2.70508	14.2312	0.230808	1.69491	0.00587836	-1.63532	-0.71704	-0.209752	-2.20447	-0.137619	1.49908	0.0631117	0.0411272	0.332773	-0.267759	-0.444412	-0.113472	0.797987	0.0248104	5.00679	-7.7486	7.59959	29.8023	3.60608	-37.7893	-4.20958	-0.106492	6.47833	-2.69713	-14.2184	-0.230449	-1.69466	-0.0058318	-1.63571	-0.720404	-0.207041	-2.1999	-0.136467	1.49092	0.0628453	-1.63604	-0.723839	-0.204259	-2.19502	-0.135275	1.4824	0.062535	0	-4.42475	2.06583	12.5897	0.188459	1.55847	5.48758e-08	0.176697	-0.0567791	-2.21071	-0.00129322	0.0111119	-4.80924e-08	
1.54	0.111761	-6.6721	2.74807	14.3066	0.232092	1.6985	0.00609639	-1.63488	-0.713762	-0.212387	-2.20876	-0.138732	1.50684	0.0633397	0.046134	0.323296	-0.260234	-0.415325	-0.109509	0.758529	0.0213683	5.00679	-9.47714	7.52509	29.0871	3.96371	-39.4583	-3.44217	-0.104934	6.64366	-2.73131	-14.2918	-0.231354	-1.69724	-0.00615995	-1.63532	-0.71704	-0.209752	-2.20447	-0.137619	1.49908	0.0631117	-1.63571	-0.720404	-0.207041	-2.1999	-0.136467	1.49092	0.0628453	4.44089e-16	-4.49673	2.08189	12.6171	0.188533	1.55844	1.3795e-07	0.183684	-0.0573085	-2.21391	-0.0013981	0.0111432	-4.75466e-08	
1.55	0.107778	-6.83561	2.77865	14.377	0.232499	1.70078	0.00649621	-1.63439	-0.710586	-0.214943	-2.21275	-0.139805	1.51421	0.063539	0.0511408	0.312388	-0.251889	-0.386476	-0.10547	0.718355	0.0189841	5.00679	-10.9076	8.34465	28.8486	4.03821	-40.1735	-2.38418	-0.110901	6.8128	-2.77831	-14.3709	-0.232741	-1.70106	-0.00642035	-1.63488	-0.713762	-0.212387	-2.20876	-0.138732	1.50684	0.0633397	-1.63532	-0.71704	-0.209752	-2.20447	-0.137619	1.49908	0.0631117	-2.22045e-16	-4.56523	2.09728	12.6425	0.188595	1.55841	1.45921e-07	0.190152	-0.0606789	-2.22389	-0.000893734	0.0113585	-4.8874e-08	
1.56	0.111533	-6.98619	2.81824	14.4408	0.233726	1.70296	0.00676336	-1.63385	-0.70753	-0.217411	-2.21646	-0.140837	1.52117	0.0637168	0.0555515	0.299692	-0.243083	-0.358105	-0.101447	0.677109	0.0170544	4.41074	-12.6958	8.8066	28.3718	4.02331	-41.2464	-1.9297	-0.102342	6.95694	-2.79777	-14.4254	-0.232682	-1.70161	-0.00684349	-1.63439	-0.710586	-0.214943	-2.21275	-0.139805	1.51421	0.063539	-1.63488	-0.713762	-0.212387	-2.20876	-0.138732	1.50684	0.0633397	4.44089e-16	-4.63007	2.11201	12.6659	0.188645	1.55839	4.57238e-08	0.195572	-0.0601488	-2.22842	-0.00214331	0.00907944	-4.74923e-08	
1.57	0.107114	-7.1444	2.84773	14.5103	0.234142	1.70571	0.00716687	-1.63327	-0.70461	-0.219787	-2.21988	-0.141829	1.5277	0.0638827	0.0598431	0.285625	-0.233427	-0.33021	-0.0973791	0.634432	0.0163168	4.29153	-14.0667	9.65595	27.895	4.06802	-42.6769	-0.737607	-0.0998606	7.11455	-2.83012	-14.4997	-0.233144	-1.70536	-0.00720097	-1.63385	-0.70753	-0.217411	-2.21646	-0.140837	1.52117	0.0637168	-1.63439	-0.710586	-0.214943	-2.21275	-0.139805	1.51421	0.063539	0	-4.69107	2.12609	12.6873	0.188684	1.55837	9.49052e-08	0.201958	-0.0614552	-2.23847	-0.00173032	0.00901003	-4.67924e-08	
1.58	0.102104	-7.2909	2.8743	14.5762	0.234288	1.70869	0.0075481	-1.63265	-0.701841	-0.222065	-2.22304	-0.142779	1.53381	0.0640439	0.0638962	0.269771	-0.2231	-0.302792	-0.0931173	0.590324	0.0157505	4.05312	-15.8548	10.3265	27.4181	4.26173	-44.1074	-0.566244	-0.105932	7.25491	-2.87163	-14.5599	-0.234455	-1.70803	-0.00740959	-1.63327	-0.70461	-0.219787	-2.21988	-0.141829	1.5277	0.0638827	-1.63385	-0.70753	-0.217411	-2.21646	-0.140837	1.52117	0.0637168	-2.22045e-16	-4.74805	2.13956	12.7068	0.188712	1.55835	1.47956e-07	0.207235	-0.0649391	-2.24674	-0.00123247	0.00864666	-4.61069e-08	
1.59	0.101268	-7.4261	2.90506	14.6378	0.234787	1.71173	0.00785382	-1.63199	-0.699238	-0.224239	-2.22591	-0.143687	1.53946	0.0642082	0.0677109	0.252187	-0.212356	-0.27585	-0.0887364	0.545263	0.0168011	3.8147	-17.5834	10.7437	26.9413	4.38094	-45.0611	1.05053	-0.104059	7.39509	-2.90178	-14.6212	-0.234995	-1.71061	-0.00775138	-1.63265	-0.701841	-0.222065	-2.22304	-0.142779	1.53381	0.0640439	-1.63327	-0.70461	-0.219787	-2.21988	-0.141829	1.5277	0.0638827	-2.22045e-16	-4.80083	2.1524	12.7244	0.188731	1.55833	7.569e-08	0.211497	-0.0662044	-2.25296	-0.00194799	0.00670811	-4.24048e-08	
1.6	0.0949664	-7.55951	2.92789	14.6939	0.234876	1.71361	0.00827257	-1.63129	-0.696818	-0.226301	-2.22852	-0.144553	1.54466	0.0643851	0.0714064	0.233352	-0.200853	-0.248909	-0.0844747	0.499129	0.0183359	3.69549	-18.8351	11.5037	26.9413	4.26173	-46.134	1.53482	-0.109379	7.54638	-2.94567	-14.6959	-0.236407	-1.71527	-0.00801413	-1.63199	-0.699238	-0.224239	-2.22591	-0.143687	1.53946	0.0642082	-1.63265	-0.701841	-0.222065	-2.22304	-0.142779	1.53381	0.0640439	-6.66134e-16	-4.84926	2.16462	12.7403	0.18874	1.55831	8.88647e-08	0.217743	-0.0696611	-2.26352	-0.00104228	0.00701335	-4.31154e-08	
1.61	0.0952214	-7.69372	2.96116	14.7601	0.235707	1.71778	0.00855331	-1.63057	-0.694594	-0.228247	-2.23087	-0.145375	1.54939	0.064582	0.0742674	0.213087	-0.188708	-0.222683	-0.080198	0.451326	0.0207052	2.86102	-20.2656	12.1444	26.226	4.27663	-47.8029	2.36928	-0.106369	7.66939	-2.97151	-14.7522	-0.236604	-1.71809	-0.00834024	-1.63129	-0.696818	-0.226301	-2.22852	-0.144553	1.54466	0.0643851	-1.63199	-0.699238	-0.224239	-2.22591	-0.143687	1.53946	0.0642082	-6.66134e-16	-4.89317	2.17625	12.7543	0.18874	1.55828	7.18061e-08	0.223059	-0.070562	-2.2714	-0.00145919	0.00613757	-4.34687e-08	
1.62	0.0978893	-7.80857	2.99423	14.805	0.236621	1.7191	0.0088339	-1.62981	-0.692581	-0.230069	-2.23295	-0.146155	1.55364	0.0648063	0.0773668	0.19145	-0.17634	-0.19598	-0.0757575	0.402689	0.023894	3.09944	-21.6365	12.368	26.7029	4.44054	-48.6374	3.18885	-0.102605	7.78926	-2.99603	-14.7973	-0.237024	-1.71908	-0.0087105	-1.63057	-0.694594	-0.228247	-2.23087	-0.145375	1.54939	0.064582	-1.63129	-0.696818	-0.226301	-2.22852	-0.144553	1.54466	0.0643851	4.44089e-16	-4.9324	2.18728	12.7666	0.18873	1.55825	6.492e-08	0.228991	-0.0705949	-2.27355	-0.00225498	0.00500738	-4.26171e-08	
1.63	0.0955176	-7.81868	2.99636	14.79	0.235787	1.71734	0.00873488	-1.62902	-0.690791	-0.231762	-2.23476	-0.14689	1.55739	0.0650656	0.0798702	0.168741	-0.163287	-0.170469	-0.0715107	0.353217	0.0275075	2.50339	-22.7094	13.0534	25.5108	4.24683	-49.4719	3.61353	-0.0982555	7.8286	-3.00197	-14.8007	-0.236311	-1.7182	-0.00877852	-1.62981	-0.692581	-0.230069	-2.23295	-0.146155	1.55364	0.0648063	-1.63057	-0.694594	-0.228247	-2.23087	-0.145375	1.54939	0.064582	-6.66134e-16	-4.96679	2.19773	12.7772	0.188712	1.55822	9.80086e-08	0.227202	-0.0703806	-2.27504	-0.00111695	0.00497108	-4.03799e-08	
1.64	0.0899016	-7.68436	2.96088	14.6703	0.233023	1.70672	0.00821285	-1.62821	-0.689229	-0.233324	-2.23633	-0.147582	1.56066	0.065364	0.0821352	0.14627	-0.150487	-0.145912	-0.0674725	0.305533	0.0314415	2.26498	-22.4709	12.8001	24.5571	4.03821	-47.6837	3.93391	-0.0851736	7.71156	-2.95962	-14.6917	-0.232884	-1.70809	-0.00842586	-1.62902	-0.690791	-0.231762	-2.23476	-0.14689	1.55739	0.0650656	-1.62981	-0.692581	-0.230069	-2.23295	-0.146155	1.55364	0.0648063	4.44089e-16	-4.99637	2.20761	12.7862	0.188687	1.55818	7.11306e-08	0.216203	-0.0651791	-2.25769	-0.00186161	0.0041601	-3.90686e-08	
1.65	0.0774777	-7.47445	2.89866	14.5093	0.22854	1.6938	0.00749401	-1.62737	-0.687887	-0.234762	-2.23767	-0.148234	1.56347	0.0656992	0.0841618	0.124693	-0.138268	-0.123978	-0.0634938	0.261068	0.0351816	2.02656	-21.5769	12.219	21.9345	3.97861	-44.4651	3.74019	-0.0806201	7.52397	-2.9137	-14.5436	-0.229678	-1.69627	-0.00765925	-1.62821	-0.689229	-0.233324	-2.23633	-0.147582	1.56066	0.065364	-1.62902	-0.690791	-0.231762	-2.23476	-0.14689	1.55739	0.0650656	0	-5.02137	2.21698	12.7937	0.188655	1.55814	9.21669e-08	0.200064	-0.0601267	-2.23384	-0.00191132	0.00440984	-3.74295e-08	
1.66	0.0674608	-7.24058	2.83482	14.3312	0.224069	1.67928	0.00669987	-1.62652	-0.68675	-0.236084	-2.2388	-0.148849	1.56586	0.0660662	0.0859499	0.105143	-0.127405	-0.104427	-0.0598729	0.221252	0.0378639	1.78814	-19.5503	10.8629	19.5503	3.62099	-39.8159	2.68221	-0.0728116	7.27906	-2.85043	-14.3601	-0.225256	-1.68154	-0.00679541	-1.62737	-0.687887	-0.234762	-2.23767	-0.148234	1.56347	0.0656992	-1.62821	-0.689229	-0.233324	-2.23633	-0.147582	1.56066	0.065364	0	-5.04218	2.22589	12.7999	0.188617	1.5581	8.24813e-08	0.177141	-0.0545591	-2.20423	-0.00123313	0.00403881	-3.35287e-08	
1.67	0.0602597	-6.98532	2.77022	14.1427	0.219924	1.66428	0.00578449	-1.62566	-0.685799	-0.237301	-2.23974	-0.149431	1.56787	0.0664588	0.087142	0.0873804	-0.117481	-0.0872612	-0.056982	0.185609	0.0403449	1.19209	-17.7622	9.92418	17.1661	2.89083	-35.6436	2.48104	-0.0572068	7.02835	-2.7747	-14.173	-0.220365	-1.66616	-0.00601737	-1.62652	-0.68675	-0.236084	-2.2388	-0.148849	1.56586	0.0660662	-1.62737	-0.687887	-0.234762	-2.23767	-0.148234	1.56347	0.0656992	2.22045e-16	-5.05922	2.23439	12.8049	0.188576	1.55805	5.0296e-08	0.156353	-0.0458323	-2.1766	-0.00178965	0.00316259	-2.84672e-08	
1.68	0.052607	-6.7321	2.70581	13.9553	0.21567	1.64893	0.00493909	-1.62478	-0.685013	-0.238426	-2.24053	-0.149985	1.56955	0.0668697	0.0878572	0.0717044	-0.10854	-0.0722408	-0.0539422	0.154614	0.041604	0.715256	-15.676	8.9407	15.0204	3.03984	-30.9944	1.25915	-0.0516478	6.78929	-2.71653	-13.9965	-0.216476	-1.65222	-0.00515016	-1.62566	-0.685799	-0.237301	-2.23974	-0.149431	1.56787	0.0664588	-1.62652	-0.68675	-0.236084	-2.2388	-0.148849	1.56586	0.0660662	0	-5.07294	2.24254	12.809	0.188532	1.558	8.45019e-08	0.137247	-0.0403402	-2.14556	-0.00194868	0.00367673	-2.85313e-08	
1.69	0.0472293	-6.51807	2.65391	13.8003	0.212333	1.6367	0.0041763	-1.6239	-0.684372	-0.23947	-2.24118	-0.150515	1.57095	0.0672928	0.0888109	0.0582933	-0.101253	-0.0598431	-0.0519901	0.12815	0.0426322	0.953674	-13.411	7.28667	12.3978	1.95205	-26.4645	1.02818	-0.0461352	6.55374	-2.6595	-13.8284	-0.21268	-1.63903	-0.00432765	-1.62478	-0.685013	-0.238426	-2.24053	-0.149985	1.56955	0.0668697	-1.62566	-0.685799	-0.237301	-2.23974	-0.149431	1.56787	0.0664588	-2.22045e-16	-5.08377	2.2504	12.8121	0.188486	1.55794	1.35659e-07	0.115388	-0.0358765	-2.11957	-0.0018819	0.00209101	-2.19115e-08	
1.7	0.0329889	-6.29607	2.58759	13.6418	0.208079	1.62356	0.00355879	-1.623	-0.683857	-0.240442	-2.24172	-0.151024	1.5721	0.0677221	0.0895262	0.0461936	-0.0942796	-0.0491142	-0.0500083	0.1055	0.0430345	0.715256	-12.0997	6.97374	10.7288	1.98185	-22.6498	0.402331	-0.0378179	6.35152	-2.60635	-13.6856	-0.209106	-1.6279	-0.00365799	-1.6239	-0.684372	-0.23947	-2.24118	-0.150515	1.57095	0.0672928	-1.62478	-0.685013	-0.238426	-2.24053	-0.149985	1.56955	0.0668697	1.11022e-15	-5.09211	2.25798	12.8146	0.188438	1.55789	1.02675e-07	0.0998439	-0.0296231	-2.09915	-0.00206431	0.00231572	-2.11942e-08	
1.71	0.0283526	-6.12162	2.54639	13.5182	0.205233	1.61391	0.00295841	-1.6221	-0.68345	-0.241357	-2.24217	-0.151515	1.57305	0.0681513	0.090003	0.0362992	-0.0888258	-0.0402927	-0.0483245	0.0861883	0.0427216	0.476837	-9.89437	5.45382	8.82149	1.68383	-19.3119	-0.312924	-0.0324977	6.16307	-2.56081	-13.5498	-0.20617	-1.61676	-0.00304605	-1.623	-0.683857	-0.240442	-2.24172	-0.151024	1.5721	0.0677221	-1.6239	-0.684372	-0.23947	-2.24118	-0.150515	1.57095	0.0672928	6.66134e-16	-5.09834	2.26536	12.8164	0.188391	1.55784	1.23134e-07	0.0857009	-0.024432	-2.07265	-0.00114083	0.00327732	-1.88298e-08	
1.72	0.0249063	-5.96784	2.51181	13.4099	0.202821	1.60548	0.00242485	-1.6212	-0.683135	-0.24222	-2.24253	-0.151991	1.57382	0.0685746	0.0903606	0.027895	-0.0842065	-0.0329018	-0.0469685	0.0698566	0.0421628	0.357628	-8.40426	4.61936	7.39097	1.35601	-16.3317	-0.558794	-0.0227688	5.99765	-2.51451	-13.4311	-0.20295	-1.607	-0.00257658	-1.6221	-0.68345	-0.241357	-2.24217	-0.151515	1.57305	0.0681513	-1.623	-0.683857	-0.240442	-2.24172	-0.151024	1.5721	0.0677221	-2.22045e-16	-5.10276	2.27256	12.8177	0.188344	1.55778	5.22751e-08	0.0706965	-0.0202014	-2.05649	-0.00134566	0.00187593	-1.52224e-08	
1.73	0.019779	-5.83483	2.47988	13.319	0.200463	1.59841	0.00201063	-1.6203	-0.682897	-0.24304	-2.24282	-0.152455	1.57444	0.0689903	0.0908375	0.0206828	-0.080362	-0.0269413	-0.0457615	0.0565052	0.0411048	0.476837	-7.21216	3.8445	5.96047	1.20699	-13.3514	-1.05798	-0.014908	5.85089	-2.47519	-13.325	-0.200427	-1.59805	-0.00215789	-1.6212	-0.683135	-0.24222	-2.24253	-0.151991	1.57382	0.0685746	-1.6221	-0.68345	-0.241357	-2.24217	-0.151515	1.57305	0.0681513	2.22045e-16	-5.10567	2.2796	12.8186	0.188298	1.55773	1.07691e-07	0.0590835	-0.0161783	-2.03948	-0.00166783	0.00214856	-1.52483e-08	
1.74	0.0234806	-5.71135	2.4628	13.2326	0.199228	1.59167	0.00152223	-1.61939	-0.682725	-0.243825	-2.24306	-0.152909	1.57494	0.0693932	0.0909567	0.0146031	-0.0772625	-0.0216961	-0.0448972	0.0450611	0.0399277	0.119209	-6.07967	3.09943	5.24521	0.864267	-11.4441	-1.17719	-0.0250078	5.73478	-2.46915	-13.2496	-0.19964	-1.59328	-0.00156942	-1.6203	-0.682897	-0.24304	-2.24282	-0.152455	1.57444	0.0689903	-1.6212	-0.683135	-0.24222	-2.24253	-0.151991	1.57382	0.0685746	2.22045e-16	-5.1073	2.28653	12.8192	0.188254	1.55768	5.0637e-08	0.0489451	-0.015937	-2.02501	-0.00151356	0.00179449	-1.30095e-08	
1.75	0.0083964	-5.60438	2.42271	13.1588	0.196449	1.58531	0.00135471	-1.61847	-0.682609	-0.244578	-2.24326	-0.153355	1.57534	0.0697817	0.0911951	0.00941753	-0.0738502	-0.0174046	-0.0442415	0.0355244	0.0379756	0.238419	-5.1856	3.41237	4.29153	0.655651	-9.53674	-1.95205	-0.00927164	5.6202	-2.42634	-13.1655	-0.196712	-1.58543	-0.00141965	-1.61939	-0.682725	-0.243825	-2.24306	-0.152909	1.57494	0.0693932	-1.6203	-0.682897	-0.24304	-2.24282	-0.152455	1.57444	0.0689903	-2.22045e-16	-5.10786	2.29335	12.8194	0.188211	1.55763	5.61142e-08	0.0404288	-0.0107459	-2.01092	-0.00123461	0.00204325	-1.25346e-08	
1.76	0.0179385	-5.51827	2.423	13.1043	0.196101	1.58198	0.0008971	-1.61756	-0.682537	-0.245308	-2.24341	-0.153793	1.57565	0.0701548	0.0911951	0.005126	-0.0720173	-0.0140667	-0.0435859	0.0272989	0.036642	0	-4.29153	1.83284	3.33786	0.655651	-8.22544	-1.33365	-0.0100401	5.53435	-2.41417	-13.1113	-0.195481	-1.58172	-0.00109751	-1.61847	-0.682609	-0.244578	-2.24326	-0.153355	1.57534	0.0697817	-1.61939	-0.682725	-0.243825	-2.24306	-0.152909	1.57494	0.0693932	-2.22045e-16	-5.10754	2.30009	12.8194	0.188171	1.55758	1.22755e-07	0.0318394	-0.0097695	-2.0052	-0.00125891	0.000495594	-7.54346e-09	
1.77	0.00982598	-5.45763	2.40406	13.065	0.194473	1.57888	0.00079347	-1.61665	-0.682505	-0.246016	-2.24354	-0.154225	1.57589	0.0705112	0.0916719	0.00172853	-0.0701398	-0.0114441	-0.043273	0.0209808	0.0351295	0.476837	-3.39746	1.87755	2.6226	0.312924	-6.31809	-1.51247	-0.00956837	5.46935	-2.40515	-13.0716	-0.194506	-1.57915	-0.000859606	-1.61756	-0.682537	-0.245308	-2.24341	-0.153793	1.57565	0.0701548	-1.61847	-0.682609	-0.244578	-2.24326	-0.153355	1.57534	0.0697817	-6.66134e-16	-5.10648	2.30675	12.8193	0.188131	1.55754	7.90242e-08	0.0282003	-0.00834419	-2.00199	-0.00069549	0.00143077	-8.32347e-09	
1.78	0.00387666	-5.38786	2.38612	13.0146	0.192909	1.57419	0.000685203	-1.61573	-0.682504	-0.246707	-2.24363	-0.154653	1.57607	0.0708515	0.0917911	-0.0012517	-0.0683069	-0.00882149	-0.0425875	0.0157356	0.033319	0.119209	-2.98023	1.83284	2.6226	0.685453	-5.24521	-1.81049	-0.00794429	5.40193	-2.39387	-13.0246	-0.193477	-1.57523	-0.00066687	-1.61665	-0.682505	-0.246016	-2.24354	-0.154225	1.57589	0.0705112	-1.61756	-0.682537	-0.245308	-2.24341	-0.153793	1.57565	0.0701548	2.22045e-16	-5.10481	2.31336	12.8189	0.188094	1.5575	6.14276e-08	0.0243405	-0.00678786	-1.99486	-0.000971048	0.00190678	-9.59177e-09	
1.79	0.011261	-5.33983	2.39244	12.9838	0.192919	1.57224	0.000421233	-1.61481	-0.682529	-0.247384	-2.24371	-0.155077	1.5762	0.0711751	0.0917911	-0.00357628	-0.0674129	-0.00691414	-0.0423491	0.0110865	0.0317097	0	-2.32458	0.89407	1.90735	0.238419	-4.64916	-1.60933	-0.00808606	5.34155	-2.38678	-12.9831	-0.192803	-1.57167	-0.000487711	-1.61573	-0.682504	-0.246707	-2.24363	-0.154653	1.57607	0.0708515	-1.61665	-0.682505	-0.246016	-2.24354	-0.154225	1.57589	0.0705112	-2.22045e-16	-5.10262	2.31992	12.8184	0.188058	1.55746	1.34385e-07	0.0180956	-0.00586429	-1.98681	-0.000910191	0.000859668	-6.62008e-09	
1.8	0.00395882	-5.29418	2.37828	12.9522	0.191672	1.56918	0.000400949	-1.6139	-0.682577	-0.248049	-2.24377	-0.155498	1.57629	0.0714818	0.0916719	-0.00554323	-0.065878	-0.00524521	-0.042066	0.00762939	0.0300035	-0.119209	-1.96695	1.53482	1.66893	0.283122	-3.45707	-1.70618	-0.00812699	5.29462	-2.38287	-12.9485	-0.192148	-1.56851	-0.000369326	-1.61481	-0.682529	-0.247384	-2.24371	-0.155077	1.5762	0.0711751	-1.61573	-0.682504	-0.246707	-2.24363	-0.154653	1.57607	0.0708515	0	-5.10002	2.32645	12.8178	0.188025	1.55742	1.31966e-07	0.0140168	-0.00548329	-1.98289	-0.000307281	0.000604706	-4.76453e-09	
1.81	0.00688178	-5.2519	2.37968	12.9227	0.191342	1.56652	0.000274222	-1.61298	-0.682642	-0.248705	-2.24382	-0.155916	1.57635	0.0717737	0.0919104	-0.00727177	-0.065282	-0.0038147	-0.0418127	0.00488758	0.0285134	0.238419	-1.72853	0.596046	1.43051	0.25332	-2.74181	-1.49012	-0.00215131	5.25597	-2.37237	-12.9218	-0.191004	-1.56595	-0.000358515	-1.6139	-0.682577	-0.248049	-2.24377	-0.155498	1.57629	0.0714818	-1.61481	-0.682529	-0.247384	-2.24371	-0.155077	1.5762	0.0711751	2.22045e-16	-5.09707	2.33295	12.8171	0.187993	1.55738	6.89683e-08	0.0134771	-0.00305675	-1.9759	-0.000986053	0.000477766	-4.31684e-09	
