0.61	0.65944	-0.653766	2.28718	4.20425	0.557836	1.39432	-0.0337309	1.57936	-0.534551	-0.00616424	-1.06644	-0.00619901	0.531907	-0.742141	-0.276804	0.139177	-0.0514495	0.267863	-0.0517773	-0.128388	-1.8577	-276.804	139.177	-51.4495	267.863	-51.7773	-128.388	-1857.7	-0.10681	-0.426947	-0.450772	-4.51906	0.0150824	-1.56164	-0.0288775	0	0	0	0	0	0	0	0	0	0	0	0	0	0	-2.77556e-17	0.415176	-0.109	4.76039	0.155503	1.61471	6.28548e-07	-0.112135	-0.0753161	-1.89537	0.28626	-0.271061	2.23863e-06	
0.62	0.476129	-0.344351	1.64362	4.34661	0.431525	1.45837	-0.0219336	1.57676	-0.533463	-0.00651173	-1.06436	-0.00654273	0.530908	-0.75968	-0.245333	0.0822544	-0.0207932	0.158191	-0.0207219	-0.0755787	-1.68812	31.4713	-56.9224	30.6563	-109.673	31.0554	52.8097	169.575	-0.508595	0.423001	-1.75777	-4.33	-0.454155	-1.44609	0.0240385	1.57936	-0.534551	-0.00616424	-1.06644	-0.00619901	0.531907	-0.742141	0	0	0	0	0	0	0	-8.32667e-17	0.408804	-0.107682	4.74921	0.15672	1.61481	2.41073e-07	-0.280014	-0.252581	-1.7474	0.0708052	-0.0659975	4.62505e-07	
0.63	0.352244	-0.144088	1.20941	4.44306	0.345078	1.50134	-0.0137348	1.57445	-0.532894	-0.00657703	-1.06327	-0.00660897	0.530388	-0.77582	-0.220776	0.0380278	0.00381656	0.0722408	0.00417558	-0.0345111	-1.5552	24.5571	-44.2266	24.6097	-85.9499	24.8975	41.0676	132.918	-0.37083	0.160623	-1.2743	-4.4208	-0.358106	-1.49468	0.0149992	1.57676	-0.533463	-0.00651173	-1.06436	-0.00654273	0.530908	-0.75968	1.57936	-0.534551	-0.00616424	-1.06644	-0.00619901	0.531907	-0.742141	2.77556e-17	0.40548	-0.10847	4.74338	0.157939	1.61486	3.33226e-07	-0.214255	-0.182977	-1.80094	0.0729389	-0.0680371	5.03053e-07	
0.64	0.288399	-0.00284736	0.985045	4.47172	0.299618	1.52412	-0.00932266	1.57235	-0.532708	-0.00642843	-1.06292	-0.0064596	0.530224	-0.790682	-0.201225	0.00399351	0.023135	0.0064373	0.0235243	-0.00268221	-1.43045	19.5503	-34.0343	19.3184	-65.8035	19.3487	31.8289	124.753	-0.296425	0.0196482	-1.01314	-4.4666	-0.30552	-1.5209	0.00991841	1.57445	-0.532894	-0.00657703	-1.06327	-0.00660897	0.530388	-0.77582	1.57676	-0.533463	-0.00651173	-1.06436	-0.00654273	0.530908	-0.75968	-5.55112e-17	0.404375	-0.110833	4.74149	0.159145	1.61486	3.32698e-07	-0.179607	-0.144014	-1.83258	0.0766884	-0.0711019	5.50706e-07	
0.65	0.264413	0.0653935	0.899663	4.47834	0.281909	1.53414	-0.00744406	1.57044	-0.532831	-0.0061038	-1.06317	-0.00613416	0.530353	-0.804316	-0.184178	-0.0250936	0.0398415	-0.0505447	0.0397796	0.0251532	-1.30844	17.0469	-29.0871	16.7065	-56.982	16.2553	27.8354	122.011	-0.267111	-0.0623872	-0.909341	-4.47453	-0.28398	-1.5328	0.00769088	1.57235	-0.532708	-0.00642843	-1.06292	-0.0064596	0.530224	-0.790682	1.57445	-0.532894	-0.00657703	-1.06327	-0.00660897	0.530388	-0.77582	-5.55112e-17	0.405009	-0.114477	4.74287	0.160328	1.61483	3.76485e-07	-0.169584	-0.125471	-1.84806	0.0756919	-0.0754667	5.77217e-07	
0.66	0.263828	0.110713	0.895624	4.46171	0.280084	1.53657	-0.00703566	1.56869	-0.533234	-0.00561917	-1.06397	-0.00564724	0.530751	-0.816723	-0.167489	-0.0526905	0.0555883	-0.104666	0.0559194	0.0517964	-1.18476	16.6893	-27.5969	15.7468	-54.121	16.1398	26.6433	123.68	-0.263135	-0.106238	-0.893542	-4.46489	-0.27995	-1.5365	0.00707328	1.57044	-0.532831	-0.0061038	-1.06317	-0.00613416	0.530353	-0.804316	1.57235	-0.532708	-0.00642843	-1.06292	-0.0064596	0.530224	-0.790682	0	0.407183	-0.119285	4.74725	0.161481	1.61478	3.48524e-07	-0.171051	-0.120274	-1.84832	0.0790055	-0.077862	6.02727e-07	
0.67	0.277589	0.109188	0.940648	4.4498	0.288682	1.53415	-0.00758135	1.5671	-0.533911	-0.00497578	-1.06532	-0.00500171	0.531418	-0.827875	-0.150323	-0.0802874	0.0715847	-0.15974	0.071675	0.0789761	-1.05768	17.1661	-27.5969	15.9964	-55.0747	15.7556	27.1797	127.077	-0.274007	-0.120158	-0.928773	-4.44807	-0.286321	-1.53512	0.00741751	1.56869	-0.533234	-0.00561917	-1.06397	-0.00564724	0.530751	-0.816723	1.57044	-0.532831	-0.0061038	-1.06317	-0.00613416	0.530353	-0.804316	5.55112e-17	0.410799	-0.125256	4.75462	0.162604	1.61471	3.83747e-07	-0.179715	-0.122631	-1.83926	0.0834261	-0.0770846	6.16059e-07	
0.68	0.297926	0.120866	1.00754	4.42541	0.30163	1.52971	-0.0085576	1.5657	-0.534874	-0.00416902	-1.06724	-0.00419046	0.532366	-0.837732	-0.132203	-0.109553	0.0883313	-0.217795	0.0888542	0.108004	-0.926137	18.1198	-29.2659	16.7466	-58.0549	17.1792	29.0275	131.548	-0.293791	-0.117338	-0.99401	-4.43129	-0.299015	-1.53072	0.00835753	1.5671	-0.533911	-0.00497578	-1.06532	-0.00500171	0.531418	-0.827875	1.56869	-0.533234	-0.00561917	-1.06397	-0.00564724	0.530751	-0.816723	0	0.415899	-0.132445	4.76514	0.163699	1.61464	2.82983e-07	-0.193519	-0.127897	-1.83209	0.0836163	-0.0790845	6.21108e-07	
0.69	0.32033	0.112182	1.08014	4.41399	0.316407	1.52479	-0.00971701	1.56449	-0.536139	-0.00318849	-1.06975	-0.00320578	0.533615	-0.84625	-0.112295	-0.140548	0.10612	-0.280023	0.106757	0.138998	-0.790238	19.908	-30.9944	17.7885	-62.2273	17.903	30.9944	135.899	-0.315916	-0.119914	-1.06605	-4.412	-0.313381	-1.5256	0.00947889	1.5657	-0.534874	-0.00416902	-1.06724	-0.00419046	0.532366	-0.837732	1.5671	-0.533911	-0.00497578	-1.06532	-0.00500171	0.531418	-0.827875	5.55112e-17	0.422528	-0.140952	4.77902	0.164766	1.61456	2.77124e-07	-0.209325	-0.133664	-1.82152	0.0860638	-0.0806549	6.26658e-07	
0.7	0.342644	0.11965	1.15065	4.3996	0.331316	1.51982	-0.0109274	1.56348	-0.537723	-0.00202419	-1.07291	-0.00203693	0.535185	-0.853389	-0.0911951	-0.173271	0.125064	-0.345588	0.125393	0.172019	-0.650704	21.1	-32.7229	18.9443	-65.5651	18.6358	33.021	139.534	-0.336749	-0.125071	-1.13171	-4.39774	-0.327253	-1.52069	0.0105871	1.56449	-0.536139	-0.00318849	-1.06975	-0.00320578	0.533615	-0.84625	1.5657	-0.534874	-0.00416902	-1.06724	-0.00419046	0.532366	-0.837732	0	0.430752	-0.150887	4.79649	0.165808	1.61448	3.06114e-07	-0.222173	-0.140167	-1.81107	0.0873709	-0.0796359	6.17297e-07	
0.71	0.36473	0.136692	1.21877	4.39048	0.346153	1.51588	-0.0121655	1.56269	-0.539643	-0.000666734	-1.07674	-0.000673465	0.537094	-0.859111	-0.0686646	-0.207543	0.144693	-0.414491	0.144989	0.206828	-0.507772	22.5305	-34.2727	19.6289	-68.903	19.5964	34.8091	142.932	-0.360422	-0.123823	-1.20585	-4.3946	-0.343125	-1.51617	0.0119052	1.56348	-0.537723	-0.00202419	-1.07291	-0.00203693	0.535185	-0.853389	1.56449	-0.536139	-0.00318849	-1.06975	-0.00320578	0.533615	-0.84625	0	0.440618	-0.162367	4.81776	0.166828	1.61441	2.85738e-07	-0.237409	-0.147254	-1.8035	0.0876009	-0.0802643	6.08763e-07	
0.72	0.382295	0.164618	1.2695	4.38507	0.357888	1.51268	-0.0131559	1.56213	-0.54191	0.000893028	-1.08127	0.00089327	0.539359	-0.863393	-0.0448227	-0.242591	0.165265	-0.485301	0.165872	0.242889	-0.362813	23.8419	-35.0475	20.5725	-70.8103	20.8821	36.0608	144.959	-0.378598	-0.160389	-1.25898	-4.38418	-0.355294	-1.51321	0.0129323	1.56269	-0.539643	-0.000666734	-1.07674	-0.000673465	0.537094	-0.859111	1.56348	-0.537723	-0.00202419	-1.07291	-0.00203693	0.535185	-0.853389	0	0.452165	-0.175512	4.84299	0.167827	1.61436	2.58965e-07	-0.250247	-0.150678	-1.79579	0.0879671	-0.0794206	5.94539e-07	
0.73	0.397125	0.185501	1.30847	4.39569	0.368137	1.51053	-0.0140445	1.56182	-0.54453	0.0026611	-1.08652	0.00266892	0.541993	-0.866217	-0.0200272	-0.278056	0.186478	-0.557899	0.187001	0.280261	-0.216424	24.7955	-35.4648	21.2121	-72.5985	21.1297	37.3721	146.389	-0.39649	-0.188336	-1.30931	-4.38864	-0.367483	-1.51099	0.0139922	1.56213	-0.54191	0.000893028	-1.08127	0.00089327	0.539359	-0.863393	1.56269	-0.539643	-0.000666734	-1.07674	-0.000673465	0.537094	-0.859111	-5.55112e-17	0.465356	-0.19043	4.87232	0.168807	1.61432	2.41408e-07	-0.261155	-0.155691	-1.78972	0.0878202	-0.0775068	5.75478e-07	
0.74	0.409042	0.250432	1.33609	4.39536	0.37618	1.50998	-0.0147793	1.56176	-0.547507	0.00464283	-1.0925	0.00465883	0.545002	-0.867578	0.00596046	-0.31364	0.207786	-0.630498	0.208824	0.317991	-0.0702739	25.9876	-35.584	21.308	-72.5984	21.8228	37.7297	146.151	-0.406556	-0.241589	-1.33049	-4.39194	-0.374405	-1.50994	0.0146151	1.56182	-0.54453	0.0026611	-1.08652	0.00266892	0.541993	-0.866217	1.56213	-0.54191	0.000893028	-1.08127	0.00089327	0.539359	-0.863393	5.55112e-17	0.480174	-0.207234	4.90581	0.169767	1.6143	2.28146e-07	-0.267472	-0.157691	-1.78089	0.0900392	-0.0716692	5.53132e-07	
0.75	0.41887	0.29051	1.35373	4.41931	0.383325	1.51019	-0.0154606	1.56196	-0.550835	0.00683916	-1.09921	0.00686343	0.548391	-0.867483	0.0323057	-0.34833	0.229349	-0.702977	0.230242	0.356197	0.0748038	26.3453	-34.6899	21.5634	-72.4792	21.4181	38.2066	145.078	-0.417257	-0.283116	-1.35163	-4.4141	-0.382118	-1.51042	0.0153416	1.56176	-0.547507	0.00464283	-1.0925	0.00465883	0.545002	-0.867578	1.56182	-0.54453	0.0026611	-1.08652	0.00266892	0.541993	-0.866217	0	0.496512	-0.226009	4.9435	0.170707	1.6143	2.24214e-07	-0.272985	-0.160596	-1.78002	0.0886777	-0.0693355	5.28519e-07	
0.76	0.424251	0.352017	1.35406	4.44453	0.387538	1.51217	-0.0159138	1.56244	-0.554505	0.00925244	-1.10663	0.00928465	0.55216	-0.865946	0.0591278	-0.382066	0.251042	-0.774145	0.25188	0.393987	0.218153	26.8221	-33.7362	21.6928	-71.1679	21.6379	37.7893	143.349	-0.42322	-0.348578	-1.35455	-4.43368	-0.386684	-1.51175	0.0158226	1.56196	-0.550835	0.00683916	-1.09921	0.00686343	0.548391	-0.867483	1.56176	-0.547507	0.00464283	-1.0925	0.00465883	0.545002	-0.867578	-5.55112e-17	0.51425	-0.24686	4.98536	0.171625	1.61432	2.10025e-07	-0.276731	-0.16046	-1.77717	0.088563	-0.065349	5.02919e-07	
0.77	0.427071	0.427136	1.3437	4.47032	0.390185	1.51452	-0.0162625	1.56318	-0.558503	0.0118802	-1.11475	0.0119195	0.556306	-0.86299	0.0860691	-0.414014	0.272583	-0.842571	0.273234	0.43124	0.358462	26.9413	-31.9481	21.5415	-68.4261	21.3543	37.2529	140.309	-0.426319	-0.414847	-1.34519	-4.46365	-0.389631	-1.51406	0.0161899	1.56244	-0.554505	0.00925244	-1.10663	0.00928465	0.55216	-0.865946	1.56196	-0.550835	0.00683916	-1.09921	0.00686343	0.548391	-0.867483	5.55112e-17	0.533242	-0.269855	5.03133	0.17252	1.61436	1.80175e-07	-0.276807	-0.161692	-1.77516	0.088198	-0.0583249	4.69947e-07	
0.78	0.429024	0.524742	1.32912	4.49575	0.392431	1.5181	-0.0166134	1.56419	-0.562813	0.01472	-1.12354	0.0147651	0.560823	-0.858649	0.113368	-0.444412	0.293476	-0.908613	0.294082	0.468194	0.495195	27.2989	-30.3984	20.8924	-66.0419	20.8477	36.9549	136.733	-0.427516	-0.520203	-1.3286	-4.48232	-0.391327	-1.5174	0.0164885	1.56318	-0.558503	0.0118802	-1.11475	0.0119195	0.556306	-0.86299	1.56244	-0.554505	0.00925244	-1.10663	0.00928465	0.55216	-0.865946	0	0.553303	-0.295069	5.08131	0.17339	1.61442	8.4716e-08	-0.279863	-0.157745	-1.77846	0.0844177	-0.0563668	4.42271e-07	
0.79	0.427932	0.610294	1.30108	4.53449	0.393138	1.52213	-0.0168505	1.56547	-0.567411	0.017769	-1.13297	0.0178151	0.565703	-0.852964	0.140548	-0.472248	0.314241	-0.971198	0.313861	0.504017	0.627637	27.1797	-27.8354	20.7657	-62.5849	19.7794	35.8224	132.441	-0.429614	-0.581178	-1.31156	-4.53174	-0.39392	-1.52089	0.0168808	1.56419	-0.562813	0.01472	-1.12354	0.0147651	0.560823	-0.858649	1.56318	-0.558503	0.0118802	-1.11475	0.0119195	0.556306	-0.86299	0	0.574208	-0.322573	5.13519	0.174228	1.61448	1.16747e-07	-0.277613	-0.160624	-1.77748	0.0849364	-0.0486079	4.10386e-07	
0.8	0.425452	0.702792	1.26675	4.57603	0.392952	1.52635	-0.0170346	1.56702	-0.572274	0.0210225	-1.14301	0.021064	0.570937	-0.845981	0.167131	-0.49758	0.334403	-1.02997	0.333626	0.539064	0.755131	26.5837	-25.332	20.1613	-58.7702	19.7645	35.0475	127.494	-0.425297	-0.686506	-1.27164	-4.56573	-0.392475	-1.52547	0.0169495	1.56547	-0.567411	0.017769	-1.13297	0.0178151	0.565703	-0.852964	1.56419	-0.562813	0.01472	-1.12354	0.0147651	0.560823	-0.858649	-5.55112e-17	0.595724	-0.352419	5.19282	0.175035	1.61456	1.62274e-07	-0.275465	-0.157017	-1.78038	0.0819727	-0.0427801	3.77763e-07	
0.81	0.422172	0.791783	1.22749	4.62721	0.392476	1.53161	-0.017213	1.56884	-0.577377	0.0244739	-1.15362	0.0245052	0.576513	-0.837753	0.193477	-0.520289	0.353878	-1.08504	0.352595	0.572741	0.877023	26.3453	-22.7094	19.4758	-55.0747	18.9692	33.6766	121.891	-0.422761	-0.764018	-1.23467	-4.62095	-0.392478	-1.53026	0.0171621	1.56702	-0.572274	0.0210225	-1.14301	0.021064	0.570937	-0.845981	1.56547	-0.567411	0.017769	-1.13297	0.0178151	0.565703	-0.852964	-5.55112e-17	0.617612	-0.384648	5.25404	0.175808	1.61464	7.66901e-08	-0.270734	-0.157558	-1.78144	0.0825459	-0.0345607	3.45788e-07	
0.82	0.415488	0.885135	1.17419	4.6805	0.39022	1.53675	-0.0172544	1.57091	-0.582692	0.0281197	-1.16475	0.0281301	0.58242	-0.828339	0.219107	-0.540137	0.373147	-1.13571	0.370521	0.605404	0.993013	25.63	-19.8483	19.269	-50.6639	17.9261	32.6633	115.991	-0.415409	-0.857305	-1.17921	-4.67538	-0.389766	-1.53604	0.0171556	1.56884	-0.577377	0.0244739	-1.15362	0.0245052	0.576513	-0.837753	1.56702	-0.572274	0.0210225	-1.14301	0.021064	0.570937	-0.845981	0	0.639606	-0.419314	5.31869	0.176541	1.61471	7.09607e-08	-0.266348	-0.153808	-1.78655	0.0785777	-0.0297793	3.14815e-07	
0.83	0.407744	0.984353	1.11583	4.73641	0.387536	1.54264	-0.0172775	1.57324	-0.58819	0.0319525	-1.17637	0.0319301	0.588646	-0.817802	0.24426	-0.557244	0.391692	-1.1822	0.387631	0.636637	1.10227	25.1532	-17.1065	18.5445	-46.4916	17.1103	31.2328	109.255	-0.409968	-0.961991	-1.12996	-4.72551	-0.388405	-1.5413	0.0173008	1.57091	-0.582692	0.0281197	-1.16475	0.0281301	0.58242	-0.828339	1.56884	-0.577377	0.0244739	-1.15362	0.0245052	0.576513	-0.837753	1.11022e-16	0.66144	-0.456436	5.38656	0.177234	1.61478	2.4438e-08	-0.263546	-0.150488	-1.78945	0.0764051	-0.0237004	2.85327e-07	
0.84	0.400449	1.083	1.05752	4.79521	0.385368	1.54843	-0.0173669	1.57582	-0.593842	0.0359674	-1.18842	0.035896	0.595178	-0.806207	0.268698	-0.57137	0.409372	-1.22416	0.403833	0.666618	1.20497	24.4379	-14.1263	17.6802	-41.9617	16.2013	29.9811	102.699	-0.401455	-1.05892	-1.06726	-4.78432	-0.3855	-1.54692	0.0173178	1.57324	-0.58819	0.0319525	-1.17637	0.0319301	0.588646	-0.817802	1.57091	-0.582692	0.0281197	-1.16475	0.0281301	0.58242	-0.828339	-1.11022e-16	0.682846	-0.496045	5.4575	0.177883	1.61483	1.90174e-08	-0.256793	-0.148824	-1.79063	0.0751944	-0.0146265	2.53199e-07	
0.85	0.391216	1.16401	0.988897	4.8662	0.382234	1.55413	-0.01737	1.57864	-0.599619	0.0401577	-1.20088	0.040017	0.602004	-0.793625	0.292301	-0.582457	0.426687	-1.26195	0.418946	0.695467	1.30057	23.6034	-11.0865	17.3151	-37.7892	15.1135	28.8486	95.6057	-0.39176	-1.13915	-0.997135	-4.85691	-0.382025	-1.55302	0.0172838	1.57582	-0.593842	0.0359674	-1.18842	0.035896	0.595178	-0.806207	1.57324	-0.58819	0.0319525	-1.17637	0.0319301	0.588646	-0.817802	0	0.703554	-0.538148	5.53132	0.178486	1.61486	8.5964e-08	-0.248249	-0.147522	-1.7929	0.0746253	-0.0059867	2.23866e-07	
0.86	0.379522	1.25275	0.910424	4.93655	0.378004	1.56009	-0.0172904	1.58169	-0.605493	0.0445167	-1.21368	0.0442848	0.609112	-0.780127	0.314832	-0.590861	0.443652	-1.29557	0.432998	0.723183	1.38897	22.5305	-8.40425	16.965	-33.617	14.0518	27.7162	88.3937	-0.382782	-1.24723	-0.930941	-4.91592	-0.379446	-1.55887	0.0173703	1.57864	-0.599619	0.0401577	-1.20088	0.040017	0.602004	-0.793625	1.57582	-0.593842	0.0359674	-1.18842	0.035896	0.595178	-0.806207	-2.22045e-16	0.723301	-0.582744	5.60785	0.179043	1.61486	3.21414e-08	-0.244515	-0.142909	-1.7973	0.0708146	4.59457e-05	1.94736e-07	
0.87	0.369948	1.34783	0.839322	5.00501	0.375217	1.56599	-0.0173607	1.58496	-0.611435	0.0490396	-1.2268	0.0486893	0.616491	-0.765785	0.336885	-0.596583	0.459362	-1.32501	0.446297	0.749886	1.46997	22.0537	-5.72205	15.7095	-29.4447	13.2993	26.7029	81.0027	-0.372871	-1.32807	-0.857096	-4.9921	-0.37642	-1.56505	0.0174052	1.58169	-0.605493	0.0445167	-1.21368	0.0442848	0.609112	-0.780127	1.57864	-0.599619	0.0401577	-1.20088	0.040017	0.602004	-0.793625	-1.11022e-16	0.741834	-0.629838	5.68689	0.179553	1.61483	-5.18069e-08	-0.238429	-0.139347	-1.80469	0.0655938	0.0049494	1.67554e-07	
0.88	0.357638	1.42012	0.754076	5.08616	0.371023	1.57171	-0.0172923	1.58844	-0.617418	0.0537209	-1.2402	0.0532189	0.624129	-0.750675	0.35727	-0.599325	0.475138	-1.3504	0.458322	0.775218	1.54328	20.3848	-2.74181	15.7766	-25.3916	12.0252	25.332	73.3137	-0.361118	-1.40908	-0.775304	-5.06884	-0.37253	-1.57084	0.0173707	1.58496	-0.611435	0.0490396	-1.2268	0.0486893	0.616491	-0.765785	1.58169	-0.605493	0.0445167	-1.21368	0.0442848	0.609112	-0.780127	-1.11022e-16	0.758881	-0.679414	5.76831	0.180014	1.61476	-3.46615e-08	-0.230227	-0.136828	-1.80931	0.0617136	0.0127087	1.39037e-07	
0.89	0.347125	1.4888	0.673674	5.17121	0.367991	1.57769	-0.0173332	1.59212	-0.623416	0.0585541	-1.25382	0.0578635	0.632017	-0.734874	0.377417	-0.599563	0.489786	-1.37222	0.469375	0.799596	1.60897	20.1464	-0.238419	14.6478	-21.8153	11.0529	24.3783	65.6843	-0.345285	-1.48615	-0.677132	-5.14798	-0.366434	-1.57632	0.0171362	1.58844	-0.617418	0.0537209	-1.2402	0.0532189	0.624129	-0.750675	1.58496	-0.611435	0.0490396	-1.2268	0.0486893	0.616491	-0.765785	2.22045e-16	0.774225	-0.731441	5.85194	0.180428	1.61465	-2.22943e-08	-0.221368	-0.13124	-1.81262	0.0588346	0.0195595	1.13918e-07	
0.9	0.328867	1.58183	0.56785	5.24584	0.361155	1.58382	-0.0170555	1.596	-0.629402	0.063534	-1.26765	0.0626135	0.640144	-0.718455	0.396252	-0.597656	0.504762	-1.39034	0.479419	0.8232	1.66732	18.8351	1.90735	14.9757	-18.1198	10.0434	23.6034	58.3529	-0.336549	-1.55833	-0.60309	-5.231	-0.364594	-1.58198	0.0172982	1.59212	-0.623416	0.0585541	-1.25382	0.0578635	0.632017	-0.734874	1.58844	-0.617418	0.0537209	-1.2402	0.0532189	0.624129	-0.750675	0	0.787632	-0.785888	5.93761	0.180796	1.61449	-6.43283e-08	-0.214798	-0.130855	-1.81489	0.0568591	0.0277145	9.04076e-08	
0.91	0.318108	1.62875	0.481024	5.34281	0.358327	1.58931	-0.0171025	1.60006	-0.635353	0.0686556	-1.28163	0.0674573	0.648501	-0.701495	0.414133	-0.592887	0.518426	-1.40512	0.488184	0.845909	1.71834	17.8814	4.76837	13.6644	-14.782	8.76561	22.7094	51.0216	-0.321402	-1.62082	-0.503117	-5.32148	-0.359376	-1.58802	0.0171403	1.596	-0.629402	0.063534	-1.26765	0.0626135	0.640144	-0.718455	1.59212	-0.623416	0.0585541	-1.25382	0.0578635	0.632017	-0.734874	-2.22045e-16	0.798872	-0.842711	6.02518	0.181118	1.61428	-4.35528e-08	-0.207923	-0.125342	-1.82276	0.0516742	0.0310186	7.13378e-08	
0.92	0.303535	1.66508	0.377566	5.4439	0.353213	1.59422	-0.0169238	1.60429	-0.641244	0.073914	-1.29575	0.0723848	0.65708	-0.684068	0.430822	-0.585616	0.532106	-1.41633	0.496171	0.867724	1.76179	16.6893	7.27177	13.6793	-11.2057	7.98702	21.8153	43.4518	-0.305931	-1.67519	-0.399763	-5.4153	-0.354143	-1.59359	0.0169762	1.60006	-0.635353	0.0686556	-1.28163	0.0674573	0.648501	-0.701495	1.596	-0.629402	0.063534	-1.26765	0.0626135	0.640144	-0.718455	0	0.807742	-0.901858	6.11453	0.181397	1.61401	1.27022e-08	-0.19663	-0.122715	-1.82537	0.0492907	0.039508	4.81159e-08	
0.93	0.289981	1.73496	0.2834	5.52967	0.349462	1.59996	-0.0169248	1.60869	-0.647054	0.0793039	-1.30996	0.0773866	0.665873	-0.666248	0.446558	-0.576794	0.544712	-1.42455	0.503287	0.888646	1.79756	15.7356	8.82149	12.6064	-8.22544	7.11533	20.9212	35.7628	-0.29487	-1.71887	-0.309596	-5.51347	-0.351415	-1.59898	0.0170367	1.60429	-0.641244	0.073914	-1.29575	0.0723848	0.65708	-0.684068	1.60006	-0.635353	0.0686556	-1.28163	0.0674573	0.648501	-0.701495	-3.33067e-16	0.814066	-0.963267	6.2055	0.181637	1.61369	-1.48464e-08	-0.191394	-0.119172	-1.83363	0.0432625	0.0422764	2.98956e-08	
0.94	0.274103	1.7696	0.173584	5.6321	0.344026	1.60494	-0.0167178	1.61324	-0.652762	0.0848201	-1.32424	0.0824518	0.67487	-0.648107	0.46134	-0.565469	0.55737	-1.4298	0.509277	0.908911	1.8267	14.782	11.3249	12.6585	-5.24521	5.99027	20.2656	29.1467	-0.277593	-1.76625	-0.197354	-5.61088	-0.345425	-1.60438	0.0167955	1.60869	-0.647054	0.0793039	-1.30996	0.0773866	0.665873	-0.666248	1.60429	-0.641244	0.073914	-1.29575	0.0723848	0.65708	-0.684068	-1.11022e-16	0.817649	-1.02686	6.29798	0.18184	1.6133	-9.20671e-08	-0.182554	-0.11422	-1.83686	0.0409658	0.0480642	1.29905e-08	
0.95	0.261525	1.80934	0.0758851	5.73294	0.340994	1.61054	-0.0167503	1.61793	-0.658346	0.0904591	-1.33855	0.0875702	0.684066	-0.629716	0.47493	-0.552475	0.569113	-1.43242	0.513718	0.928163	1.8484	13.5899	12.9938	11.7421	-2.6226	4.44055	19.2523	21.6961	-0.263808	-1.78428	-0.0907455	-5.72302	-0.341083	-1.60957	0.0166617	1.61324	-0.652762	0.0848201	-1.32424	0.0824518	0.67487	-0.648107	1.60869	-0.647054	0.0793039	-1.30996	0.0773866	0.665873	-0.666248	4.44089e-16	0.81832	-1.09257	6.39186	0.182009	1.61285	-1.21576e-07	-0.172299	-0.111986	-1.84351	0.0360468	0.0534196	-6.75177e-09	
0.96	0.246832	1.82879	-0.0339037	5.84369	0.336284	1.61577	-0.0165871	1.62275	-0.663789	0.0962161	-1.35288	0.0927312	0.693452	-0.611144	0.487924	-0.537455	0.580579	-1.43254	0.517644	0.946939	1.8633	12.9938	15.0204	11.4664	-0.119209	3.92646	18.7755	14.9012	-0.24857	-1.82849	0.0152123	-5.81881	-0.336585	-1.61448	0.0165661	1.61793	-0.658346	0.0904591	-1.33855	0.0875702	0.684066	-0.629716	1.61324	-0.652762	0.0848201	-1.32424	0.0824518	0.67487	-0.648107	4.44089e-16	0.815947	-1.1603	6.487	0.182146	1.61234	-4.46407e-08	-0.167708	-0.106198	-1.84947	0.0318754	0.0553397	-1.95835e-08	
0.97	0.228387	1.84629	-0.157624	5.95335	0.329764	1.62034	-0.0162472	1.62769	-0.669073	0.102086	-1.36719	0.0979261	0.703023	-0.592457	0.499606	-0.520647	0.592127	-1.42992	0.520535	0.965178	1.8717	11.6825	16.8085	11.5484	2.6226	2.89083	18.239	8.40425	-0.233099	-1.84104	0.12979	-5.93282	-0.331581	-1.61951	0.0163594	1.62275	-0.663789	0.0962161	-1.35288	0.0927312	0.693452	-0.611144	1.61793	-0.658346	0.0904591	-1.33855	0.0875702	0.684066	-0.629716	0	0.810372	-1.22994	6.5833	0.182259	1.61178	-1.23519e-07	-0.157928	-0.10274	-1.85266	0.0296847	0.0616464	-3.4569e-08	
0.98	0.214074	1.8645	-0.266339	6.06219	0.32559	1.62538	-0.0161387	1.63275	-0.67418	0.108065	-1.38147	0.103146	0.71277	-0.573719	0.510573	-0.502348	0.602514	-1.42503	0.522539	0.982404	1.87427	10.9673	18.2986	10.3861	4.88758	2.00421	17.2257	2.563	-0.217428	-1.85901	0.243412	-6.04134	-0.326622	-1.62428	0.0161731	1.62769	-0.669073	0.102086	-1.36719	0.0979261	0.703023	-0.592457	1.62275	-0.663789	0.0962161	-1.35288	0.0927312	0.693452	-0.611144	0	0.801486	-1.30142	6.68064	0.18235	1.61115	-1.94467e-07	-0.149386	-0.0993036	-1.85637	0.0271803	0.0666794	-4.76832e-08	
0.99	0.197494	1.86372	-0.388078	6.17967	0.320059	1.62981	-0.0158533	1.63791	-0.679094	0.114149	-1.39568	0.108377	0.722688	-0.554991	0.520349	-0.48238	0.612997	-1.41799	0.523306	0.999331	1.87027	9.77516	19.9676	10.483	7.03335	0.76741	16.9277	-3.99351	-0.201386	-1.85845	0.363068	-6.1584	-0.321151	-1.62874	0.0158978	1.63275	-0.67418	0.108065	-1.38147	0.103146	0.71277	-0.573719	1.62769	-0.669073	0.102086	-1.36719	0.0979261	0.703023	-0.592457	0	0.789156	-1.37459	6.77894	0.182421	1.61047	-5.9129e-08	-0.14001	-0.0955669	-1.86073	0.0241973	0.0710783	-5.99157e-08	
1	0.180679	1.85251	-0.51287	6.30093	0.313947	1.63416	-0.0154929	1.64317	-0.683801	0.120334	-1.40981	0.113615	0.732771	-0.536331	0.529408	-0.460863	0.622936	-1.40882	0.523768	1.01542	1.86133	9.05991	21.5173	9.93907	9.17912	0.461936	16.0933	-8.9407	-0.182231	-1.86059	0.492528	-6.27429	-0.314448	-1.63338	0.0155081	1.63791	-0.679094	0.114149	-1.39568	0.108377	0.722688	-0.554991	1.63275	-0.67418	0.108065	-1.38147	0.103146	0.71277	-0.573719	-2.22045e-16	0.773287	-1.44935	6.87808	0.182479	1.60973	-3.42216e-08	-0.130917	-0.0903385	-1.86442	0.0224044	0.0753425	-6.98756e-08	
1.01	0.167681	1.84867	-0.621943	6.41492	0.310234	1.63793	-0.0153753	1.64851	-0.688287	0.126613	-1.42383	0.118849	0.743011	-0.517794	0.537634	-0.438154	0.631884	-1.39749	0.522904	1.03104	1.84667	8.22544	22.7094	8.94809	11.3249	-0.864267	15.6164	-14.6627	-0.166475	-1.85275	0.612452	-6.39312	-0.30934	-1.63777	0.0152496	1.64317	-0.683801	0.120334	-1.40981	0.113615	0.732771	-0.536331	1.63791	-0.679094	0.114149	-1.39568	0.108377	0.722688	-0.554991	-2.22045e-16	0.753807	-1.52557	6.97796	0.18253	1.60894	-1.77075e-07	-0.124561	-0.085254	-1.87192	0.0180408	0.0761882	-7.82912e-08	
1.02	0.148691	1.83692	-0.753151	6.53444	0.303528	1.64222	-0.0149542	1.65392	-0.692539	0.132986	-1.43774	0.124071	0.753403	-0.499432	0.544667	-0.414252	0.641167	-1.3845	0.521295	1.04576	1.82703	7.03335	23.9015	9.28342	12.9938	-1.60933	14.7223	-19.6397	-0.14791	-1.84659	0.740424	-6.50816	-0.303021	-1.64165	0.0148796	1.64851	-0.688287	0.126613	-1.42383	0.118849	0.743011	-0.517794	1.64317	-0.683801	0.120334	-1.40981	0.113615	0.732771	-0.536331	-4.44089e-16	0.730625	-1.60312	7.0785	0.182574	1.60811	-2.62997e-07	-0.115973	-0.0803666	-1.87427	0.0165581	0.0804548	-8.80072e-08	
1.03	0.129724	1.81118	-0.887569	6.65931	0.296464	1.646	-0.0144536	1.65941	-0.696544	0.139448	-1.4515	0.129271	0.76394	-0.481293	0.551105	-0.389099	0.649989	-1.36983	0.518978	1.06019	1.8028	6.4373	25.1532	8.82149	14.6627	-2.31713	14.4243	-24.2293	-0.134663	-1.81584	0.857306	-6.63523	-0.298572	-1.64551	0.0146222	1.65392	-0.692539	0.132986	-1.43774	0.124071	0.753403	-0.499432	1.64851	-0.688287	0.126613	-1.42383	0.118849	0.743011	-0.517794	-2.22045e-16	0.703673	-1.68186	7.1796	0.182617	1.60723	-2.19394e-07	-0.109626	-0.0772107	-1.88164	0.0134188	0.0809871	-9.27017e-08	
1.04	0.114722	1.78683	-1.00686	6.77776	0.291524	1.64897	-0.0141667	1.66495	-0.700292	0.145992	-1.46511	0.134442	0.774615	-0.46342	0.556469	-0.362813	0.657946	-1.35303	0.51558	1.07366	1.77419	5.36442	26.2856	7.95722	16.8085	-3.39746	13.4706	-28.6102	-0.11937	-1.77674	0.982847	-6.76293	-0.292731	-1.64855	0.014203	1.65941	-0.696544	0.139448	-1.4515	0.129271	0.76394	-0.481293	1.65392	-0.692539	0.132986	-1.43774	0.124071	0.753403	-0.499432	0	0.672913	-1.76165	7.28116	0.182662	1.60631	-2.40901e-07	-0.100874	-0.0732631	-1.88597	0.011469	0.0836352	-9.93115e-08	
1.05	0.101839	1.73734	-1.12709	6.90876	0.28694	1.65205	-0.0138412	1.67054	-0.703771	0.152617	-1.47855	0.139576	0.785423	-0.445854	0.560999	-0.335395	0.665531	-1.33491	0.51108	1.08635	1.74165	4.52995	27.4181	7.58469	18.1198	-4.50015	12.6958	-32.5441	-0.100228	-1.75111	1.11534	-6.88373	-0.285841	-1.65207	0.0137216	1.66495	-0.700292	0.145992	-1.46511	0.134442	0.774615	-0.46342	1.65941	-0.696544	0.139448	-1.4515	0.129271	0.76394	-0.481293	6.66134e-16	0.638289	-1.84234	7.38309	0.182714	1.60536	-3.04183e-07	-0.0944052	-0.0676549	-1.89176	0.00970181	0.0839306	-1.02329e-07	
1.06	0.0805018	1.70703	-1.26631	7.03052	0.279037	1.65549	-0.0132451	1.67617	-0.706973	0.159317	-1.49179	0.144664	0.796355	-0.428633	0.564694	-0.3075	0.673115	-1.31547	0.506639	1.09851	1.70559	3.69549	27.8949	7.58469	19.4311	-4.44055	12.1593	-36.0608	-0.0799083	-1.71669	1.25326	-7.00593	-0.27857	-1.65504	0.0131746	1.67054	-0.703771	0.152617	-1.47855	0.139576	0.785423	-0.445854	1.66495	-0.700292	0.145992	-1.46511	0.134442	0.774615	-0.46342	-2.22045e-16	0.599788	-1.92379	7.4853	0.182774	1.60439	-2.39234e-07	-0.0865865	-0.0610372	-1.89745	0.00632421	0.0848884	-1.08299e-07	
1.07	0.0624906	1.65337	-1.40166	7.1588	0.272157	1.65766	-0.012667	1.68183	-0.709889	0.166089	-1.50483	0.149698	0.807405	-0.411789	0.567675	-0.278413	0.680223	-1.29437	0.500813	1.1102	1.66669	2.98023	29.0871	7.10785	21.1	-5.82635	11.6825	-38.892	-0.0670469	-1.65894	1.3739	-7.13834	-0.273878	-1.65771	0.0127967	1.67617	-0.706973	0.159317	-1.49179	0.144664	0.796355	-0.428633	1.67054	-0.703771	0.152617	-1.47855	0.139576	0.785423	-0.445854	2.22045e-16	0.557383	-2.00583	7.58772	0.182845	1.60338	-6.9849e-08	-0.0811057	-0.0578553	-1.90304	0.00577418	0.0843543	-1.08963e-07	
1.08	0.046451	1.60801	-1.52518	7.28131	0.266471	1.66016	-0.0122371	1.68752	-0.712511	0.172928	-1.51766	0.154673	0.818566	-0.395351	0.56982	-0.248909	0.686407	-1.27208	0.494659	1.12087	1.625	2.14577	29.5043	6.18398	22.2921	-6.15421	10.6692	-41.6934	-0.0506173	-1.59577	1.50641	-7.2704	-0.267327	-1.66001	0.0122227	1.68183	-0.709889	0.166089	-1.50483	0.149698	0.807405	-0.411789	1.67617	-0.706973	0.159317	-1.49179	0.144664	0.796355	-0.428633	-6.66134e-16	0.511075	-2.08831	7.69023	0.182933	1.60237	-3.42213e-08	-0.0729974	-0.0530419	-1.90705	0.00493176	0.0858839	-1.12739e-07	
1.09	0.0279584	1.53671	-1.6652	7.41802	0.259063	1.66272	-0.0115393	1.69323	-0.714833	0.179829	-1.53026	0.159583	0.829833	-0.379341	0.571132	-0.21863	0.69274	-1.24896	0.487596	1.13112	1.58101	1.3113	30.2792	6.33299	23.1265	-7.06315	10.252	-43.9882	-0.0311996	-1.53679	1.64456	-7.39775	-0.259703	-1.66202	0.0115517	1.68752	-0.712511	0.172928	-1.51766	0.154673	0.818566	-0.395351	1.68183	-0.709889	0.166089	-1.50483	0.149698	0.807405	-0.411789	6.66134e-16	0.460857	-2.17107	7.79276	0.183039	1.60133	-1.90065e-07	-0.0670859	-0.0467102	-1.91265	0.00415941	0.0848878	-1.11742e-07	
1.1	0.0145308	1.44764	-1.79452	7.55737	0.253095	1.66426	-0.0109225	1.69894	-0.716847	0.186789	-1.54261	0.164417	0.841195	-0.363784	0.571609	-0.187457	0.698358	-1.22428	0.479773	1.14036	1.53485	0.476837	31.1732	5.61774	24.6763	-7.82311	9.23872	-46.1638	-0.0171152	-1.46499	1.76923	-7.53016	-0.254179	-1.66413	0.0110399	1.69323	-0.714833	0.179829	-1.53026	0.159583	0.829833	-0.379341	1.68752	-0.712511	0.172928	-1.51766	0.154673	0.818566	-0.395351	0	0.406747	-2.25394	7.89523	0.183162	1.60029	-1.29688e-07	-0.0600153	-0.0435806	-1.91776	0.00307393	0.0857771	-1.14241e-07	
1.11	-0.00090363	1.36363	-1.92586	7.69267	0.246457	1.66586	-0.0102512	1.70466	-0.718551	0.193804	-1.55471	0.169173	0.852646	-0.348693	0.571251	-0.156045	0.703514	-1.19865	0.471801	1.14888	1.48791	-0.357628	31.4116	5.1558	25.63	-7.97212	8.52346	-46.9387	-0.000700531	-1.38065	1.90412	-7.66609	-0.247071	-1.66557	0.0103149	1.69894	-0.716847	0.186789	-1.54261	0.164417	0.841195	-0.363784	1.69323	-0.714833	0.179829	-1.53026	0.159583	0.829833	-0.379341	4.44089e-16	0.348785	-2.33679	7.99755	0.183306	1.59925	-1.66446e-07	-0.0524732	-0.0379777	-1.9227	0.00322453	0.0850789	-1.13002e-07	
1.12	-0.0212842	1.27787	-2.07081	7.82672	0.238113	1.66726	-0.00939467	1.71037	-0.719937	0.200868	-1.56655	0.173842	0.864178	-0.334083	0.570416	-0.124216	0.708625	-1.17195	0.462741	1.15657	1.43912	-0.834465	31.8289	5.1111	26.7029	-9.05991	7.689	-48.7864	0.0201559	-1.30955	2.04447	-7.79184	-0.239176	-1.66689	0.00956025	1.70466	-0.718551	0.193804	-1.55471	0.169173	0.852646	-0.348693	1.69894	-0.716847	0.186789	-1.54261	0.164417	0.841195	-0.363784	-8.88178e-16	0.287001	-2.41943	8.09962	0.183471	1.5982	-2.15278e-07	-0.0457121	-0.0311248	-1.92829	0.00187567	0.0843999	-1.13133e-07	
1.13	-0.0371971	1.18516	-2.20217	7.95781	0.231153	1.66759	-0.00864251	1.71606	-0.721004	0.207978	-1.57812	0.178419	0.875782	-0.319965	0.568509	-0.0920296	0.712916	-1.14405	0.453532	1.16348	1.38947	-1.90735	32.1865	4.29153	27.895	-9.20892	6.91414	-49.6507	0.0337841	-1.22076	2.16779	-7.9235	-0.233442	-1.66775	0.00894327	1.71037	-0.719937	0.200868	-1.56655	0.173842	0.864178	-0.334083	1.70466	-0.718551	0.193804	-1.55471	0.169173	0.852646	-0.348693	-4.44089e-16	0.221435	-2.5017	8.20138	0.183658	1.59716	-1.79155e-07	-0.0393752	-0.0279535	-1.93337	0.00170589	0.0832056	-1.10532e-07	
1.14	-0.0500535	1.08967	-2.32368	8.09126	0.225852	1.66857	-0.00803239	1.72173	-0.721749	0.215127	-1.58941	0.182898	0.887452	-0.306342	0.565886	-0.0599623	0.716478	-1.1158	0.44325	1.16956	1.33988	-2.6226	32.0673	3.56138	28.2526	-10.2818	6.07967	-49.5911	0.0507186	-1.11584	2.30581	-8.05975	-0.225963	-1.66803	0.00808472	1.71606	-0.721004	0.207978	-1.57812	0.178419	0.875782	-0.319965	1.71037	-0.719937	0.200868	-1.56655	0.173842	0.864178	-0.334083	-4.44089e-16	0.15215	-2.58345	8.30273	0.183867	1.59613	-2.39755e-07	-0.0316773	-0.0214345	-1.93741	0.00243864	0.0827319	-1.0961e-07	
1.15	-0.069514	0.978416	-2.46825	8.22526	0.216952	1.66821	-0.00700801	1.72737	-0.722169	0.222313	-1.6004	0.187275	0.899178	-0.293216	0.562787	-0.0271797	0.720233	-1.08612	0.433087	1.17469	1.2902	-3.09944	32.7826	3.75509	29.6831	-10.1626	5.126	-49.6805	0.0650952	-1.02105	2.42857	-8.1874	-0.219932	-1.66819	0.0074054	1.72173	-0.721749	0.215127	-1.58941	0.182898	0.887452	-0.306342	1.71606	-0.721004	0.207978	-1.57812	0.178419	0.875782	-0.319965	-4.44089e-16	0.079218	-2.66452	8.40358	0.184097	1.59511	-1.98701e-07	-0.0267583	-0.0171938	-1.94101	0.00394402	0.0816454	-1.06606e-07	
1.16	-0.0831539	0.879566	-2.58753	8.34996	0.211389	1.66761	-0.00633743	1.73298	-0.722265	0.22953	-1.6111	0.191543	0.91095	-0.280588	0.558496	0.00506639	0.722915	-1.05596	0.421926	1.17916	1.2407	-4.29153	32.2461	2.68221	30.16	-11.161	4.47035	-49.5015	0.0783574	-0.895403	2.56016	-8.32925	-0.213259	-1.66818	0.00653023	1.72737	-0.722169	0.222313	-1.6004	0.187275	0.899178	-0.293216	1.72173	-0.721749	0.215127	-1.58941	0.182898	0.887452	-0.306342	4.44089e-16	0.0027183	-2.74474	8.50386	0.184348	1.59411	-2.32243e-07	-0.0178372	-0.0132309	-1.94609	0.00444564	0.0810207	-1.03735e-07	
1.17	-0.0996845	0.756326	-2.72376	8.48918	0.203849	1.66796	-0.00538104	1.73854	-0.722036	0.236774	-1.62149	0.195699	0.922761	-0.268452	0.553966	0.0374913	0.725508	-1.02556	0.410452	1.1825	1.19174	-4.52995	32.4249	2.5928	30.3984	-11.4739	3.33786	-48.9652	0.0941711	-0.768767	2.69642	-8.46931	-0.205494	-1.66823	0.00554282	1.73298	-0.722265	0.22953	-1.6111	0.191543	0.91095	-0.280588	1.72737	-0.722169	0.222313	-1.6004	0.187275	0.899178	-0.293216	4.44089e-16	-0.0772725	-2.82398	8.6035	0.18462	1.59312	-1.90037e-07	-0.0112276	-0.00726963	-1.95471	0.00301598	0.0767404	-9.87452e-08	
1.18	-0.113622	0.642907	-2.8446	8.61618	0.197868	1.66714	-0.00459915	1.74405	-0.721483	0.24404	-1.63157	0.199737	0.9346	-0.2568	0.548482	0.0695586	0.727266	-0.994325	0.398472	1.18512	1.14363	-5.48363	32.0673	1.75834	31.2329	-11.9805	2.6226	-48.1009	0.116226	-0.650548	2.84339	-8.60214	-0.19665	-1.66797	0.00445498	1.73854	-0.722036	0.236774	-1.62149	0.195699	0.922761	-0.268452	1.73298	-0.722265	0.22953	-1.6111	0.191543	0.91095	-0.280588	4.44089e-16	-0.160641	-2.90206	8.7024	0.184911	1.59215	-2.35939e-07	-0.00282048	0.000764028	-1.95831	0.00550696	0.076264	-9.37652e-08	
1.19	-0.126183	0.504239	-2.97074	8.75041	0.191251	1.66564	-0.00365406	1.7495	-0.720608	0.251322	-1.64134	0.203653	0.94646	-0.245622	0.542402	0.101924	0.728816	-0.962257	0.386044	1.18649	1.09674	-6.07967	32.3653	1.54972	32.0673	-12.4276	1.37091	-46.894	0.127911	-0.531232	2.9579	-8.7274	-0.191158	-1.66662	0.00370015	1.74405	-0.721483	0.24404	-1.63157	0.199737	0.9346	-0.2568	1.73854	-0.722036	0.236774	-1.62149	0.195699	0.922761	-0.268452	4.44089e-16	-0.247291	-2.97886	8.8005	0.185219	1.5912	-2.11321e-07	-0.00010522	0.00472842	-1.9656	0.00449131	0.0707759	-8.60032e-08	
1.2	-0.137757	0.357864	-3.09511	8.8878	0.184808	1.66453	-0.00268977	1.75489	-0.719413	0.258616	-1.65079	0.207443	0.958329	-0.234907	0.536084	0.133932	0.72971	-0.930071	0.373244	1.18691	1.05125	-6.31809	32.0077	0.89407	32.1865	-12.8001	0.417233	-45.4932	0.136434	-0.397441	3.06807	-8.85519	-0.186354	-1.66478	0.00295034	1.7495	-0.720608	0.251322	-1.64134	0.203653	0.94646	-0.245622	1.74405	-0.721483	0.24404	-1.63157	0.199737	0.9346	-0.2568	-4.44089e-16	-0.337107	-3.05421	8.8977	0.185541	1.59028	-1.78612e-07	0.00784279	0.00754517	-1.96622	0.00693239	0.0718082	-8.55137e-08	
1.21	-0.149693	0.220776	-3.2128	9.01744	0.178998	1.66314	-0.00180546	1.76021	-0.717903	0.265918	-1.65991	0.211105	0.970198	-0.224638	0.528574	0.165105	0.730097	-0.897646	0.360161	1.18661	1.00739	-7.51019	31.1732	0.38743	32.4249	-13.0832	-0.298023	-43.8541	0.151593	-0.245321	3.20248	-8.99592	-0.178644	-1.66398	0.00181926	1.75489	-0.719413	0.258616	-1.65079	0.207443	0.958329	-0.234907	1.7495	-0.720608	0.251322	-1.64134	0.203653	0.94646	-0.245622	1.33227e-15	-0.429949	-3.128	8.99394	0.185878	1.58938	-2.14785e-07	0.0130678	0.0137758	-1.97603	0.00658697	0.0655088	-7.49857e-08	
1.22	-0.165405	0.0827759	-3.33741	9.14444	0.172179	1.66172	-0.000814162	1.76546	-0.716081	0.273222	-1.66871	0.214633	0.982056	-0.214798	0.520945	0.195861	0.730097	-0.864863	0.346586	1.18518	0.965565	-7.62939	30.756	0	32.7826	-13.575	-1.43051	-41.8276	0.159947	-0.0916971	3.31609	-9.12879	-0.17313	-1.662	0.00089936	1.76021	-0.717903	0.265918	-1.65991	0.211105	0.970198	-0.224638	1.75489	-0.719413	0.258616	-1.65079	0.207443	0.958329	-0.234907	-8.88178e-16	-0.525695	-3.20008	9.08915	0.186225	1.5885	-2.62865e-07	0.0206191	0.0177776	-1.98	0.00746978	0.0637705	-7.08258e-08	
1.23	-0.179436	-0.0789238	-3.46601	9.27706	0.164845	1.65946	0.000336446	1.77062	-0.713953	0.280524	-1.67717	0.218026	0.993895	-0.205367	0.512362	0.226498	0.729978	-0.831485	0.332847	1.18256	0.925109	-8.58307	30.6368	-0.119209	33.3786	-13.7389	-2.6226	-40.4567	0.174863	0.0515675	3.43867	-9.25555	-0.166619	-1.66045	-8.85516e-05	1.76546	-0.716081	0.273222	-1.66871	0.214633	0.982056	-0.214798	1.76021	-0.717903	0.265918	-1.65991	0.211105	0.970198	-0.224638	-8.88178e-16	-0.624197	-3.27034	9.18325	0.18658	1.58765	-1.71353e-07	0.0275243	0.0230041	-1.98407	0.00911982	0.0617128	-6.57587e-08	
1.24	-0.186281	-0.244814	-3.57514	9.41118	0.159734	1.65762	0.00128428	1.77569	-0.711525	0.287816	-1.6853	0.221281	1.0057	-0.196325	0.503063	0.256121	0.728816	-0.798464	0.319198	1.1791	0.887394	-9.29832	29.6235	-1.16229	33.021	-13.6495	-3.45707	-37.7148	0.185692	0.205056	3.55189	-9.378	-0.160696	-1.65727	-0.00107738	1.77062	-0.713953	0.280524	-1.67717	0.218026	0.993895	-0.205367	1.76546	-0.716081	0.273222	-1.66871	0.214633	0.982056	-0.214798	-4.44089e-16	-0.725303	-3.33864	9.27616	0.186941	1.58682	-2.54506e-07	0.0317897	0.0274984	-1.98798	0.00939007	0.0564186	-5.7251e-08	
1.25	-0.200589	-0.396193	-3.69217	9.5339	0.153347	1.65555	0.00230913	1.78067	-0.708805	0.295097	-1.6931	0.224395	1.01747	-0.18765	0.493646	0.284851	0.727266	-0.765204	0.305027	1.17457	0.851735	-9.41756	28.7294	-1.54972	33.2594	-14.171	-4.52995	-35.6585	0.200798	0.359663	3.67311	-9.50339	-0.153759	-1.65534	-0.00216452	1.77569	-0.711525	0.287816	-1.6853	0.221281	1.0057	-0.196325	1.77062	-0.713953	0.280524	-1.67717	0.218026	0.993895	-0.205367	-8.88178e-16	-0.828845	-3.40489	9.36783	0.187304	1.58601	-2.68861e-07	0.0403275	0.032988	-1.99115	0.0116901	0.0556713	-5.20275e-08	
1.26	-0.206273	-0.57615	-3.79932	9.66645	0.148328	1.65314	0.00331748	1.78555	-0.705799	0.302359	-1.70057	0.227365	1.02918	-0.17932	0.483274	0.313103	0.725239	-0.731826	0.290677	1.16873	0.818312	-10.3712	28.2526	-2.02656	33.3786	-14.3498	-5.84126	-33.4233	0.212625	0.52033	3.78588	-9.62823	-0.147999	-1.65323	-0.00316947	1.78067	-0.708805	0.295097	-1.6931	0.224395	1.01747	-0.18765	1.77569	-0.711525	0.287816	-1.6853	0.221281	1.0057	-0.196325	4.44089e-16	-0.934672	-3.46897	9.45819	0.187667	1.58522	-2.60825e-07	0.0454648	0.0383237	-1.99847	0.0120884	0.0516561	-4.53025e-08	
1.27	-0.220746	-0.740321	-3.91596	9.78487	0.141598	1.64996	0.00444976	1.79033	-0.702517	0.309599	-1.7077	0.230191	1.04083	-0.171309	0.473022	0.340402	0.722796	-0.698209	0.276104	1.16205	0.787377	-10.252	27.2989	-2.44379	33.617	-14.5733	-6.67572	-30.9348	0.221189	0.706292	3.90033	-9.76082	-0.141971	-1.65052	-0.0043234	1.78555	-0.705799	0.302359	-1.70057	0.227365	1.02918	-0.17932	1.78067	-0.708805	0.295097	-1.6931	0.224395	1.01747	-0.18765	0	-1.0426	-3.5308	9.54717	0.188027	1.58446	-2.33469e-07	0.0547525	0.0436922	-2.00276	0.0127569	0.0483859	-3.84876e-08	
1.28	-0.22933	-0.909414	-4.01763	9.90657	0.13673	1.64771	0.00540081	1.795	-0.69897	0.316809	-1.7145	0.232871	1.05241	-0.163593	0.461817	0.36633	0.719607	-0.665188	0.26156	1.15407	0.75911	-11.2057	25.928	-3.18885	33.021	-14.5435	-7.98702	-28.2675	0.224123	0.883742	3.99358	-9.88455	-0.138253	-1.64763	-0.00519872	1.79033	-0.702517	0.309599	-1.7077	0.230191	1.04083	-0.171309	1.78555	-0.705799	0.302359	-1.70057	0.227365	1.02918	-0.17932	4.44089e-16	-1.15243	-3.59026	9.63471	0.188381	1.58372	-3.37224e-07	0.0597165	0.0459857	-2.00933	0.0137039	0.0445846	-3.24347e-08	
1.29	-0.23734	-1.08816	-4.11986	10.0281	0.131939	1.64487	0.00640883	1.79955	-0.695166	0.323987	-1.72097	0.235403	1.06391	-0.156147	0.450373	0.391424	0.716001	-0.632167	0.246391	1.14512	0.733077	-11.4441	25.0936	-3.60608	33.021	-15.1694	-8.9407	-26.0323	0.234118	1.0638	4.10208	-10.0123	-0.13282	-1.64596	-0.00626164	1.795	-0.69897	0.316809	-1.7145	0.232871	1.05241	-0.163593	1.79033	-0.702517	0.309599	-1.7077	0.230191	1.04083	-0.171309	4.44089e-16	-1.264	-3.64731	9.72075	0.188724	1.58299	-2.48966e-07	0.0691353	0.0514507	-2.0149	0.0161595	0.0437851	-2.94863e-08	
1.3	-0.242878	-1.30211	-4.23196	10.1694	0.126344	1.64318	0.00764653	1.80399	-0.691118	0.331124	-1.72711	0.237788	1.0753	-0.148947	0.438452	0.415802	0.712335	-0.599742	0.231564	1.13499	0.709623	-11.9209	24.3783	-3.66569	32.4249	-14.8267	-10.1328	-23.4544	0.243414	1.23355	4.19935	-10.1242	-0.127924	-1.6427	-0.00722951	1.79955	-0.695166	0.323987	-1.72097	0.235403	1.06391	-0.156147	1.795	-0.69897	0.316809	-1.7145	0.232871	1.05241	-0.163593	8.88178e-16	-1.37711	-3.70185	9.80524	0.189057	1.58228	-2.08572e-07	0.072701	0.0560789	-2.01938	0.0165235	0.0397309	-2.03596e-08	
1.31	-0.246572	-1.47518	-4.31414	10.2784	0.122927	1.63966	0.0084791	1.80831	-0.686836	0.338217	-1.73293	0.240024	1.08659	-0.141967	0.426173	0.438273	0.707179	-0.567198	0.216901	1.12379	0.68897	-12.2786	22.471	-5.1558	32.5441	-14.6627	-11.2057	-20.653	0.246705	1.43634	4.29754	-10.2542	-0.123478	-1.64031	-0.00830261	1.80399	-0.691118	0.331124	-1.72711	0.237788	1.0753	-0.148947	1.79955	-0.695166	0.323987	-1.72097	0.235403	1.06391	-0.156147	-4.44089e-16	-1.49155	-3.75382	9.88812	0.189374	1.58159	-2.47399e-07	0.0809616	0.0596205	-2.02508	0.0165617	0.0354704	-1.43619e-08	
1.32	-0.251822	-1.6655	-4.40596	10.3927	0.118462	1.636	0.00951001	1.8125	-0.682335	0.345261	-1.73842	0.242112	1.09776	-0.135182	0.413656	0.45985	0.701904	-0.534892	0.202164	1.11151	0.670165	-12.517	21.5769	-5.27501	32.3057	-14.7372	-12.2786	-18.8053	0.259133	1.61031	4.39756	-10.3628	-0.118208	-1.63713	-0.00934213	1.80831	-0.686836	0.338217	-1.73293	0.240024	1.08659	-0.141967	1.80399	-0.691118	0.331124	-1.72711	0.237788	1.0753	-0.148947	-4.44089e-16	-1.60711	-3.80319	9.96934	0.189672	1.58091	-2.32097e-07	0.0896019	0.0657213	-2.02664	0.0182713	0.0351011	-1.24738e-08	
1.33	-0.259717	-1.85082	-4.49831	10.5099	0.114225	1.63423	0.0104782	1.81657	-0.677627	0.352249	-1.7436	0.244051	1.1088	-0.128569	0.40102	0.479579	0.696033	-0.503778	0.187337	1.09804	0.654176	-12.6362	19.7291	-5.87106	31.1136	-14.8267	-13.4706	-15.9889	0.251779	1.82379	4.47156	-10.4912	-0.116245	-1.63437	-0.0102141	1.8125	-0.682335	0.345261	-1.73842	0.242112	1.09776	-0.135182	1.80831	-0.686836	0.338217	-1.73293	0.240024	1.08659	-0.141967	2.22045e-15	-1.72358	-3.8499	10.0489	0.189951	1.58024	-2.34131e-07	0.0941135	0.0679451	-2.03662	0.017997	0.0279852	-2.68541e-09	
1.34	-0.265819	-2.04354	-4.58716	10.6224	0.110094	1.63122	0.0114869	1.82051	-0.672727	0.359175	-1.74846	0.245844	1.11971	-0.122107	0.387669	0.498116	0.689864	-0.472665	0.172675	1.08349	0.64037	-13.3514	18.537	-6.16908	31.1137	-14.6627	-14.5435	-13.8059	0.261306	2.01372	4.56702	-10.6043	-0.111146	-1.63173	-0.0113003	1.81657	-0.677627	0.352249	-1.7436	0.244051	1.1088	-0.128569	1.8125	-0.682335	0.345261	-1.73842	0.242112	1.09776	-0.135182	0	-1.84076	-3.89392	10.1266	0.190206	1.57958	-2.72035e-07	0.103286	0.0738083	-2.03973	0.018411	0.0267409	7.64892e-10	
1.35	-0.27084	-2.24587	-4.6758	10.7398	0.106044	1.6289	0.0125255	1.82432	-0.667649	0.366035	-1.75302	0.24749	1.13046	-0.115771	0.374794	0.515342	0.68292	-0.442386	0.157952	1.06788	0.628591	-12.8746	17.2258	-6.94394	30.2792	-14.7223	-15.6164	-11.7794	0.265931	2.20537	4.64956	-10.7117	-0.107438	-1.62817	-0.0122695	1.82051	-0.672727	0.359175	-1.74846	0.245844	1.11971	-0.122107	1.81657	-0.677627	0.352249	-1.7436	0.244051	1.1088	-0.128569	-8.88178e-16	-1.95842	-3.93524	10.2026	0.190436	1.57893	-2.84858e-07	0.10808	0.0781098	-2.04291	0.0193518	0.0236918	5.78295e-09	
1.36	-0.269201	-2.44797	-4.74695	10.8494	0.103477	1.62539	0.0134207	1.82799	-0.662408	0.372822	-1.75728	0.248992	1.14105	-0.109541	0.361085	0.530899	0.675261	-0.412464	0.143677	1.05131	0.618801	-13.7091	15.5568	-7.6592	29.9215	-14.2753	-16.5701	-9.79	0.277966	2.39466	4.74358	-10.8181	-0.102367	-1.62544	-0.0133608	1.82432	-0.667649	0.366035	-1.75302	0.24749	1.13046	-0.115771	1.82051	-0.672727	0.359175	-1.74846	0.245844	1.11971	-0.122107	1.33227e-15	-2.07635	-3.97383	10.2767	0.190638	1.57828	-3.48285e-07	0.116611	0.085441	-2.04747	0.0197733	0.0215256	1.05207e-08	
1.37	-0.27009	-2.6502	-4.82109	10.9614	0.100665	1.62312	0.0143263	1.83153	-0.657021	0.37953	-1.76124	0.250351	1.15146	-0.103398	0.347853	0.544786	0.666887	-0.383615	0.129402	1.03354	0.611015	-13.2322	13.8879	-8.37445	28.8486	-14.2753	-17.7622	-7.78586	0.271001	2.61077	4.80909	-10.9388	-0.100746	-1.62346	-0.014195	1.82799	-0.662408	0.372822	-1.75728	0.248992	1.14105	-0.109541	1.82432	-0.667649	0.366035	-1.75302	0.24749	1.13046	-0.115771	-4.44089e-16	-2.19432	-4.0097	10.349	0.190812	1.57764	-3.47689e-07	0.121876	0.0865014	-2.05577	0.0203356	0.0169424	1.56922e-08	
1.38	-0.276973	-2.85161	-4.90431	11.0677	0.0966025	1.62038	0.0153725	1.83493	-0.651503	0.386153	-1.76492	0.251569	1.1617	-0.0973231	0.334144	0.557125	0.658482	-0.355124	0.115514	1.01459	0.604801	-13.7091	12.3382	-8.40425	28.491	-13.8879	-18.9543	-6.21378	0.278895	2.8023	4.88971	-11.0389	-0.0969422	-1.62019	-0.0151824	1.83153	-0.657021	0.37953	-1.76124	0.250351	1.15146	-0.103398	1.82799	-0.662408	0.372822	-1.75728	0.248992	1.14105	-0.109541	4.44089e-16	-2.31209	-4.04286	10.4194	0.190953	1.577	-3.39231e-07	0.130424	0.0926927	-2.05525	0.0202905	0.0168209	1.78405e-08	
1.39	-0.275935	-3.05772	-4.97096	11.1746	0.0940485	1.61765	0.0162789	1.8382	-0.645873	0.392684	-1.76832	0.25265	1.17174	-0.0913005	0.320792	0.567734	0.648826	-0.327706	0.102103	0.994921	0.600226	-13.3514	10.6096	-9.65595	27.4181	-13.411	-19.6696	-4.57466	0.272585	3.01381	4.94914	-11.1516	-0.0954181	-1.61805	-0.0159905	1.83493	-0.651503	0.386153	-1.76492	0.251569	1.1617	-0.0973231	1.83153	-0.657021	0.37953	-1.76124	0.250351	1.15146	-0.103398	4.44089e-16	-2.42946	-4.07332	10.4878	0.191064	1.57636	-3.80683e-07	0.138859	0.0943166	-2.06257	0.0202171	0.0145523	1.8163e-08	
1.4	-0.273781	-3.26319	-5.03286	11.2798	0.0921049	1.61543	0.0171015	1.84134	-0.640147	0.399117	-1.77145	0.253597	1.18157	-0.0853158	0.307202	0.576496	0.638604	-0.301123	0.0886917	0.973701	0.597201	-13.5898	8.76188	-10.2222	26.5836	-13.411	-21.2193	-3.02494	0.271704	3.22411	5.01675	-11.2601	-0.0929391	-1.6157	-0.0169115	1.8382	-0.645873	0.392684	-1.76832	0.25265	1.17174	-0.0913005	1.83493	-0.651503	0.386153	-1.76492	0.251569	1.1617	-0.0973231	8.88178e-16	-2.54618	-4.10113	10.5542	0.19114	1.57572	-3.26175e-07	0.145374	0.100026	-2.06809	0.0206159	0.011072	2.38017e-08	
1.41	-0.280691	-3.45487	-5.10311	11.3746	0.0888481	1.61272	0.01803	1.84434	-0.634344	0.405445	-1.77433	0.254412	1.19119	-0.0793554	0.294209	0.58341	0.627756	-0.275373	0.0756681	0.952005	0.595197	-12.9938	6.91414	-10.848	25.7492	-13.0236	-21.6961	-2.00421	0.275826	3.43152	5.09086	-11.3713	-0.0900751	-1.6149	-0.0178463	1.84134	-0.640147	0.399117	-1.77145	0.253597	1.18157	-0.0853158	1.8382	-0.645873	0.392684	-1.76832	0.25265	1.17174	-0.0913005	0	-2.66204	-4.1263	10.6187	0.191182	1.57508	-3.7664e-07	0.151771	0.104911	-2.07404	0.0207169	0.00964397	2.43944e-08	
1.42	-0.280739	-3.66123	-5.16548	11.4801	0.0867013	1.61121	0.0188962	1.84721	-0.628481	0.41166	-1.77695	0.2551	1.20059	-0.0734088	0.280976	0.588417	0.616223	-0.251055	0.0632107	0.929356	0.594325	-13.2322	5.00679	-11.5334	24.3187	-12.4574	-22.6498	-0.871718	0.27415	3.62447	5.14256	-11.4603	-0.0881684	-1.61128	-0.0186254	1.84434	-0.634344	0.405445	-1.77433	0.254412	1.19119	-0.0793554	1.84134	-0.640147	0.399117	-1.77145	0.253597	1.18157	-0.0853158	4.44089e-16	-2.77681	-4.14889	10.6812	0.19119	1.57444	-3.83778e-07	0.159571	0.108964	-2.07994	0.0198526	0.00599521	2.78302e-08	
1.43	-0.27217	-3.87178	-5.21105	11.5806	0.0859667	1.6088	0.0196283	1.84994	-0.622576	0.417754	-1.77932	0.255665	1.20975	-0.0674673	0.267744	0.591755	0.603706	-0.227332	0.0510812	0.905394	0.59402	-13.2322	3.33786	-12.517	23.7227	-12.1295	-23.9611	-0.305474	0.276945	3.82057	5.20323	-11.5556	-0.0858854	-1.60915	-0.0194646	1.84721	-0.628481	0.41166	-1.77695	0.2551	1.20059	-0.0734088	1.84434	-0.634344	0.405445	-1.77433	0.254412	1.19119	-0.0793554	-4.44089e-16	-2.89027	-4.16895	10.7416	0.191164	1.57379	-4.73359e-07	0.165218	0.113438	-2.08453	0.0197475	0.00381113	3.01581e-08	
1.44	-0.273941	-4.07194	-5.26945	11.6757	0.0836889	1.60672	0.0204915	1.85255	-0.61665	0.423722	-1.78147	0.256111	1.21867	-0.0615233	0.254989	0.593126	0.590712	-0.204682	0.0395179	0.880718	0.594612	-12.7554	1.37091	-12.9938	22.6498	-11.5633	-24.6763	0.592291	0.269994	4.03918	5.25513	-11.6658	-0.0847913	-1.60833	-0.0202614	1.84994	-0.622576	0.417754	-1.77932	0.255665	1.20975	-0.0674673	1.84721	-0.628481	0.41166	-1.77695	0.2551	1.20059	-0.0734088	0	-3.00219	-4.18657	10.8	0.191102	1.57314	-5.23903e-07	0.174459	0.118268	-2.08645	0.0194548	0.00480536	2.73262e-08	
1.45	-0.272412	-4.28006	-5.32419	11.7787	0.0820714	1.60614	0.0212921	1.85504	-0.61072	0.429553	-1.7834	0.256444	1.22733	-0.0555715	0.242829	0.592649	0.576735	-0.183463	0.0281334	0.854731	0.595488	-12.1594	-0.476837	-13.9773	21.2193	-11.3845	-25.9876	0.875473	0.275236	4.23905	5.31852	-11.7617	-0.0819169	-1.60693	-0.021177	1.85255	-0.61665	0.423722	-1.78147	0.256111	1.21867	-0.0615233	1.84994	-0.622576	0.417754	-1.77932	0.255665	1.20975	-0.0674673	8.88178e-16	-3.11237	-4.20181	10.8562	0.191007	1.57248	-4.90297e-07	0.181231	0.122973	-2.09402	0.0191821	0.00215081	2.98285e-08	
1.46	-0.27754	-4.4727	-5.38152	11.8656	0.0795489	1.6039	0.0221654	1.8574	-0.604806	0.43524	-1.78513	0.256668	1.23573	-0.0496101	0.230551	0.590146	0.56231	-0.16284	0.017643	0.828266	0.596609	-12.2786	-2.5034	-14.4243	20.6232	-10.4904	-26.4645	1.12128	0.269991	4.4336	5.3576	-11.8475	-0.0811741	-1.60414	-0.0218582	1.85504	-0.61072	0.429553	-1.7834	0.256444	1.22733	-0.0555715	1.85255	-0.61665	0.423722	-1.78147	0.256111	1.21867	-0.0615233	4.44089e-16	-3.22057	-4.21476	10.9104	0.190878	1.57181	-4.9158e-07	0.188724	0.127022	-2.0996	0.0183551	-0.000170045	2.9266e-08	
1.47	-0.275121	-4.6632	-5.42218	11.9524	0.0785153	1.60241	0.0228294	1.85964	-0.598928	0.440773	-1.78665	0.25679	1.24386	-0.0436375	0.219464	0.585675	0.546128	-0.143647	0.00756979	0.80061	0.597812	-11.0865	-4.47035	-16.1827	19.1927	-10.0732	-27.6566	1.2033	0.27158	4.63114	5.40974	-11.9376	-0.0791748	-1.60265	-0.0226696	1.8574	-0.604806	0.43524	-1.78513	0.256668	1.23573	-0.0496101	1.85504	-0.61072	0.429553	-1.7834	0.256444	1.22733	-0.0555715	-1.33227e-15	-3.3266	-4.22549	10.9625	0.190716	1.57114	-5.3266e-07	0.195953	0.134174	-2.10244	0.0175491	-0.000970024	2.8725e-08	
1.48	-0.26877	-4.86853	-5.46255	12.0521	0.0779827	1.60233	0.0235148	1.86178	-0.593104	0.446143	-1.78799	0.256814	1.25172	-0.0376551	0.208497	0.579238	0.529289	-0.126123	-0.00196695	0.772357	0.598621	-10.9673	-6.4373	-16.8383	17.5238	-9.53674	-28.2526	0.808358	0.265983	4.83197	5.44929	-12.0312	-0.0784983	-1.60149	-0.0233753	1.85964	-0.598928	0.440773	-1.78665	0.25679	1.24386	-0.0436375	1.8574	-0.604806	0.43524	-1.78513	0.256668	1.23573	-0.0496101	-4.44089e-16	-3.43026	-4.23412	11.0125	0.190523	1.57047	-5.5315e-07	0.202259	0.137465	-2.10806	0.0171715	-0.00245971	2.85885e-08	
1.49	-0.266817	-5.07245	-5.50893	12.1445	0.0763625	1.60123	0.0243398	1.8638	-0.587355	0.45134	-1.78915	0.256747	1.25928	-0.0316653	0.197887	0.571191	0.511885	-0.109196	-0.0106692	0.74327	0.599213	-10.6096	-8.04663	-17.4046	16.9277	-8.70228	-29.0871	0.592351	0.271256	5.0167	5.49932	-12.1156	-0.0763905	-1.60076	-0.0241371	1.86178	-0.593104	0.446143	-1.78799	0.256814	1.25172	-0.0376551	1.85964	-0.598928	0.440773	-1.78665	0.25679	1.24386	-0.0436375	4.44089e-16	-3.53134	-4.24075	11.0604	0.1903	1.56979	-6.46685e-07	0.210184	0.143866	-2.11027	0.0164249	-0.00121631	2.50203e-08	
1.5	-0.259519	-5.25666	-5.53493	12.2245	0.076353	1.59973	0.0248874	1.86573	-0.581699	0.456355	-1.79016	0.256595	1.26655	-0.0256728	0.188112	0.56076	0.492692	-0.0935793	-0.0188351	0.713348	0.599202	-9.77516	-10.4308	-19.1927	15.6164	-8.16584	-29.9215	-0.0112057	0.274178	5.20569	5.54631	-12.2014	-0.0745633	-1.60011	-0.0249047	1.8638	-0.587355	0.45134	-1.78915	0.256747	1.25928	-0.0316653	1.86178	-0.593104	0.446143	-1.78799	0.256814	1.25172	-0.0376551	-8.88178e-16	-3.62966	-4.24548	11.1061	0.190049	1.56911	-7.04511e-07	0.216252	0.149858	-2.11977	0.0160649	-0.00431482	2.60604e-08	
1.51	-0.259346	-5.44704	-5.57641	12.3104	0.0749344	1.59935	0.0256146	1.86756	-0.576156	0.461175	-1.79101	0.256364	1.27351	-0.0196849	0.179172	0.54872	0.472903	-0.079155	-0.0264645	0.682354	0.598341	-8.9407	-12.0401	-19.7887	14.4243	-7.62939	-30.9944	-0.860512	0.260065	5.41061	5.57016	-12.2959	-0.0750219	-1.59999	-0.0254743	1.86573	-0.581699	0.456355	-1.79016	0.256595	1.26655	-0.0256728	1.8638	-0.587355	0.45134	-1.78915	0.256747	1.25928	-0.0316653	4.44089e-16	-3.72501	-4.24843	11.1497	0.189771	1.56842	-7.76369e-07	0.22422	0.15364	-2.12533	0.0153002	-0.00461265	2.42614e-08	
1.52	-0.253915	-5.63206	-5.60568	12.3931	0.0746861	1.59872	0.0262175	1.8693	-0.570746	0.465791	-1.79173	0.256062	1.28016	-0.0137102	0.170469	0.534415	0.451922	-0.0661612	-0.0333786	0.651121	0.596644	-8.70228	-14.3051	-20.9808	12.9938	-6.91414	-31.2328	-1.69688	0.264475	5.58244	5.61016	-12.3686	-0.0735207	-1.59858	-0.0261696	1.86756	-0.576156	0.461175	-1.79101	0.256364	1.27351	-0.0196849	1.86573	-0.581699	0.456355	-1.79016	0.256595	1.26655	-0.0256728	4.44089e-16	-3.81722	-4.24973	11.1911	0.189469	1.56773	-8.38206e-07	0.231546	0.159562	-2.12629	0.0133773	-0.00398842	2.2201e-08	
1.53	-0.256589	-5.80855	-5.64459	12.4691	0.0731104	1.59807	0.0269227	1.87096	-0.565488	0.470191	-1.79233	0.255695	1.28649	-0.00775887	0.16284	0.518441	0.429958	-0.0540018	-0.0396073	0.618696	0.593744	-7.62939	-15.974	-21.9643	12.1594	-6.22868	-32.4249	-2.90012	0.258488	5.77477	5.64164	-12.4549	-0.0727747	-1.59842	-0.0268427	1.8693	-0.570746	0.465791	-1.79173	0.256062	1.28016	-0.0137102	1.86756	-0.576156	0.461175	-1.79101	0.256364	1.27351	-0.0196849	-1.77636e-15	-3.90612	-4.24949	11.2303	0.189146	1.56703	-9.25865e-07	0.238784	0.163657	-2.13375	0.0131782	-0.00510375	2.03576e-08	
1.54	-0.252594	-5.98862	-5.67379	12.5508	0.0725237	1.59831	0.0275313	1.87255	-0.5604	0.474363	-1.79281	0.25527	1.2925	-0.00184363	0.155807	0.500381	0.406623	-0.0435114	-0.0449121	0.585794	0.589492	-7.03333	-18.0602	-23.3352	10.4904	-5.30481	-32.9018	-4.25267	0.260338	5.95143	5.67932	-12.5326	-0.0714453	-1.59801	-0.0275492	1.87096	-0.565488	0.470191	-1.79233	0.255695	1.28649	-0.00775887	1.8693	-0.570746	0.465791	-1.79173	0.256062	1.28016	-0.0137102	-1.77636e-15	-3.99155	-4.24784	11.2674	0.188802	1.56634	-9.7779e-07	0.246524	0.170835	-2.14099	0.0113994	-0.00603529	1.70161e-08	
1.55	-0.246167	-6.1639	-5.69664	12.6245	0.0723274	1.59751	0.0281041	1.87408	-0.555503	0.478295	-1.79319	0.254793	1.29817	0.00402356	0.149727	0.480711	0.381947	-0.0337362	-0.0499487	0.552058	0.58407	-6.07967	-19.6696	-24.6763	9.77516	-5.03659	-33.7362	-5.4217	0.24709	6.13352	5.69369	-12.6125	-0.0722333	-1.59768	-0.0280351	1.87255	-0.5604	0.474363	-1.79281	0.25527	1.2925	-0.00184363	1.87096	-0.565488	0.470191	-1.79233	0.255695	1.28649	-0.00775887	4.44089e-16	-4.07333	-4.24491	11.3023	0.188441	1.56565	-1.06208e-06	0.253558	0.17315	-2.1436	0.0114235	-0.00510902	1.48622e-08	
1.56	-0.25611	-6.32627	-5.7419	12.6996	0.0699094	1.59881	0.0288215	1.87555	-0.550813	0.481975	-1.79348	0.254272	1.3035	0.00982682	0.144839	0.459015	0.356376	-0.0255108	-0.0539422	0.517249	0.577028	-4.88758	-21.6961	-25.5704	8.22544	-3.99351	-34.8091	-7.04199	0.252673	6.29995	5.7333	-12.6864	-0.0703859	-1.59821	-0.0287259	1.87408	-0.555503	0.478295	-1.79319	0.254793	1.29817	0.00402356	1.87255	-0.5604	0.474363	-1.79281	0.25527	1.2925	-0.00184363	-4.44089e-16	-4.15131	-4.24082	11.3351	0.188065	1.56496	-1.03172e-06	0.260882	0.180746	-2.14817	0.0105595	-0.00414521	1.17357e-08	
1.57	-0.24754	-6.49308	-5.7581	12.7674	0.0699282	1.59772	0.0293657	1.87697	-0.54635	0.485388	-1.79369	0.253713	1.30849	0.0155498	0.14019	0.43565	0.329196	-0.0180006	-0.0573099	0.48244	0.568306	-4.64916	-23.365	-27.1797	7.51018	-3.36766	-34.8091	-8.72183	0.239201	6.4678	5.74165	-12.7584	-0.0713296	-1.59808	-0.0291266	1.87555	-0.550813	0.481975	-1.79348	0.254272	1.3035	0.00982682	1.87408	-0.555503	0.478295	-1.79319	0.254793	1.29817	0.00402356	4.44089e-16	-4.22535	-4.2357	11.3656	0.187679	1.56428	-1.25805e-06	0.267481	0.183641	-2.15442	0.00835623	-0.00536254	9.26335e-09	
1.58	-0.242181	-6.65914	-5.78068	12.8436	0.0695787	1.59878	0.0299105	1.87835	-0.542131	0.488524	-1.79384	0.253123	1.31311	0.021176	0.136852	0.410438	0.300616	-0.0121593	-0.0600815	0.446677	0.557808	-3.33786	-25.2128	-28.5804	5.84126	-2.77162	-35.7628	-10.4979	0.242367	6.62573	5.77454	-12.8283	-0.0698892	-1.59864	-0.029767	1.87697	-0.54635	0.485388	-1.79369	0.253713	1.30849	0.0155498	1.87555	-0.550813	0.481975	-1.79348	0.254272	1.3035	0.00982682	-4.44089e-16	-4.2953	-4.22967	11.3939	0.187281	1.56361	-1.30863e-06	0.275513	0.190853	-2.15917	0.00765266	-0.00386596	5.37654e-09	
1.59	-0.238133	-6.81048	-5.79959	12.9061	0.0693802	1.5983	0.0304315	1.8797	-0.538173	0.49137	-1.79393	0.252508	1.31738	0.0266857	0.133991	0.383437	0.270933	-0.00691414	-0.0625551	0.410438	0.545183	-2.86102	-27.0009	-29.6831	5.24521	-2.4736	-36.2396	-12.625	0.237581	6.79088	5.79855	-12.9015	-0.0693283	-1.59911	-0.0303735	1.87835	-0.542131	0.488524	-1.79384	0.253123	1.31311	0.021176	1.87697	-0.54635	0.485388	-1.79369	0.253713	1.30849	0.0155498	4.44089e-16	-4.36102	-4.22287	11.42	0.186878	1.56294	-1.33799e-06	0.278903	0.194474	-2.16229	0.00813831	-0.00393563	5.52886e-09	
1.6	-0.238034	-6.96198	-5.82636	12.9731	0.0681234	1.59909	0.0310371	1.88103	-0.534494	0.49391	-1.79397	0.251876	1.32128	0.0320603	0.132203	0.354886	0.240028	-0.00286102	-0.0637472	0.373244	0.530686	-1.78814	-28.5506	-30.905	4.05312	-1.19209	-37.1933	-14.497	0.240384	6.92842	5.82325	-12.9568	-0.0681845	-1.5987	-0.0309252	1.8797	-0.538173	0.49137	-1.79393	0.252508	1.31738	0.0266857	1.87835	-0.542131	0.488524	-1.79384	0.253123	1.31311	0.021176	-4.44089e-16	-4.42237	-4.2154	11.4439	0.186472	1.56229	-1.55786e-06	0.288163	0.202582	-2.16829	0.00560896	-0.0040191	2.60149e-09	
1.61	-0.236323	-7.10187	-5.84662	13.0344	0.0674781	1.59989	0.0315277	1.88235	-0.531111	0.496136	-1.79399	0.251232	1.3248	0.0372801	0.131249	0.324547	0.207633	0.000238419	-0.064671	0.335216	0.514392	-0.953674	-30.3388	-32.3951	3.09944	-0.923872	-38.0278	-16.2944	0.23588	7.07775	5.84303	-13.0253	-0.0677135	-1.60008	-0.0314276	1.88103	-0.534494	0.49391	-1.79397	0.251876	1.32128	0.0320603	1.8797	-0.538173	0.49137	-1.79393	0.252508	1.31738	0.0266857	-8.88178e-16	-4.4792	-4.2074	11.4655	0.186063	1.56166	-1.57677e-06	0.294083	0.207445	-2.17225	0.00526376	-0.0028631	1.26499e-10	
1.62	-0.230958	-7.15876	-5.82352	13.0507	0.0698253	1.60016	0.0311487	1.88366	-0.528038	0.498033	-1.79397	0.250582	1.32794	0.0423231	0.130892	0.293076	0.174731	0.00226498	-0.0651777	0.29707	0.495788	-0.357628	-31.4712	-32.9018	2.02656	-0.506639	-38.1469	-18.6041	0.241683	7.15347	5.84685	-13.0516	-0.0677626	-1.60034	-0.0314555	1.88235	-0.531111	0.496136	-1.79399	0.251232	1.3248	0.0372801	1.88103	-0.534494	0.49391	-1.79397	0.251876	1.32128	0.0320603	0	-4.53141	-4.19896	11.4849	0.185657	1.56104	-1.58941e-06	0.294494	0.210281	-2.17714	0.00384904	-0.00360596	-1.63644e-09	
1.63	-0.218543	-7.06996	-5.72222	12.9791	0.0768982	1.59772	0.0292875	1.88497	-0.52528	0.499601	-1.79394	0.249932	1.33071	0.0471756	0.13113	0.261843	0.142336	0.00393391	-0.0649095	0.259638	0.476524	0.238419	-31.2328	-32.3951	1.66893	0.268221	-37.4317	-19.2635	0.216206	7.10454	5.74231	-13.0055	-0.0758438	-1.59895	-0.0297089	1.88366	-0.528038	0.498033	-1.79397	0.250582	1.32794	0.0423231	1.88235	-0.531111	0.496136	-1.79399	0.251232	1.3248	0.0372801	-4.44089e-16	-4.57899	-4.19019	11.502	0.185254	1.56045	-1.59961e-06	0.28163	0.20024	-2.16232	0.0026712	-0.000525469	-3.97345e-09	
1.64	-0.18968	-6.90065	-5.5593	12.8579	0.0884711	1.59284	0.0264612	1.88628	-0.522828	0.500851	-1.79389	0.249284	1.33312	0.0518352	0.131845	0.232041	0.111222	0.00488758	-0.0645369	0.225663	0.457283	0.715256	-29.8023	-31.1136	0.953674	0.372529	-33.9747	-19.2411	0.200486	6.93716	5.60121	-12.8859	-0.0854473	-1.59442	-0.0271132	1.88497	-0.52528	0.499601	-1.79394	0.249932	1.33071	0.0471756	1.88366	-0.528038	0.498033	-1.79397	0.250582	1.32794	0.0423231	8.88178e-16	-4.62218	-4.18117	11.5171	0.184857	1.55987	-1.70979e-06	0.256281	0.184764	-2.1478	0.00231772	-0.00103507	-5.49071e-09	
1.65	-0.165516	-6.71739	-5.40115	12.7386	0.0996498	1.59014	0.0235304	1.88761	-0.520659	0.501808	-1.79384	0.248641	1.3352	0.0563066	0.133038	0.20504	0.0833273	0.00488758	-0.0639707	0.194907	0.438824	1.19209	-27.0009	-27.895	0	0.566244	-30.756	-18.4588	0.177243	6.74344	5.43895	-12.7555	-0.0968286	-1.59037	-0.0241323	1.88628	-0.522828	0.500851	-1.79389	0.249284	1.33312	0.0518352	1.88497	-0.52528	0.499601	-1.79394	0.249932	1.33071	0.0471756	0	-4.66134	-4.17198	11.5303	0.184467	1.55932	-1.7568e-06	0.227769	0.164752	-2.12712	0.00159031	-0.00120516	-4.97532e-09	
1.66	-0.156628	-6.49681	-5.25373	12.5982	0.109375	1.58677	0.0205772	1.88894	-0.518746	0.502502	-1.79379	0.248005	1.33699	0.0605957	0.134706	0.180602	0.0584722	0.00488758	-0.0634491	0.16737	0.420995	1.66893	-24.4379	-24.8551	0	0.521541	-27.5373	-17.8292	0.154318	6.54443	5.27787	-12.6269	-0.10791	-1.58731	-0.0211256	1.88761	-0.520659	0.501808	-1.79384	0.248641	1.3352	0.0563066	1.88628	-0.522828	0.500851	-1.79389	0.249284	1.33312	0.0518352	-8.88178e-16	-4.69689	-4.16269	11.5419	0.184084	1.55878	-1.66055e-06	0.203551	0.147926	-2.10882	-0.000684341	0.000114615	-6.92193e-09	
1.67	-0.12289	-6.3028	-5.08067	12.4711	0.121507	1.58327	0.0175074	1.8903	-0.517061	0.50296	-1.79375	0.247375	1.33853	0.0647101	0.136018	0.159144	0.0360012	0.00452995	-0.062719	0.143409	0.403739	1.3113	-21.4577	-22.4709	-0.357628	0.730157	-23.9611	-17.2555	0.129798	6.34308	5.11598	-12.498	-0.118981	-1.58413	-0.0181352	1.88894	-0.518746	0.502502	-1.79379	0.248005	1.33699	0.0605957	1.88761	-0.520659	0.501808	-1.79384	0.248641	1.3352	0.0563066	-1.33227e-15	-4.72928	-4.15331	11.552	0.183711	1.55827	-1.69044e-06	0.175233	0.12767	-2.08987	-0.00115709	0.000390028	-6.74085e-09	
1.68	-0.103032	-6.11276	-4.93463	12.3462	0.131305	1.57946	0.0148009	1.89166	-0.515575	0.503213	-1.7937	0.246753	1.33985	0.0686566	0.137329	0.140488	0.0168681	0.00429153	-0.062108	0.123024	0.387244	1.3113	-18.6562	-19.1331	-0.238419	0.610951	-20.3848	-16.4956	0.106301	6.15769	4.96575	-12.3801	-0.129306	-1.58153	-0.0153433	1.8903	-0.517061	0.50296	-1.79375	0.247375	1.33853	0.0647101	1.88894	-0.518746	0.502502	-1.79379	0.248005	1.33699	0.0605957	8.88178e-16	-4.75892	-4.14389	11.5608	0.183348	1.55778	-1.7112e-06	0.150798	0.108929	-2.0734	-0.00122928	0.00127425	-8.63241e-09	
1.69	-0.0827028	-5.9415	-4.79871	12.2386	0.140484	1.57719	0.0122697	1.89305	-0.514262	0.503288	-1.79367	0.246136	1.34098	0.0724402	0.13876	0.124156	5.96046e-05	0.00345707	-0.0612885	0.105619	0.370957	1.43051	-16.3317	-16.8085	-0.834465	0.819564	-17.4046	-16.287	0.0972174	5.98035	4.84495	-12.2693	-0.13717	-1.57934	-0.012928	1.89166	-0.515575	0.503213	-1.7937	0.246753	1.33985	0.0686566	1.8903	-0.517061	0.50296	-1.79375	0.247375	1.33853	0.0647101	0	-4.78618	-4.13445	11.5686	0.182994	1.5573	-1.68572e-06	0.128655	0.0946066	-2.05758	-0.00228234	0.00202562	-9.67981e-09	
1.7	-0.0639214	-5.80241	-4.68186	12.1501	0.148438	1.57555	0.0100973	1.89444	-0.513097	0.50321	-1.79364	0.245526	1.34196	0.0760634	0.140071	0.110507	-0.0140667	0.00274181	-0.0608414	0.0907183	0.355236	1.3113	-13.6495	-14.1263	-0.715256	0.447035	-14.9012	-15.7207	0.076252	5.81547	4.71229	-12.1592	-0.146035	-1.5755	-0.0105531	1.89305	-0.514262	0.503288	-1.79367	0.246136	1.34098	0.0724402	1.89166	-0.515575	0.503213	-1.7937	0.246753	1.33985	0.0686566	-1.33227e-15	-4.81142	-4.125	11.5755	0.182652	1.55684	-1.69684e-06	0.106439	0.0785872	-2.03907	-0.00259591	0.00322907	-9.99322e-09	
1.71	-0.0602303	-5.6627	-4.59061	12.0611	0.153933	1.57361	0.00825317	1.89585	-0.512058	0.503004	-1.79361	0.244921	1.34279	0.0795299	0.141621	0.0987649	-0.0260472	0.00226498	-0.060305	0.0780821	0.339627	1.54972	-11.7421	-11.9805	-0.476837	0.536442	-12.6362	-15.609	0.0630695	5.69146	4.61263	-12.0818	-0.152622	-1.57446	-0.00864895	1.89444	-0.513097	0.50321	-1.79364	0.245526	1.34196	0.0760634	1.89305	-0.514262	0.503288	-1.79367	0.246136	1.34098	0.0724402	0	-4.83495	-4.11555	11.5816	0.182322	1.55641	-1.67467e-06	0.0917733	0.0678579	-2.02288	-0.00273161	0.00713209	-1.29705e-08	
1.72	-0.0521948	-5.55633	-4.5088	11.9955	0.1591	1.57299	0.00665081	1.89728	-0.511127	0.502686	-1.79359	0.244321	1.34352	0.08284	0.142932	0.0888705	-0.03618	0.00143051	-0.0597835	0.0675917	0.324078	1.3113	-9.89437	-10.1328	-0.834465	0.521541	-10.4904	-15.5494	0.050717	5.57485	4.51901	-12.0081	-0.15879	-1.5732	-0.00687678	1.89585	-0.512058	0.503004	-1.79361	0.244921	1.34279	0.0795299	1.89444	-0.513097	0.50321	-1.79364	0.245526	1.34196	0.0760634	4.44089e-16	-4.85705	-4.1061	11.587	0.182005	1.55599	-1.62782e-06	0.0752887	0.055885	-2.01742	-0.00393805	0.00477068	-1.2595e-08	
1.73	-0.0321588	-5.47018	-4.41767	11.9362	0.165166	1.57125	0.00513038	1.89871	-0.510285	0.502275	-1.79358	0.243725	1.34415	0.0859935	0.143647	0.0804663	-0.0450015	0.000834465	-0.0592917	0.0590086	0.308312	0.715256	-8.40425	-8.82148	-0.596046	0.491738	-8.58307	-15.7654	0.0407805	5.48303	4.44131	-11.9461	-0.163432	-1.57163	-0.00547003	1.89728	-0.511127	0.502686	-1.79359	0.244321	1.34352	0.08284	1.89585	-0.512058	0.503004	-1.79361	0.244921	1.34279	0.0795299	0	-4.87794	-4.09666	11.592	0.181702	1.55558	-1.66391e-06	0.0629551	0.0469909	-2.00751	-0.00397519	0.00593406	-1.29287e-08	
1.74	-0.0296834	-5.38966	-4.35849	11.8843	0.168668	1.57032	0.00396726	1.90015	-0.50952	0.501786	-1.79358	0.243132	1.3447	0.0889913	0.144839	0.0734329	-0.0522137	0.000238419	-0.0592023	0.051856	0.292592	1.19209	-7.03334	-7.21216	-0.596046	0.089407	-7.15256	-15.7207	0.0334988	5.39756	4.3719	-11.8872	-0.167688	-1.56971	-0.00420892	1.89871	-0.510285	0.502275	-1.79358	0.243725	1.34415	0.0859935	1.89728	-0.511127	0.502686	-1.79359	0.244321	1.34352	0.08284	1.33227e-15	-4.8978	-4.08723	11.5965	0.181412	1.5552	-1.6626e-06	0.0520878	0.0399318	-1.99906	-0.00520131	0.00652894	-1.45787e-08	
1.75	-0.0287219	-5.32892	-4.31129	11.847	0.171289	1.57052	0.00300749	1.90161	-0.508819	0.50123	-1.79358	0.242543	1.34518	0.0918321	0.145793	0.0675321	-0.0581145	-0.000476837	-0.0589043	0.0456572	0.27702	0.953674	-5.90086	-5.90086	-0.715256	0.298023	-6.19888	-15.5717	0.0262789	5.34143	4.31646	-11.8511	-0.17098	-1.56966	-0.00319786	1.90015	-0.50952	0.501786	-1.79358	0.243132	1.3447	0.0889913	1.89871	-0.510285	0.502275	-1.79358	0.243725	1.34415	0.0859935	0	-4.91684	-4.07782	11.6007	0.181138	1.55484	-1.64119e-06	0.0440319	0.0325911	-1.99393	-0.00514957	0.00675627	-1.53466e-08	
1.76	-0.019796	-5.27663	-4.25543	11.8058	0.174533	1.56865	0.0021137	1.90307	-0.508171	0.500619	-1.79358	0.241955	1.34561	0.0945153	0.146508	0.0627041	-0.0633597	-0.000596046	-0.0588894	0.0406504	0.260957	0.715256	-4.82798	-5.24521	-0.119209	0.0149012	-5.00679	-16.0635	0.0247551	5.28736	4.27173	-11.8145	-0.173326	-1.56902	-0.00236075	1.90161	-0.508819	0.50123	-1.79358	0.242543	1.34518	0.0918321	1.90015	-0.50952	0.501786	-1.79358	0.243132	1.3447	0.0889913	8.88178e-16	-4.93517	-4.06841	11.6045	0.180878	1.5545	-1.66396e-06	0.0397962	0.0301086	-1.98821	-0.00646121	0.00907871	-1.87668e-08	
1.77	-0.0290855	-5.22436	-4.22933	11.7692	0.174975	1.56759	0.00154638	1.90454	-0.507567	0.499961	-1.79359	0.24137	1.34599	0.0970394	0.147462	0.0585914	-0.0674129	-0.000834465	-0.0583678	0.0367165	0.245273	0.953674	-4.11272	-4.05312	-0.238419	0.521541	-3.9339	-15.6835	0.0227657	5.23171	4.22593	-11.7756	-0.175551	-1.56799	-0.00154417	1.90307	-0.508171	0.500619	-1.79358	0.241955	1.34561	0.0945153	1.90161	-0.508819	0.50123	-1.79358	0.242543	1.34518	0.0918321	0	-4.95291	-4.05902	11.6081	0.180633	1.55417	-1.63583e-06	0.0296135	0.0240597	-1.98264	-0.00605773	0.00825028	-1.709e-08	
1.78	-0.0160549	-5.19897	-4.17985	11.7477	0.178045	1.56685	0.000849833	1.90601	-0.507001	0.499265	-1.7936	0.240786	1.34634	0.0994048	0.14782	0.0550747	-0.0712276	-0.0013113	-0.0582784	0.0333786	0.229448	0.357628	-3.51667	-3.8147	-0.476837	0.089407	-3.33786	-15.825	0.0191054	5.21111	4.19362	-11.7588	-0.177259	-1.56775	-0.00103273	1.90454	-0.507567	0.499961	-1.79359	0.24137	1.34599	0.0970394	1.90307	-0.508171	0.500619	-1.79358	0.241955	1.34561	0.0945153	4.44089e-16	-4.97017	-4.04964	11.6115	0.180404	1.55387	-1.69918e-06	0.0248573	0.0204999	-1.97987	-0.00635359	0.00835543	-1.82662e-08	
1.79	-0.00991154	-5.18591	-4.14716	11.7365	0.179738	1.56725	0.00035811	1.9075	-0.506465	0.498535	-1.79362	0.240203	1.34666	0.101611	0.148416	0.0523329	-0.0742972	-0.00178814	-0.0582486	0.0301599	0.213452	0.596046	-2.74181	-3.06964	-0.476837	0.0298023	-3.21865	-15.9964	0.00687935	5.18981	4.14736	-11.7377	-0.179909	-1.56671	-0.000420484	1.90601	-0.507001	0.499265	-1.7936	0.240786	1.34634	0.0994048	1.90454	-0.507567	0.499961	-1.79359	0.24137	1.34599	0.0970394	8.88178e-16	-4.98704	-4.04027	11.6148	0.180191	1.55358	-1.61878e-06	0.0216063	0.0152375	-1.97512	-0.00577308	0.00950142	-1.82641e-08	
1.8	-0.00880463	-5.16976	-4.12141	11.7233	0.180671	1.56715	-1.94322e-05	1.90898	-0.505956	0.497777	-1.79364	0.239622	1.34695	0.103659	0.149012	0.0498891	-0.07689	-0.00226498	-0.0580102	0.027895	0.197694	0.596046	-2.44379	-2.5928	-0.476837	0.238419	-2.26498	-15.758	0.00600898	5.16996	4.12031	-11.7218	-0.180928	-1.5666	2.94144e-06	1.9075	-0.506465	0.498535	-1.79362	0.240203	1.34666	0.101611	1.90601	-0.507001	0.499265	-1.7936	0.240786	1.34634	0.0994048	0	-5.00357	-4.03091	11.6179	0.179993	1.55332	-1.70185e-06	0.017569	0.0135592	-1.97126	-0.0059751	0.010405	-1.83436e-08	
1.81	-0.00640369	-5.1497	-4.09207	11.7007	0.181852	1.56525	-0.00037258	1.91047	-0.505469	0.496996	-1.79366	0.239041	1.34722	0.105548	0.149131	0.0478029	-0.0789761	-0.00214577	-0.0581443	0.0259876	0.18198	0.119209	-2.08616	-2.08616	0.119209	-0.13411	-1.90735	-15.7133	0.00351924	5.16024	4.09538	-11.7096	-0.18192	-1.56595	0.000309634	1.90898	-0.505956	0.497777	-1.79364	0.239622	1.34695	0.103659	1.9075	-0.506465	0.498535	-1.79362	0.240203	1.34666	0.101611	-8.88178e-16	-5.01982	-4.02156	11.6209	0.179811	1.55307	-1.66613e-06	0.0138696	0.0105473	-1.97008	-0.00614355	0.00920865	-1.71937e-08	
1.82	0.0010877	-5.15788	-4.06706	11.7009	0.182903	1.56537	-0.000592676	1.91197	-0.504999	0.496195	-1.79368	0.238461	1.34747	0.107281	0.149608	0.0463128	-0.0809133	-0.0026226	-0.0579804	0.0245571	0.166394	0.476837	-1.49012	-1.93715	-0.476837	0.163913	-1.43051	-15.5866	0.0117247	5.14227	4.08415	-11.6944	-0.18155	-1.56538	0.000496722	1.91047	-0.505469	0.496996	-1.79366	0.239041	1.34722	0.105548	1.90898	-0.505956	0.497777	-1.79364	0.239622	1.34695	0.103659	-8.88178e-16	-5.03586	-4.01221	11.6239	0.179645	1.55285	-1.70299e-06	0.0117695	0.0102661	-1.96932	-0.00618162	0.00906612	-1.76236e-08	
1.83	-0.00867233	-5.14212	-4.05951	11.6892	0.182262	1.56526	-0.000736054	1.91347	-0.504545	0.495377	-1.79371	0.237881	1.34771	0.108862	0.150323	0.0447035	-0.0824332	-0.00298023	-0.0579655	0.0232458	0.151291	0.715256	-1.60933	-1.51992	-0.357628	0.0149012	-1.3113	-15.1023	0.0162229	5.14681	4.07699	-11.6956	-0.18118	-1.56604	0.000569871	1.91197	-0.504999	0.496195	-1.79368	0.238461	1.34747	0.107281	1.91047	-0.505469	0.496996	-1.79366	0.239041	1.34722	0.105548	-4.44089e-16	-5.0517	-4.00288	11.6267	0.179493	1.55264	-1.6136e-06	0.00899206	0.011481	-1.97271	-0.00698194	0.00705484	-1.67388e-08	
1.84	-0.00806578	-5.14408	-4.04303	11.6837	0.182453	1.56468	-0.000850381	1.91497	-0.504104	0.494544	-1.79374	0.237301	1.34793	0.110292	0.150561	0.043571	-0.0836551	-0.00309944	-0.0579506	0.0220537	0.13613	0.238419	-1.13249	-1.2219	-0.119209	0.0149012	-1.19209	-15.1619	0.00792918	5.14607	4.04697	-11.6875	-0.182416	-1.5651	0.000819567	1.91347	-0.504545	0.495377	-1.79371	0.237881	1.34771	0.108862	1.91197	-0.504999	0.496195	-1.79368	0.238461	1.34747	0.107281	-8.88178e-16	-5.06739	-3.99354	11.6295	0.179357	1.55246	-1.64412e-06	0.00776451	0.00812779	-1.96816	-0.00665566	0.00865326	-1.76444e-08	
1.85	-0.00449604	-5.1463	-4.022	11.6757	0.182982	1.56332	-0.000962864	1.91648	-0.503674	0.493699	-1.79377	0.236722	1.34815	0.111576	0.1508	0.0426173	-0.084877	-0.00309944	-0.0579804	0.0213385	0.122018	0.238419	-0.953674	-1.2219	0	-0.0298023	-0.715256	-14.1114	0.00208973	5.15074	4.02336	-11.6824	-0.183225	-1.56421	0.000972369	1.91497	-0.504104	0.494544	-1.79374	0.237301	1.34793	0.110292	1.91347	-0.504545	0.495377	-1.79371	0.237881	1.34771	0.108862	1.77636e-15	-5.08295	-3.98422	11.6323	0.179236	1.55229	-1.67785e-06	0.00709907	0.00607618	-1.96843	-0.00611855	0.00803278	-1.73379e-08	
1.86	-0.00166669	-5.15219	-4.00378	11.671	0.183263	1.56244	-0.00104328	1.91799	-0.503252	0.492843	-1.7938	0.236143	1.34836	0.112718	0.151038	0.0418425	-0.0859201	-0.00309944	-0.0579953	0.0203848	0.107966	0.238419	-0.77486	-1.04308	0	-0.0149012	-0.953674	-14.0518	-0.00589977	5.15827	3.99761	-11.6792	-0.184205	-1.56353	0.00113665	1.91648	-0.503674	0.493699	-1.79377	0.236722	1.34815	0.111576	1.91497	-0.504104	0.494544	-1.79374	0.237301	1.34793	0.110292	-8.88178e-16	-5.09841	-3.9749	11.6351	0.179129	1.55214	-1.66997e-06	0.00499888	0.00374538	-1.96641	-0.0061826	0.00749169	-1.54055e-08	
1.87	-0.00305806	-5.15316	-3.9902	11.6652	0.182967	1.56173	-0.00108652	1.91951	-0.502839	0.491978	-1.79384	0.235564	1.34856	0.113723	0.151515	0.0410676	-0.0869632	-0.00321865	-0.0577569	0.0196695	0.094533	0.476837	-0.77486	-1.04308	-0.119209	0.238419	-0.715256	-13.4334	0.00338951	5.15672	3.99563	-11.6709	-0.183033	-1.56253	0.00107034	1.91799	-0.503252	0.492843	-1.7938	0.236143	1.34836	0.112718	1.91648	-0.503674	0.493699	-1.79377	0.236722	1.34815	0.111576	-4.44089e-16	-5.11378	-3.96558	11.6378	0.179036	1.55201	-1.65632e-06	0.00596435	0.00502205	-1.96276	-0.00573688	0.00878494	-1.59336e-08	
